Temperature,  F    <E>     <E^2>    Cv    Chi    entropy
============================================
0.025119   -11.120094   -20722936608184683241041887457101309440202876692638520031105319997912978814796195606015206441813272112659065939356249190268280110577099726106026875337967298310656354854508824990098018936918376448.000000    235072383664932608745236559276625079829183994756068991759763526823811385088402791419387361853849305840841859374985656590474361310197858182895386749012210615015994639475705903552078193170390712320.000000    0.275481   0.163669     -824994965864356472407635634374688372339967127257915549874400071452500430091543242190096413475301060142030436289738801341268941659809105216325310576023602130542845372752747859624071342433369063424.000000
0.027855   -11.095378   -1116069623336608749448913212915908538615510972480076038340654281424224439133035852645888138789800780042964315915789595590837480225574912214160356212231173567660082062205911040.000000    12659465937595545469164365144393326342805056025008932368798535087398656098068537056087062225377227731143360669314014705125676293173181608660164288097409614565155702947488727040.000000    0.227993   0.134068     -40067599924389204973538867026594933565996036483606512685626273177903392595280764975353076470127091332323342421535075707610793718342827276330953421154226099689777224379082473472.000000
0.030888   -11.068411   -4760573940717805557790073342894861199007853549308785780322418215816366583541944060602823753529037718160713874304014031829749718028280455060285553147448918016.000000    53995721144430297826293624206507354562042381774227242111430903582347205201101586877188520395141081120220988013116797438138859882124833499795188512842579968000.000000    0.188564   0.109618     -154121560125174823627413222111413404316305544064249570488969735348678026630201661145706698037706853439788450255372650950614942610410907052331592289011892224000.000000
0.034253   -11.041538   -1127424264370918677162571950020865677757462469623186634436610768645953181750170116436545694858605610876623554276194701123241498258893059391488.000000    12786899806806657559143413533719783013848696841308890699838936294119109950524391183426952788922583005822575628246163189370327776513321024356352.000000    0.155780   0.083359     -32914972751427685688801161002830845539913536461231777327298705368934825604122475539645599075400221727031939789269471936648331564807923200688128.000000
0.037983   -10.997635   -6309042067817143781516848768089052981232186715587877942678006681153986054149296073241693244850985741164436997603569808537812992.000000    71551923811032630347680961162219564116701646481783286268331162749413859860925657246039744307165486787000626797712432135892107264.000000    0.129115   0.093813     -166100747344484746998352268685353940906380030306379119648874506717477633492677030293503413125204952469451092559238697359337586688.000000
0.042120   -10.968843   -1421479327833138972935351256389012514994945623983706617654951412280982188848575382573855922233768238133895904624640.000000    16120544513313560327977115630637214768963824827682926780571073857278156061157327266727265830308355086446641285169152.000000    0.106880   0.065066     -33748210735897903194550554722936613834026174443532703439038022090517458895330394642112776710111352280150419687079936.000000
0.046708   -10.925977   -4425877767650136713524676173580533500793387635081122487917652452811967464500134865457626395431741161472.000000    50190487127223243514251181643194629565883757871729052532808649028457844790619112212356602224139204296704.000000    0.089955   0.058921     -94757078094435011410506315335013294772894971883801651591207089676831870542500829338569042478644005437440.000000
0.051795   -10.875988   -177348113862970067265348286900799558669206193404763813871999599298216706164749469736511733760.000000    2011093207449173628988465937032313580476903790327553062911237901048552268125728581133640138752.000000    0.079365   0.056603     -3424056006569578158627966732398860347876826807400350032656168642880252335716162845699450339328.000000
0.057436   -10.834293   -94779620520908432636560012542722588058530356235852269229357714242605611359118819328.000000    1074743815256026284009609532081853824008365826822677939215534190344044196916042399744.000000    0.071852   0.043289     -1650179896867066676407022846649345089265354139283892808833749508916662520310497542144.000000
0.063692   -10.783402   -383302366477622626488548210804199036655366530588534163954906884604768026624.000000    4346246490000456072788797516336715356609330811044906137135580350679162552320.000000    0.074943   0.038139     -6018106484788335111123110738338036154104427822799081208816854168759332503552.000000
0.070628   -10.711873   -8353856179668456798709510469792795467062569913721179442543077621760.000000    94718823539849258508831531989257014079139966559287552326888576778240.000000    0.097924   0.044757     -118278934156094306273845151544005816305718218446993412143093829861376.000000
0.078321   -10.641676   -1156947305829423762864687048465724128452294270546869718351872.000000    13116859027505623720548189490500072326170106092821877912240128.000000    0.136463   0.049502     -14771888744151734377490492539385942079250593899512744286093312.000000
0.086851   -10.578217   -891827360536351963041104546687385749024518823999438848.000000    10110074498311608248397853536013143908852115063722475520.000000    0.179470   0.056667     -10268459199149928261630825672043705765956695630406483968.000000
0.096310   -10.499103   -2501342343549072358579381389884217856511778488320.000000    28350703310566893194737975971785670705879871127552.000000    0.270435   0.068804     -25971657419900530444074760681144302193935858532352.000000
0.106800   -10.396493   -21420242434181252144051532229307456118849536.000000    242712940156538607270966951047775750371409920.000000    0.375796   0.104616     -200563986512137622969639859545368042164715520.000000
0.118432   -10.294783   -638795224562589693218283074805064269824.000000    7234859937434355909178844231022212546560.000000    0.516928   0.151438     -5393768132745390012540957975520510738432.000000
0.131331   -10.189108   -55950494864228806081478407848198144.000000    633291720654000296175641381469945856.000000    0.649491   0.195391     -426026471458492465649065652780007424.000000
0.145635   -10.066895   -11846829324313717497379883581440.000000    133966553899593918556361954689024.000000    0.806674   0.243450     -81346116725030324259680566640640.000000
0.161497   -9.917865   -5294802329425773933572915200.000000    59811504558417291069643292672.000000    0.910453   0.357366     -32785852895785775988505313280.000000
0.179086   -9.759308   -5234866025763741907288064.000000    59018952573051492120920064.000000    1.104790   0.428594     -29231045362959201276526592.000000
0.198591   -9.637284   -13403118427817872719872.000000    150994241222474828087296.000000    1.035105   0.401439     -67491125605413538496512.000000
0.220220   -9.470914   -53526672642351661056.000000    602278969977988710400.000000    1.030428   0.466599     -243059782245031084032.000000
0.244205   -9.253219   -320277393679909120.000000    3592417181092900352.000000    1.211309   0.624368     -1311508723519799808.000000
0.270803   -9.056063   -3730712629829378.500000    41729157897259160.000000    1.317095   0.682416     -13776494912733896.000000
0.300297   -8.813103   -62006444408864.687500    691334437914969.500000    1.485495   0.736491     -206483716378087.500000
0.333004   -8.547965   -1556140034673.692139    17249128139524.373047    1.776898   0.826945     -4673042128667.270508
0.369272   -8.331004   -69315688012.219482    766728092682.760620    1.889476   0.761975     -187708785376.453613
0.409492   -8.001702   -3341769238.613111    36563467286.177223    2.389179   0.910847     -8160777890.882037
0.454091   -7.699348   -249444511.965011    2706300705.139140    2.761302   0.947821     -549327173.707477
0.503548   -7.327160   -22123278.060496    236296496.882209    3.285391   1.103512     -43934786.238889
0.558391   -6.995183   -2881539.722378    30426178.245037    3.704556   1.115918     -5160416.806315
0.619208   -6.653315   -474445.840217    4924176.420444    4.049861   1.160909     -766202.947338
0.686649   -6.253041   -89180.646499    900599.368808    4.316983   1.208826     -129868.992145
0.761435   -5.857946   -20947.235994    205843.125324    4.570641   1.305710     -27502.527271
0.844366   -5.512004   -6325.894516    60761.321990    4.630932   1.265187     -7485.361007
0.936329   -5.095202   -2020.132422    18598.764301    4.542647   1.362468     -2152.060622
1.038309   -4.717656   -780.099897    6915.952560    4.379032   1.395462     -746.774224
1.151395   -4.369134   -348.015968    2962.981966    4.054496   1.396116     -298.461184
1.276799   -4.022657   -171.782128    1407.776691    3.782555   1.389946     -131.390692
1.415860   -3.675320   -91.675189    718.933964    3.426624   1.398380     -62.152931
1.570068   -3.358500   -53.807653    404.628875    3.041802   1.384362     -32.131834
1.741070   -3.059796   -33.879044    244.962730    2.673359   1.362848     -17.701323
1.930698   -2.784170   -22.778766    159.711653    2.348732   1.324385     -10.356150
2.140978   -2.531571   -16.122265    109.863412    2.018732   1.280441     -6.347890
2.374161   -2.290583   -11.819632    78.621942    1.716224   1.233824     -4.013649
2.632741   -2.071833   -8.996558    58.813328    1.442786   1.183590     -2.630234
2.919484   -1.867350   -7.040412    45.634298    1.206057   1.130402     -1.771909
3.237458   -1.688604   -5.661927    36.608783    0.995620   1.066698     -1.227297
3.590063   -1.516742   -4.632835    30.321222    0.826554   1.005735     -0.867977
3.981072   -1.373981   -3.880982    25.866280    0.679154   0.941942     -0.629730
