Temperature,  F    <E>     <E^2>    Cv    Chi    entropy
============================================
0.025119   -11.116427   -17898771607361507126491496409171020011618242827275189525600893926207312795414442114058223789744875434388296642075874009850685092959293804687537605589567875319985048687946572907772969846877192192.000000    202933124892259124240667015108009336674727414072243216896044626014227897275364420592481862086216615787164191902908750326958138577462852414957068149171900089086867109233422961187647425819225096192.000000    0.039858   0.007092     -712562932098967906510134399693082178786043272525787108804105160783510164819695747569942671479858007621697556508895568700517926985017335859400932523649172402688316073709464136097825994129008492544.000000
0.027465   -11.095495   -320163663957977942750396747157246604596543760510849352559193019888029311690128020709750942661367785617752554923797921696352548633988186096958749911425722009736747295726276444160.000000    3629932007292748582871184227087916262049241583574845865953317065482313923406726985043848338044924400153837030390468997670562635919593833582602869817147857765797537819258639089664.000000    0.033186   0.005822     -11657261294793219606977490330741761183726345530002595668791403675610262024674697387311646833058215321620289351741578358915235923425848754279436104728231349853554702914524318531584.000000
0.030030   -11.074691   -165396650815401855405078784215311799354844884238480293600310018017331196446661772829938535365979036101126337263947254097479644954696913847010215887820535080419328.000000    1875211162740213388896123497693222189405383959259816185730203785237596125684200848690216219850900934900699252663686972943888826833367357826242989200950323293716480.000000    0.027666   0.004529     -5507768662183504060010007008919064041155304411920111648415574904896501997433288540166557942653416510168262640529349552569785853503325511351057704385620344504844288.000000
0.032834   -11.046928   -1482653057046157082097271606189995704577041476497918922164778166830265953228884871890775384753263922644637673577884956867040682220647997397675278336.000000    16809712829806460332295016888425584344453337475755732804085243575300818828088370377598149126630076668726351666444342135620195597364791493300320206848.000000    0.023110   0.004165     -45155744470649298814573828066654528794776789499649804621658527918743182788462370123616183399882848547365952284843465745782036695778223199556139483136.000000
0.035901   -11.019630   -229294991025200415490164386049089522395491226713324822522483673174283080890516262008578713809565115772752070205809859311512515254419456.000000    2599637790195445667627018186113069975339520888898667769806178278894777542431915030347112081387348564463369214805194611569072185865666560.000000    0.019353   0.003538     -6386935447827457044277381915706484785104693913886666686770682578048794599644792200419832006340214650580129407509146767877436960629850112.000000
0.039253   -10.992638   -473751536862616087148458245667501576771317847007027881498474444158270624882801861019072091271616694129171110183166367760384.000000    5371141871703341694036875742269980916929179838376225563476574176580356056763589829143556142153276855140494496465793060962304.000000    0.016327   0.002836     -12069049842119929096174003001691515277164505454821530554334786778521612527618834910472985191960572142455086942727434678566912.000000
0.042919   -10.961907   -9471766308567603989055747855948536861843542192171704535726648206485372243124175646801468425071726704060914466816.000000    107385303193652739364099554378003506911523043442750406815745496006186029850840056140429898786107798295989100478464.000000    0.014067   0.002398     -220687590594250757336013120379301464247157274775837802143769900250083949551601398417468803864502635360490740514816.000000
0.046928   -10.928877   -1572001488461945956102315094753656847287181737233364795948258904269586897980017453598928671460871372800.000000    17822342839786473530601084484242223923926594595352115258735510655211049414055130083954609393513246228480.000000    0.012777   0.002093     -33498424479811452606043773608268031581744602736768784032487808611075747572646746631320975095055622602752.000000
0.051310   -10.888483   -1642855339219752774142493845296916932607203531239376629234465885609645590609585599772314566656.000000    18625546738958313582338724340103058646490357240780385375576087708859400544861725879863821205504.000000    0.013165   0.002146     -32018076792970914488096905344966841554849899574148385236658090236668055800376161471221687386112.000000
0.056102   -10.845858   -10322151808810770385424375122741560988539991656450849064884471769002784632219113619456.000000    117024593363090267890786188504094794854316690259515860606642544307479607177879012507648.000000    0.017296   0.002616     -183988487881869778820882871649317831446407055757740841226295584781893554852032197689344.000000
0.061342   -10.799550   -327043662268073320425471392185723392905166251760198763010384001882724361043968.000000    3707736371888647235771790308170307296623907534241684752147835178805944387633152.000000    0.024525   0.003599     -5331514999556464253175858380029173695140322097385834337801395570845813330411520.000000
0.067070   -10.747483   -44328223249184467802734303210407975668969034091379347268070590904270848.000000    502547511443521438979993826910543305456767864045673469013777044008337408.000000    0.038456   0.005776     -660921244778607582919496348073861379815895513141284808624364869182816256.000000
0.073334   -10.692671   -23872882850595554557008503283607205357774901072262100692045398016.000000    270638179445869166379291814489180553364868516658373262735719792640.000000    0.066513   0.009563     -325535791321464897064301144602119705945221508214409506318238875648.000000
0.080183   -10.630144   -42707607805312304296880358331734107575571263846551335731200.000000    484134896811873509543506627957969899594691232891538556059648.000000    0.110973   0.016967     -532627533744928417759003847868947592251433071977634916728832.000000
0.087671   -10.561510   -235864774532272394446004625026887564325918418246041600.000000    2673512547377765303502810280614802076842427110911901696.000000    0.178844   0.030138     -2690332404900792650484954973376446755583713623735795712.000000
0.095859   -10.488516   -3742627718611230083617533568833657486771765641216.000000    42416400122044345303131374456694296131140222713856.000000    0.256601   0.049252     -39043071553276318383645972892283334074086843219968.000000
0.104811   -10.411850   -157262915223542135963922992963988397578256384.000000    1781929380887267534716910927670268019995574272.000000    0.348402   0.073181     -1500438360123927562514962523602607190879240192.000000
0.114600   -10.340045   -17354884163748913838492271322377240969216.000000    196595259510456094614305671563739620442112.000000    0.426405   0.087811     -151439109018664182200163038652720455090176.000000
0.125302   -10.230212   -3247175102865421090080818806971695104.000000    36762920222648497428800484409159450624.000000    0.600732   0.141591     -25914720237544976933148260816247586816.000000
0.137004   -10.142331   -1599914595030693046406625640841216.000000    18103486881182266574716156105457664.000000    0.697124   0.182724     -11677828860518995352683934377836544.000000
0.149799   -10.019397   -1262222843200414373771038687232.000000    14268393628529611453802672553984.000000    0.864104   0.262407     -8426084915796503203058154471424.000000
0.163789   -9.923258   -2316914572628702211623354368.000000    26179201415940775205851365376.000000    0.831895   0.259909     -14145695552719208709665849344.000000
0.179086   -9.783815   -6005974383288224474726400.000000    67749541217391082949574656.000000    1.016666   0.365958     -33536848657183265236451328.000000
0.195811   -9.627497   -25377057335843842162688.000000    285714085413556546699264.000000    1.153377   0.455439     -129599858156984210554880.000000
0.214098   -9.507133   -216834022777401901056.000000    2439701227818237558784.000000    1.080208   0.450021     -1012780153187292676096.000000
0.234093   -9.321080   -2200937038869308416.000000    24702797113801617408.000000    1.213057   0.589185     -9401991711215509504.000000
0.255955   -9.158847   -38834750507440688.000000    434857146218287360.000000    1.291359   0.619027     -151725037703071456.000000
0.279859   -8.944741   -846990107038275.250000    9449277050016478.000000    1.476389   0.773381     -3026492222732099.000000
0.305995   -8.750767   -29212674497824.605469    324957396840656.562500    1.602321   0.780030     -95467826219319.531250
0.334572   -8.541253   -1351891493137.568359    14980919418958.460938    1.781010   0.813153     -4040657496232.989258
0.365818   -8.308283   -80411851646.930588    887401360280.035522    2.011621   0.876474     -219813700013.238129
0.399982   -8.087108   -6618371699.785133    72765766824.166550    2.213468   0.844610     -16546659782.438789
0.437337   -7.822397   -636029197.250740    6930393042.811975    2.526947   0.907835     -1454322491.808124
0.478180   -7.499902   -69365426.808150    747041521.665560    3.057283   1.100706     -145061171.065642
0.522838   -7.217891   -10475285.495155    111800572.394459    3.447159   1.058681     -20035409.436538
0.571667   -6.935181   -1933736.358670    20367108.951330    3.677656   1.111508     -3382617.164815
0.625055   -6.612453   -401728.124251    4169799.488728    4.125304   1.133672     -642697.663504
0.683430   -6.273211   -96243.591320    975506.384050    4.362218   1.257241     -140815.231750
0.747256   -5.968425   -28558.297556    284581.300608    4.527578   1.218627     -38209.570280
0.817043   -5.626999   -9164.588995    88770.631852    4.621750   1.286990     -11209.890207
0.893347   -5.283299   -3329.710232    31318.817768    4.638228   1.326920     -3721.314575
0.976778   -4.965558   -1394.029546    12742.431838    4.538581   1.346139     -1422.087549
1.068000   -4.639540   -633.421985    5591.423833    4.353164   1.372042     -588.747369
1.167742   -4.316949   -313.964258    2670.443809    4.103824   1.394180     -265.167547
1.276799   -4.014769   -170.674179    1399.103590    3.801909   1.395492     -130.529115
1.396040   -3.713251   -98.616789    777.104458    3.472366   1.404526     -67.980514
1.526418   -3.446682   -62.136175    474.717818    3.187585   1.386305     -38.449163
1.668972   -3.176029   -40.548792    298.183970    2.837178   1.371018     -22.392688
1.824839   -2.938332   -28.256956    201.866498    2.538311   1.342320     -13.874444
1.995262   -2.695927   -20.215126    140.233730    2.238639   1.311252     -8.780399
