Temperature,  F    <E>     <E^2>    Cv    Chi    entropy
============================================
0.025119   -inf   -inf    inf    nan   nan     nan
0.027465   -17.523702   -223847735879679242617420958234708721803328519566032248387194455443508107222672032454751717689840448417966095930209600737438924873672949429296120055021801836343246592836424211434509943335787928940110052232137169948160306164505861963620795923706447198304175239770816222317810548736.000000    3991101431457663261498715056929427138125236339340267402777126587126382271531168258230019723500537675799826894270981119032978769232557660582401739793839290849231914972324153200420405866198790214960574813256921060832401761803223475267165982060308417994877059853592905083598198013952.000000    0.472453   0.845210     -8150367581187400248051887047276493579290121770894467965539863214597000837965337730577984747176641790220019779539208482529162446083347980908574596291407682563182862008340869640474230734174518544751190100725410562926504234203287035882781158418115162753449036715042635569509380915200.000000
0.030030   -17.498165   -205330407153575080737300907129151564700136643256593988062315645560845551324974044509484996645974612913152130491508152314181037121892915425372474735085216695112604246137028554914995788503127146543438350948279796268629916314443453852739635569141488199663616.000000    3660739600467712283719003028386124463593659663413695104525457000833891427898806788116019325777114652450998524281115935571135151163554052949207194360139100807943984108581268285563990647859637518121851623130402030755188568382543046180461809992613402828079104.000000    0.453511   0.605619     -6837577280667216021800393415573156003628493740174525056211213793558344005981682847782239586786359996286299844610437213897569010129952751318286937960261527092574853940398032483558076557004076516388392044361416133821101209001828599756393896656220356882726912.000000
0.032834   -17.467202   -19402542757855689483779272341907576583515530966657603148663155587806984283312122679367865264803157872865731889666179540948001094968778271758345504684305569601709389430527224388820471489484629795269521534884359310696464329377880997888.000000    345894516411329855179211585654646500709580445096485860494706132918539615815173882617134056110199474539384937144365249670105784462354197284942284702512719665964866991852621080327489288026843150844334428678057495270265081997520430694400.000000    0.463772   0.487945     -590924666219673257028366708792500838089864826561613771983135214245931385114725549107898880555806510910415826283242318157959277904211069427524276755656669270918492825636524745609987356205111369370936978815428154080717303566098600296448.000000
0.035901   -17.431773   -133483671335461284796003804896069248589794413871991769805531041036533058356469796869547120919189204394522737559792102829621694546021366894936445670127185895317287542968624007358815165353161695393539959050295312384.000000    2379415057060406576907691101239674210913221987598889433569645573345170431254176874587536692554974374611035506582426013904682142816485555635286549439262599700938092758839882697148150203644854952283003717752069292032.000000    0.508033   0.416955     -3718143114887794687547614656459011658190997504043104160685584879254597157971315167352405395782428436866225440619024825947260394375261847274203898862971103632283019176521779119470301491255515808425141921214476845056.000000
0.039253   -17.400429   -58475636834487646597516732498249955786988525016284205844998441381799024606485397223597920721847888783835501459842592415359300235709809626912063901863689954408200775201527393627026447386061832192.000000    1042311373375294483677420257881846810832559045344656379485275807846568207506216098544492768649871709738421668960054703599473317322164657614986558960816860342322449582805727472035271986244636114944.000000    0.454775   0.298037     -1489695168439729281991050950306399672927983570906018382259947879990025815232681534699926967170700506617109548742976183887540663131239486726244457510632728042404048658067357168397842206118148833280.000000
0.042919   -17.354062   -714729224710167903307004431728394520739453695757535269038238563016486370503333637624011750800325837873069091820426892089792901727339443787004260949956765331423342530289725341696.000000    12737783638424900411014006783375344569408480008841215670684931364628377920664518949375108423634772273081357181735401558364541370744468965252900819290603747845924137040905464971264.000000    0.534863   0.289654     -16652846511416649977646423439253062996307101082568387932244247367912656428672389190835124018856615454639041081717700260355290361337450484448859001092757574418292162383769371672576.000000
0.046928   -17.310217   -281396904988651166132020015882138639125476227218222767304449767989430724624677540750963325954996965714280203733786312665678109676941748010785138530847395143483392.000000    5014306732782737272877271698617572445114257934044555544375620655719197883207184307191574501308395832389396011027008632737243809032345019819995154284118329280954368.000000    0.553799   0.242872     -5996402064375778787923546075315079747023502865215080888178315305735684997236338600997217635072374045128907052389643725695270782025009738473646815090084107708792832.000000
0.051310   -17.266281   -2478529205904656578201700821483302207596181880884591024943606213125571530595119351150423985718462308021633771264123013478493237021235534119640760320.000000    44162235217991994122835680733450042087441170223245463223572523206474219864942888114051149454627407481617199298946764438206607487502468648235482218496.000000    0.508713   0.190525     -48304763391989323635820118798833004951667678450317497649790834682070698108427432544025566683185405272612864505325370145696849404187849246174609408000.000000
0.056102   -17.220925   -363414865975934487197021822524171838807510640591473006586241361508417979995264258825158369962537302974543466072240360417309599060721664.000000    6475532034585868403176060146335566846390309743267804095433460655960837953541447051617750608683694850490393926085958420825464626818842624.000000    0.396394   0.144938     -6477733800391379765938491739179618774132860051168075559353697942885203528294761793674878685345224717338785691015892882617154711341498368.000000
0.061342   -17.163840   -588350524184655756914897907027548721075665691729857743907214741357216587670234049977858217371152042038417526572346545012736.000000    10481481927470640112135697562573110530077345826266890822675461990693961976607799199203175702956302290059102180899503887876096.000000    0.421902   0.127058     -9591378786959057687579379787498431421518093577339270289741695900125005812668094770137780187237335135257626806054849532133376.000000
0.067070   -17.101800   -9736643781342613813334572652590872350437371365304906226735329793557852262498748302510597979903358618276074618880.000000    173427335659329783814764725851566132068541015271656896883739328994716409978512514485188349344727960174223043854336.000000    0.417868   0.111666     -145170599140790968508399395725544654749218122547708212390040933553127512645060588812026458108780730717386638884864.000000
0.073334   -17.029347   -1260777121930850566654702115487734194053017401735569215212965519950002376046960390619439449619071762432.000000    22449966161909557761139092576091306317102909083063709107071588222139341233954177942062724094279408418816.000000    0.435646   0.105346     -17192229385799527574778832630615259781726873880882946753278642348896473176747027004300806640287824740352.000000
0.080183   -16.960381   -1297387282019158870408207694423261966315635964136947048642084968226298852616118289446928908288.000000    23101379330012648054814273280681360363733683204018896386298447711044449425596447579653013504000.000000    0.368597   0.087613     -16180353427520836128692143186712931608625200961162672389902455921901965596838819421748308475904.000000
0.087671   -16.881277   -7495410704262537466958358402042056571447892526058920734402128114203202099878589104128.000000    133444487067561007948225413865919133387722455240351219726695044348698388435665225252864.000000    0.336063   0.077092     -85494522637837397949915672822117010648759312782447816298625272051932423355799420534784.000000
0.095859   -16.797168   -224358290859639559004284528269189291714844600875029475780409239917210288259072.000000    3993469160117306321378875052746154096156976989850624531469123811679724812369920.000000    0.315652   0.066892     -2340504442919615183269288310210744169483916047998575062324183422979924165656576.000000
0.104811   -16.710049   -30894925845844682298719212499824871429473190032658126963758306521251840.000000    549902287759270074589496835351641469388308462389625215753447200140558336.000000    0.271270   0.056202     -294767089916886465345521207727024590568479652541473693177599069528260608.000000
0.114600   -16.601478   -14599595351944954522628765930070245384957296648667291668875051008.000000    259818897605724693160782689564615171814914058991547081137259020288.000000    0.252931   0.054391     -127396396960679942106177328486799961550804874000625908391306330112.000000
0.125302   -16.484886   -24339749367414273064677244808861098292261195039217268293632.000000    432987332187659896708289272957621159051021513479768015634432.000000    0.254578   0.052892     -194248162026094744565684379259106479849270881777990473089024.000000
0.137004   -16.376557   -145480917552531183028420265623603814573400804567285760.000000    2588725487154274599748402066530273519726222592295567360.000000    0.218880   0.047174     -1061869966638526158246495119878283264035368276145995776.000000
0.149799   -16.247547   -2261808710097866012874979082267543596011930779648.000000    40222803753093071113477538526649244814649122095104.000000    0.245411   0.047793     -15098912491751454766850576519625262167835700887552.000000
0.163789   -16.080835   -77447688491298578063737293206600848630611968.000000    1377237592470611290094503708890722246447857664.000000    0.273730   0.057278     -472849295179996638424622628685604712987230208.000000
0.179086   -15.939560   -8023158412567798866606713754716035088384.000000    142646228562177044702159558270801202380800.000000    0.301887   0.061435     -44800632214414883473711068314644940587008.000000
0.195811   -15.747094   -1498261445362211638305250756639326208.000000    26623462542794544269592105780529594368.000000    0.397643   0.080486     -7651575524746083754933553060726702080.000000
0.214098   -15.575485   -698709841751829650913889731215360.000000    12415568754669264136913833166897152.000000    0.471993   0.090936     -3263507504490370557155947029987328.000000
0.234093   -15.373373   -589612986084918607583574491136.000000    10474085573259089066522797146112.000000    0.613033   0.111616     -2518716487611713783280988848128.000000
0.255955   -15.147125   -891362500652297646566801408.000000    15816501673259436870218022912.000000    0.818052   0.149987     -3482499752191319917320994816.000000
0.279859   -14.916902   -2493879134912320370638848.000000    44186838270638106932674560.000000    1.032499   0.181928     -8911208930926739626917888.000000
0.305995   -14.626343   -10147677258873690914816.000000    179455895189520321085440.000000    1.485955   0.262379     -33162889250428843720704.000000
0.334572   -14.358203   -76588787907906977792.000000    1351509098887701069824.000000    1.833730   0.332370     -228915605697909751808.000000
0.365818   -14.037983   -813610478519866112.000000    14308070902961573888.000000    2.410954   0.412729     -2224084211575271424.000000
0.399982   -13.729216   -14104734843858666.000000    246847889674424000.000000    2.923101   0.499301     -35263394027203824.000000
0.437337   -13.377847   -334361689687655.687500    5816278804963057.000000    3.584615   0.593575     -764539951615681.875000
0.478180   -13.035179   -11882822103167.560547    205282623666639.312500    4.073465   0.687816     -24850078137469.382812
0.522838   -12.638887   -535439419133.076172    9139106550735.083984    4.747369   0.843801     -1024101480322.848755
0.571667   -12.246684   -33729439921.005749    568659262917.088257    5.209918   0.955608     -59001937400.875679
0.625055   -11.819723   -2682105170.271560    44467610205.108574    5.684138   1.122741     -4290989324.649552
0.683430   -11.429649   -296176593.836130    4836519468.809926    5.892067   1.202780     -433368000.167113
0.747256   -11.017676   -39988120.500713    640259468.481129    6.019483   1.308231     -53513269.359556
0.817043   -10.573680   -6396883.271630    99756963.447016    6.038812   1.433943     -7829297.757126
0.893347   -10.154294   -1286909.403046    19582878.853394    5.965412   1.530523     -1440536.076671
0.976778   -9.733632   -306472.070609    4533284.623592    5.783736   1.599836     -313748.162261
1.068000   -9.320565   -85624.671045    1227024.576969    5.452679   1.673393     -80164.153378
1.167742   -8.910401   -27477.767074    381018.807615    5.160955   1.719620     -23523.050695
1.276799   -8.525707   -10168.014518    136383.807078    4.799094   1.740110     -7957.000903
1.396040   -8.150949   -4206.262322    54501.906474    4.432544   1.755166     -3007.156267
1.526418   -7.797169   -1936.951756    24245.730402    4.042887   1.748109     -1263.844261
1.668972   -7.455200   -971.994928    11730.028989    3.634905   1.745847     -577.924546
1.824839   -7.128981   -527.501971    6128.409046    3.219565   1.718797     -285.161084
1.995262   -6.834171   -310.676052    3491.937383    2.868544   1.680148     -152.281672
