Temperature,  F    <E>     <E^2>    Cv    Chi    entropy
============================================
0.025119   -inf   -inf    inf    nan   nan     nan
0.027465   -17.524623   -231432923239346636764116544598894389924773437248724880961956429371412126343291512411767463988999494016502835941711341024071805401389420019610000932554340086190324802755964204545664833746928461061694067128469414514655689602283302125454377221095639010182321698171090994130061361152.000000    4125483415411694701064784718366627944653024874466926703165754472725087037351667051774321647649382796251243304153238104628664241776613183879039817081293662480634901518645448027511509399732909244342419936381060436784889978922702355471838153329106735084448746622269858984345433276416.000000    0.272282   0.102594     -8426546676367954495763729905363332021748269772560047718070542630748906236082244160520289071911623440537974513159070705296795115581747298613398468297871205658678588332403748863942955305348867014813885212157671697275683159355075765054779078218633451574355986101046275660251425406976.000000
0.030030   -17.494500   -181703343018831255776954294764975723706483339213664473989906386740654838220093225133330677432512173239520128668437687194009546472109873260895261918758088579849936164576225253973701046086540730072192369357838085326737467752690032786464453032981841859051520.000000    3238830007134397763248551482605521907289522689908092393804524022636637858260163699747982649295667433235750148515123795516677867074123544878008696659245831287469875463343724689222604129675325494543339857317157551325396623313758722605830158339282314201137152.000000    0.343749   0.085936     -6050787446778851000760805612271641132501572668720100496103306469705193160731689177082720842963412135908898377326244478917104678549615103912272579827694804231191446339680333000377824724051948300495464893841389583533424926086562398965625037917582066750324736.000000
0.032834   -17.464865   -18067032125273641535382566856743523524492976377539866398652982246535264785861037859716090422512552632435576852719224144215441582232740627201231545959184063015655861041237658753270096636399489998613031686951028560580684713877470969856.000000    322035941245767128643770516726103490262201276602005528888032438812288481586651467462315377851924916612730533273937170475960056689168904790098705352396424661997723724164712077325293943122306318786748967559600409514639679448546732408832.000000    0.308280   0.065844     -550250297677341581383986742220922777655152478134165700434214311063221992496827836130223990311666620518460337165721370665037049858079787619912480702917593546860582703919829146893748034514798795783294794810450424274161678663134715314176.000000
0.035901   -17.436235   -151128706723637663154081278924508027570743597539446634757424850525725702602684688265682184588031919013808763030269829100977310538715575712853054198733768933345242551084715943757397625632709346257485338185713057792.000000    2693604999605417920986458376510370611840429299618410934540530166062433205712555886612970245964277180698870414830982533799686956702534747180225180004142513423897720437016921870722484505487597757315905281454208188416.000000    0.363132   0.046257     -4209639686596715037320982451298253757863886559068720566569922460651197031336677377586091723529324519448089123482452417958663088249533922354312587831470640472002817521447545735293368792598408303392925860055494950912.000000
0.039253   -17.401552   -60165926749714961018341157126225407458450904526468462873400967026803968498822708049707177673887698068171941475186532447411608714059374783505963262412498851184034671544998718533415241414009159680.000000    1072316522963232186393093668875647869255990487939302650048445848358732026220393057754399408034528684382625634871917941158695548453051621095554095492826983238524075309641545875210023146364101197824.000000    0.341564   0.036386     -1532756122647096810669146706653725639413581701044981107663662961102564686529314862054745356614983063940105430387300045417454396847026255332252426877858225034423226173953705424205786734332192227328.000000
0.042919   -17.356130   -749968112494489434727624266323717127471741086216734211825031761676393095239080032939728427682005013535843722569301449686272364966580003767415353894783079160267196696108296306688.000000    13365075249248080648122665561061334031006944541583181100604149066601820974666865050142120977265479174973861212326959000978107602855059564566744307563534193582073454788873214230528.000000    0.393098   0.034661     -17473895615352911468379938681197906338640047675039469377902189254040560860297503113335714901028228990433512694884636156317135004206624784343408910846243511764810432354617500106752.000000
0.046928   -17.311244   -287596136035462594837768236660803255275956411630418927646504493810612656821317285201995238840645132802385594064399942564543756508695493462881565979570153461907456.000000    5124334841256233050346620064992754128767777952464052138456227240791925553052040111459415745465715825066707623701417493906760249240651407501806362960591051043110912.000000    0.478510   0.029844     -6128504021389633504853667236397352420251304455670865150335350836388402680274822699737475958191310292653446675843604505021534439511353643086369123335373318566969344.000000
0.051310   -17.265322   -2432458204565493629526973369138695582164824026100442102237328169743974690930849158019425928578078927422842389378644469517048232968008281931026268160.000000    43337525897766829850219916101771659154926353865299747676363822198578616181634068241474971032433525662647020320803209553232434053008627738677090451456.000000    0.456991   0.024389     -47406872492169154534783689901574815416037215419430552952070942986872304438179193036906638931588666554215124261130255638704889335592528445676458082304.000000
0.056102   -17.215097   -327473282861401759941831006153614603867040256183219675186859828773225718381883093367104376408173486189842772607205512592023691171201024.000000    5833674449875476523563563186020839515726365859397032231094292192963835513440401088027880435492384004686332406134959468238292223623430144.000000    0.451032   0.020207     -5837088550078470528552947524208790002483684916072513739300094114645658493134525598303033025266696288834392015128985793036004061456891904.000000
0.061342   -17.161068   -562246424618050422211710935373759138729769661641535440843310342133608536352636003733407436756396464497303391874259129204736.000000    10014487225535911752418464764803202474550969413645795231366633086840842652862435454140102960671618011989859577120066430304256.000000    0.445320   0.016703     -9165825827381468896366264761326261900012581796273313336561259284737825332281842963373494624626510516311570694394080175063040.000000
0.067070   -17.092591   -8484734770026889343967307593692897655930680934344969558191539246221717408802671591053013861175967135813102206976.000000    151079345860868008546518839994489162842836774923492642203296766345795279875635645382454784315409602726790734807040.000000    0.483846   0.016103     -126504990608340547652483077225585632158843098260863778445685402775400556267899810710054718321105932660601683705856.000000
0.073334   -17.034172   -1346721773700081369836808666434532286341156807021749898018542106013788700986977620708886705919146065920.000000    23983950989290491227913627074626734231017177390713899609840655005404314215331815590299316478071692853248.000000    0.353017   0.012415     -18364189236590917024726338246280055003286809008469398707573446319503527582319149225378754765850887061504.000000
0.080183   -16.960794   -1304082407114036049008909468405012510825621325706237519835759550718522577108924406988495912960.000000    23220369039005725721940620579771196653741983076261463154596095428125596378492867839023661449216.000000    0.340009   0.011017     -16263851617905420863639884095821622515946827532022217333700564471311603768963346819612560850944.000000
0.087671   -16.879348   -7331736442084380663275480839623048742852373641620286133594419548972994599457243791360.000000    130520942595606795479381944211569568204041984706283666145190583849455206916792946524160.000000    0.325412   0.010077     -83627613209503609564026378023377531662864796018908909674329063031135976305360516415488.000000
0.095859   -16.794396   -217973447955192614725729144905719036098117430059624968152487366142497451409408.000000    3880010385475982323048781188133871685546627746902600692556875447691907136749568.000000    0.289949   0.009131     -2273897797237193150637357285057449645997803402538672802848517359988609342504960.000000
0.104811   -16.701995   -28605344171242396412462314585366668427955571992881720831935379884998656.000000    509071113316267038105394807580734122223003250570881228348718238765416448.000000    0.273467   0.008576     -272922294732167836916332921122167045283322925528239307740864827197751296.000000
0.114600   -16.601893   -14647923483305335631223418446281258646281323256795015330259795968.000000    260598009554887922822862103670994674808380314418292215065924861952.000000    0.263957   0.008690     -127818109320422504314920380963827545818015092846590827481578602496.000000
0.125302   -16.483565   -24083971053556873674109562621733597868801379877335028727808.000000    428427698734119478628493852613285311832871093339937931526144.000000    0.244119   0.010732     -192206872832729008868065945934153349492321974020485649793024.000000
0.137004   -16.370230   -138891613322730803770425881158881741013521370154270720.000000    2471046593600487875142589626879882744988536390765510656.000000    0.225270   0.011979     -1013774419948406352253563405793608147683540431557099520.000000
0.149799   -16.222768   -1916679865445485909257455443284605276498553733120.000000    34079889287126762176685999043570298707935305400320.000000    0.253056   0.018398     -12794973082321870625445145962807773450024427454464.000000
0.163789   -16.089942   -81867644111305163861752760045909277547692032.000000    1455692273082691393614050844299121105817305088.000000    0.260692   0.025153     -499834902373189872831518016937866573413089280.000000
0.179086   -15.946207   -8326544701128263804401387088024797446144.000000    148040659482600535492129577298077989994496.000000    0.300797   0.032391     -46494715371417346111996541677233632182272.000000
0.195811   -15.755100   -1560830608495996020602551699217842176.000000    27735932192801972600239901603021193216.000000    0.376005   0.052379     -7971114333356731780440433842821529600.000000
0.214098   -15.574862   -696536933451547821986211126312960.000000    12374445208939995540497175326752768.000000    0.498627   0.067859     -3253358366578187031718145420165120.000000
0.234093   -15.362803   -563244483550165231599523725312.000000    9999695411961086983337813213184.000000    0.632205   0.099527     -2406075172621495333522063228928.000000
0.255955   -15.141654   -872280331484872390056345600.000000    15473893028406956191675056128.000000    0.848141   0.131470     -3407946863385474123807326208.000000
0.279859   -14.902791   -2371280843503165570547712.000000    42016044173010168547639296.000000    1.124318   0.174793     -8473136782991619346399232.000000
0.305995   -14.651570   -11024329139345921409024.000000    195033212352503465639936.000000    1.361519   0.220858     -36027811782120353824768.000000
0.334572   -14.350861   -74913321577904635904.000000    1321723853087386632192.000000    1.859805   0.289427     -223907818001620303872.000000
0.365818   -14.048569   -837263476481598848.000000    14719545880401715200.000000    2.359090   0.397649     -2288742006321000448.000000
0.399982   -13.703766   -13224539772010194.000000    231271826740115360.000000    3.043058   0.478953     -33062809189346328.000000
0.437337   -13.380702   -336493114324067.875000    5852302571943956.000000    3.573994   0.570868     -769413593957654.125000
0.478180   -13.007329   -11193473334218.191406    193098330511358.937500    4.187051   0.739170     -23408470190834.222656
0.522838   -12.625426   -521639043566.723450    8900897260581.177734    4.815244   0.846550     -997706365316.718872
0.571667   -12.255981   -34330248524.853977    579595345550.733887    5.225468   0.932969     -60052914580.737076
0.625055   -11.810145   -2638232335.138700    43692234744.145096    5.719971   1.149832     -4220798986.823731
0.683430   -11.429810   -295985779.345549    4828935497.095694    5.856809   1.181692     -433088798.842066
0.747256   -10.995077   -38685522.935199    617702990.913201    6.042060   1.347539     -51770094.848874
0.817043   -10.569770   -6369035.343634    99372869.705623    6.073538   1.432801     -7795213.963390
0.893347   -10.147150   -1275324.803380    19385945.556699    5.947583   1.519432     -1427568.454320
0.976778   -9.721813   -301989.706836    4454008.887897    5.692501   1.605300     -309159.247022
1.068000   -9.312933   -84952.954521    1216676.416650    5.468362   1.655743     -79535.212723
1.167742   -8.913743   -27584.769770    382886.543992    5.168701   1.702220     -23614.679962
1.276799   -8.526475   -10186.006307    136828.213093    4.843932   1.734195     -7971.091629
1.396040   -8.145316   -4180.752738    54032.353137    4.372146   1.754022     -2988.887488
1.526418   -7.790244   -1925.092767    24057.212705    4.026191   1.756078     -1256.079635
1.668972   -7.456167   -973.060482    11751.369577    3.648632   1.736617     -578.562416
1.824839   -7.135246   -530.533749    6181.152661    3.254495   1.713635     -286.819046
1.995262   -6.829126   -309.545709    3475.037282    2.859585   1.679722     -151.717687
