Temperature,  F    <E>     <E^2>    Cv    Chi    entropy
============================================
0.025119   -13.820866   -1276712456460216637277300453254953151524789858763971114496154534135004820455435912860688305815485520747774568884372664078208456808414465673462948240517377471432644068565264376039709752427449155725563795110443806117363176364151839841859928064.000000    18000902704832672583903224468576908098269253809684623876675358642182216301233217864036883385631217102791783327427039790997746564967033404562781458774957450839410109370272857042557407454769901007195469489610570873694408120357873883223611670528.000000    0.234808   0.806515     -50826838365176180882722198920689187634615054839994855873626028177969398771196197808449645538351215985013333526922694660843997921143525083588109421182144860735385270132167011006762880867889597075373835112331442263987036835148199406214316032000.000000
0.027465   -13.789057   -1558841204402293458304599432885826360860437353361149369125253491087754896956626944415852386231431704881660209680575448111778865627596429877188020217197897089744894043755772169836209101755635827649295880004989462113157120.000000    21978026383299305964422114131621464975506837046051721134478714097116133315726763361216580193910676146644225609594720199878362877978449199231221099500433567377053055204949946846883316860724839425386433435698690038391898112.000000    0.196917   0.789199     -56757906291304763199309673038867799698293531835011885420068034491473077593266311765545666632928876764218910153546119072769049538696548754384821283308387780166712634537571322651157028549891171714033060576753805722789085184.000000
0.030030   -13.765937   -171557471370215533086300938851364764747568046139952216051620242012645940038221314886064422559233286536629626755465891140975973582329963061178556040484030986829752423623353083314862520187100395114332160.000000    2418696735887050384825069242854429070374983118936292480922952424770032034180911165974836737405260681335619143789611808078489534784089996631365556339316996652589927216465035519241912767028213969678499840.000000    0.162142   0.522855     -5712926228662951726606901851818354648797482126879431219300985893442658129071459317483355488269948531173210339041637500067868372533260578169186035839974306076096092497726565770083118662576497655780737024.000000
0.032834   -13.735817   -678124894361765839086632585359227846512563881382089589856857576704966514567450018794994869965029694631797932107203592051768392359979141991201852772694953670547829724804920156924936192.000000    9560235270500337842867457124425502895461060614137833442940173606722665434894158142709205762532178411647943792283124347116055616639705634876878658999819495856527727366247654022791036928.000000    0.135182   0.414120     -20653000581263201913684582533579403339073712126753638720226450527086710556732120360433429980896716000740522680263051731743535638275530698539202322638521694875807467666388189325046054912.000000
0.035901   -13.702834   -82050798565292954637783990539783562331779534621619688896048005426253512660557163895252023837132357593675882583172260923822344309292207492714754076443508678690774974464.000000    1156724550752696473959081411222748981656150012574546419917912684664715002524015480566754310374454795084848946829861434372906718134873751148627778420545732126571545755648.000000    0.113192   0.333996     -2285497609590714519715143455277020433972266168090621916578124036605492983767053523672530425197831263337141435961893086570374092355457081113318277580989220400671871729664.000000
0.039253   -13.664291   -213287843674725895843067398291168764580880248703783534999620785601388794346548832073313525610384457812416287700671502852888466033652426276644694943334400.000000    3006786732590325004175269283498732027264180633955239677377048917215411751503833336016649163834071189130570801630189212329009827821622661836514703458697216.000000    0.095670   0.291303     -5433611114120863654619893327552430939362036850008926829666969510508565934058075244880115959222685512123467755817410528905098110274970281657680057967050752.000000
0.042919   -13.626687   -10853132850814074625597630477987933649364696815518179844759181629603112088030705910237651610632505151987561123407982243411100739165566795776.000000    152996512588073453468847833938781684499782854008987567567373121209587719778516422787988800949631661066289634366279094490228089539714409824256.000000    0.081761   0.230512     -252872765355175222773504826657143816049636044536898642918797352921582530615856374114169461276427652769009965742840749873819107748473741508608.000000
0.046928   -13.583227   -7176141797553751770043305521346859280849296332792494889785713068880976030765368550031076507404769851519961136717045870205337600.000000    101159806658121159665464216162153903491079814061330608293655581570040184377279639571681220723567628444527594970238133728912080896.000000    0.072183   0.195456     -152919348884949840301549436122380108825584875321461938614889625063872213388205927032827575815244181178758850566111160915271352320.000000
0.051310   -13.533220   -49600866854542707891295110063781458765658685462217006535750614714978185379213021864456250792903906941811727278276608.000000    699192703587904157404059005950697856337441416734862954923442947155686981686570312381581467170408470607593297298849792.000000    0.068491   0.176403     -966685456737126787684109228572272027275658818912891260980248849350155185106723657104370792877356132958978121593257984.000000
0.056102   -13.477320   -3012121152175667845398391336294759922402459231946700461556437821407315170424360387014867218575280662642688.000000    42458990311644186869558288186299392351613823517890919410093511700203452610707302303478247685444988301213696.000000    0.073461   0.164789     -53689930779040354240475990010570646660938030738855863062029028730888514621994325166091633652485493964668928.000000
0.061342   -13.424530   -1562690944784094104231528858674816732617680984497837974803273761201587799754779029726397315678208.000000    22027178230935118370401112209929379136025820045732467757387290906642392098121002142638952343928832.000000    0.081523   0.136363     -25475222953436207307967361122916525515734395480941381596091992101456251660388998548187555865559040.000000
0.067070   -13.354069   -4163282629073216673581118543211770561047532683458043508256625141652279920005245566976000.000000    58681701025307201816886864977495943106080042888278664416130261059198913286444411470741504.000000    0.116859   0.142622     -62073364007948301796228219378785653666292174939559327356325941002908351622460902505185280.000000
0.073334   -13.288050   -69606209108777983290854811464480717037281244980845580035716853610014826567827456.000000    981049023770475999118823121377800519676053455391791976678331749617528584294891520.000000    0.155671   0.134952     -949165314676192158825357665781828176201266315933241803934744731031517795660595200.000000
0.080183   -13.212394   -5143763866654716674010344941890356234329958371378759911221354569236742144.000000    72490747967505244189377625156930080459468114027349194120422040036605689856.000000    0.225601   0.140717     -64150403247867983818730845959993331181611857218364328776354698373583863808.000000
0.087671   -13.128657   -1527556485288268769016589257795963219272303438425577641668161568768.000000    21525443144053661147326579270242511053417190603975357436427337990144.000000    0.281858   0.158038     -17423689997105040960588146489649797610990507410664385814892447268864.000000
0.095859   -13.034642   -1596005625476894390968803773609178157571202092160158657413120.000000    22484307505560660554820502200054325826630611028734225042898944.000000    0.429493   0.181918     -16649521811923167206704630996793814212674830034152170727669760.000000
0.104811   -12.942610   -5991621002961986245855836339297966073312744096135118848.000000    84393756488181401713426291498349512439185397194600480768.000000    0.474906   0.212927     -57165784949295916865076173744573729350778660602735755264.000000
0.114600   -12.843959   -66512385297145460313104718374547000021878724100096.000000    936565081835960333141177905661064201865372073197568.000000    0.558727   0.242733     -580388568028908167677042077857035062498238530584576.000000
0.125302   -12.729267   -1851991648651998709612790462617255674459979776.000000    26062351236443540956005440211598346612331511808.000000    0.734601   0.289512     -14780183986608786060708728386586577205786050560.000000
0.137004   -12.606174   -128458818798184266585920111426420340686848.000000    1806663596870237601444213319505195661524992.000000    0.837806   0.328493     -937625112120961447707022431185359385657344.000000
0.149799   -12.474932   -20643022723324737829901005053497442304.000000    290139106579411153436367551301741969408.000000    0.900032   0.402022     -137804400643249205501465302178960769024.000000
0.163789   -12.305510   -5965722240341722586271685378310144.000000    83716598004621540703514442288070656.000000    1.142616   0.538897     -36423134266972305800671418883506176.000000
0.179086   -12.158414   -4283690789581335786403900948480.000000    60087934186788306907409764319232.000000    1.075402   0.572884     -23919763977698752988527502295040.000000
0.195811   -11.983630   -5308720343094496093857120256.000000    74344015587924445787504771072.000000    1.213689   0.645998     -27111472947982975644664332288.000000
0.214098   -11.783780   -11186111313543862207643648.000000    156407363504318902161113088.000000    1.321479   0.777013     -52247665678053168593764352.000000
0.234093   -11.599450   -46175384654844891496448.000000    644767193378359091396608.000000    1.385216   0.732981     -197252613827641055641600.000000
0.255955   -11.371181   -274119267237768855552.000000    3818731518479248130048.000000    1.584780   0.934042     -1070967512687382102016.000000
0.279859   -11.142085   -2709005102670629888.000000    37605747297482235904.000000    1.768775   0.855217     -9679903940370130944.000000
0.305995   -10.878869   -38077990066633744.000000    526685984397259712.000000    2.041853   1.029798     -124439922087043408.000000
0.334572   -10.619203   -837828385891436.000000    11549065484070618.000000    2.306451   1.039848     -2504178453089701.500000
0.365818   -10.303050   -23294509511109.511719    318947870241749.187500    2.752688   1.114281     -63677831330635.585938
0.399982   -9.992132   -958684221302.812500    13039369031563.720703    3.191468   1.188868     -2396816375306.159668
0.437337   -9.676835   -54761756087.698090    739723443721.839355    3.553660   1.266271     -125216349939.469543
0.478180   -9.328703   -3947281764.640859    52759469495.560318    4.010007   1.335684     -8254794963.569674
0.522838   -8.996440   -390999051.596782    5181348099.397987    4.341267   1.234547     -747839408.218390
0.571667   -8.603144   -44298452.711307    576855693.951147    4.816060   1.393462     -77489991.926823
0.625055   -8.218512   -6494263.982647    83211288.096998    5.151526   1.416210     -10389891.711605
0.683430   -7.805888   -1123924.521661    14069726.302959    5.401089   1.513720     -1644524.139995
0.747256   -7.402490   -240284.313557    2941590.743538    5.596318   1.573861     -321545.660174
0.817043   -6.999093   -60884.127004    725528.033375    5.627273   1.605049     -74509.089600
0.893347   -6.576745   -17522.105785    201945.679075    5.561954   1.682901     -19606.625388
0.976778   -6.176905   -5958.481166    66588.927884    5.495843   1.712832     -6093.814141
1.068000   -5.782733   -2292.846750    24752.183538    5.270989   1.720352     -2141.444842
1.167742   -5.396712   -985.797021    10251.570780    4.984987   1.732508     -839.569205
1.276799   -5.016819   -466.113813    4657.143153    4.654525   1.747335     -361.135217
1.396040   -4.649872   -241.146940    2313.637771    4.290227   1.747607     -169.405615
1.526418   -4.307081   -136.065850    1254.957541    3.914742   1.733545     -86.318932
1.668972   -3.968899   -81.421432    720.566358    3.522516   1.719564     -46.407337
1.824839   -3.665155   -52.499961    447.949290    3.146527   1.680001     -26.761163
