Temperature,  F    <E>     <E^2>    Cv    Chi    entropy
============================================
0.025119   -11.115276   -17098748166394416729829414084365979717309834025790773560292570938177839147801820804198873902840414291784780300495653221142417178295452141972111299400922525878714870153222512332941990592174358528.000000    193880103869075579330910732064193854423006798303739407442046802629624002338922739830345795785877021083675708618810805145990169914996798295746405383285911226207927084266100354664575991574494707712.000000    0.085805   0.025023     -680713425252981165956139806224451135176383981925194814734332870630778742505702272598889759081079777790812981339408096467822460872910618778206393847146013877364025598516605859503109825043120521216.000000
0.027465   -11.096838   -336245200709088300711642085196911899317454229211978550977392106584896547854812230868457360008871590728891282155814362744586737392350684755084823363845129755311810290975688884224.000000    3812571204745201772032725200126005647333968087344345994072934419565800584444166804251825324964192993197532155352027744437472171601502072608518182533626438762384691377138795806720.000000    0.071550   0.018697     -12242795185841264557743307523408517997493614189844143234914329479518762160467046533804510818128464240704239381238753353137349012474256386439195976320830048201505666026525511647232.000000
0.030030   -11.072068   -151575077191302273717958153367449180706603756200109562711705287997198285021212569404471011345935010154592814349048960818316846541564457304636715813806443524521984.000000    1718633426422807806019858714112347803103739356076748539002648779162724416503028642205344201367895355779130330540542299694141522915230997448836624861606500957683712.000000    0.059785   0.016603     -5047505230647387253527205200882632796022052941109234015183320756873102651862069593035961800405090946821865786585890830703585929306568869900833295376000769429864448.000000
0.032834   -11.050835   -1670106936263287203677519381507832043912930514262641058939938227936727347275104755205621220902902155199623524592387880644446742016547387131505410048.000000    18936244285269907511221046337759180881251717187017273741335091051325877541647813038066712697949849912532000213577446203969046335759933778334069030912.000000    0.049985   0.012443     -50864847776870157260330278453491873173094478713648512256079686562288894827264248587067529945711892303842449904715144834562029234920221998458127515648.000000
0.035901   -11.016662   -211114670521805871246229181557575749225142584451770406045577936270985979650337287642270880037123070026436403349423597704841280788365312.000000    2393660948178736053566233409877838813451469345081978951730826296883324548127279764565625172538374147469103259927023705331736533230682112.000000    0.041928   0.012950     -5880528687885486436397134593446404532723539907698508357613303489935783086114762001069403051611798682846197828777316295699417557177991168.000000
0.039253   -10.992785   -475553163277478393117908136746374747642694219579199338651689625661059492767453042927353544811050725033614844914022997819392.000000    5391856745266495394159048467546025969399425870503709995488163687954047026809653732026733479274910691498815582946746739720192.000000    0.035241   0.009495     -12114947147576395285840695152540601525646907440115259566971316921865170709517257225779947064026438979153454178588403573981184.000000
0.042919   -10.957399   -8527791018677714286641312153128105174844573015055706366823485600472880781031102761919385698237948877868231557120.000000    96687707517905209429513667946364267558730843867469532818598024056405176384773388507768749240880712885488259694592.000000    0.030066   0.008846     -198693421236644045515138244296201804497656626503173160295610998721332885600362502222758036255975119724221890035712.000000
0.046928   -10.921031   -1330020481809018423163536789341489321459864462383327868313634495924286757950879276099846842920497840128.000000    15079562266892017566161815667971534573558191181937246556868129632062196756358674937196745193029388730368.000000    0.026533   0.008012     -28341951959646871200138858589249776611020627696154203603550187831941698034688394647181937598418252726272.000000
0.051310   -10.887222   -1603052411748155176609768891253154647968900549476029107687933704579419712451326503738964705280.000000    18174979817757046873630343364455380069628540113547179768284644866129451624524921469147333787648.000000    0.024675   0.006653     -31242346174488140744649899244313196357855428533560817714158737822999713204118908048364542099456.000000
0.056102   -10.847687   -10664690977622892421269639284467697375614263323205395232248058813042184907358528864256.000000    120912155546587552186160821794512131893027911047033607102554210949866753473782854189056.000000    0.026071   0.006348     -190094120203248670142107832670856403241316472568664511509571254270291670066856384790528.000000
0.061342   -10.800971   -334718489673691364841191380959539951524449085501991649188148831219586030370816.000000    3794859915811044719330824448166090825842816578434685105030164795161948851273728.000000    0.032356   0.006850     -5456631190918458743323591415091180952015684033022410140059186193974410988224512.000000
0.067070   -10.745780   -43217588955577305699162885807297440717323341038238760426448584471216128.000000    489967353076511711015274006126579614030372884413452570926181871830171648.000000    0.050396   0.009093     -644362002245958577227145459699293988881597822530435449634674621420666880.000000
0.073334   -10.696032   -24993218594384277563309742634924216827252352928248181374408720384.000000    283346044372557761868124531027195357308768846384628914036121010176.000000    0.069073   0.012697     -340812931714707560826598912758685437558736041146037036946393399296.000000
0.080183   -10.623959   -39537088911236633614479611624128807676517967283648829849600.000000    448197484259765131639620990611313782547321154524901212684288.000000    0.127232   0.023091     -493086436829798279060074888861053516559647042992163187064832.000000
0.087671   -10.567542   -252674487190787455167784466473699455939140863943245824.000000    2864173353076274701880489615692483066522463800760729600.000000    0.158001   0.033114     -2882068177111603931441184720717972186146734287802597376.000000
0.095859   -10.493675   -3949740489753117350202389032030396350492789702656.000000    44765816614079297380559099483531481521101129908224.000000    0.233096   0.046462     -41203670830377442522883935186721129421091614228480.000000
0.104811   -10.406247   -149072037570048064069341409777154204402450432.000000    1689071938003180245713444086142237656911708160.000000    0.374582   0.083656     -1422289566958578825741426355344071613518708736.000000
0.114600   -10.322247   -14856472849470639385908431561000063336448.000000    168271421959628965247508353983942890618880.000000    0.499128   0.118590     -129637915773781067374014249136928568901632.000000
0.125302   -10.237333   -3437576881747074513027522399597232128.000000    38924078921466616259436830028615122944.000000    0.543859   0.136463     -27434259121695334246856228909852131328.000000
0.137004   -10.133312   -1497962415410873589212388079435776.000000    16949681835140978037095719399063552.000000    0.701519   0.194373     -10933676573106239399558691443179520.000000
0.149799   -10.025292   -1313132981414675328083119046656.000000    14846539225501887898625939341312.000000    0.814235   0.243272     -8765940235306188019512436064256.000000
0.163789   -9.911168   -2151166185527212775655342080.000000    24296782167247941967353479168.000000    0.919871   0.305784     -13133734969454467852712017920.000000
0.179086   -9.799357   -6555118412803244742934528.000000    73994052093560702902468608.000000    0.895212   0.333410     -36603222076970997171355648.000000
0.195811   -9.648035   -28210678121815431184384.000000    317912144084900027301888.000000    1.022556   0.442776     -144071073123815546421248.000000
0.214098   -9.496167   -205851116068555948032.000000    2314433413514258546688.000000    1.160909   0.477157     -961481607891909214208.000000
0.234093   -9.333432   -2319797619281235456.000000    26032476260781318144.000000    1.216437   0.537050     -9909741897653061632.000000
0.255955   -9.146754   -37042376648606840.000000    414788444522115136.000000    1.312427   0.655239     -144722340691860800.000000
0.279859   -8.958283   -889477005000330.500000    9928587878293104.000000    1.446448   0.700354     -3178307769550951.500000
0.305995   -8.762239   -30331420603294.433594    337420623683717.250000    1.554776   0.761982     -99123919357540.015625
0.334572   -8.574188   -1495157635673.467285    16604461231105.464844    1.655967   0.738939     -4468864505254.149414
0.365818   -8.309411   -80618358676.312729    889231586170.300171    2.020156   0.913841     -220378207275.314178
0.399982   -8.078888   -6475789426.331928    71113426202.323975    2.237797   0.878875     -16190188360.221712
0.437337   -7.822096   -636293307.139405    6941114474.233320    2.549569   0.900489     -1454926396.405926
0.478180   -7.518573   -72220883.879886    778762084.867909    3.040312   1.019468     -151032676.005366
0.522838   -7.232655   -10784836.590604    115196953.679833    3.419901   1.069243     -20627468.423315
0.571667   -6.910737   -1848234.426594    19426916.143587    3.801843   1.131004     -3233051.141322
0.625055   -6.600906   -393428.384275    4074647.691211    4.158592   1.126145     -629419.270605
0.683430   -6.282398   -97680.443218    991236.522876    4.331230   1.218570     -142917.631768
0.747256   -5.942660   -27449.487654    272256.027942    4.557626   1.263530     -36725.762594
0.817043   -5.614794   -9024.543313    87392.694369    4.646864   1.305376     -11038.499617
0.893347   -5.294941   -3382.005507    31884.515153    4.637024   1.290888     -3779.840104
0.976778   -4.962990   -1387.062051    12644.236824    4.488752   1.349154     -1414.957037
1.068000   -4.632661   -627.449792    5519.496558    4.298878   1.374854     -583.161872
1.167742   -4.324432   -316.043957    2687.430342    4.083307   1.378050     -266.942096
1.276799   -4.008744   -169.601149    1388.708471    3.805990   1.391688     -129.693426
1.396040   -3.723888   -99.674041    788.169513    3.505658   1.397323     -68.730216
1.526418   -3.446101   -62.095411    474.440711    3.193235   1.383146     -38.422838
1.668972   -3.178173   -40.590781    298.262048    2.827408   1.370406     -22.416562
1.824839   -2.934100   -28.175119    201.221684    2.538776   1.343094     -13.831918
1.995262   -2.698969   -20.240215    140.287819    2.232168   1.314985     -8.791448
