Temperature,  F    <E>     <E^2>    Cv    Chi    entropy
============================================
0.025119   -11.116165   -17712511599628054439026737724468944213376029897168529703030671862712995039608957028349565439639797591482142313322655143806056856641226161971911162380080983984552820501278701426502703403373690880.000000    200814731983425590624582896571077738054233847180873667581367584391069569002707241204240543225611716898072125880099732635427872947405294114876509601048280140939216479277575577792555902246911475712.000000    0.022777   0.003026     -705147787632364486108172900204911581946503760626634136246349736146739656724437331873355831570034241651797861161696210650940587382695048443494696754061205420761194904701782773456157942120286519296.000000
0.027465   -11.096642   -333812309955141937783352627103538776029569597742298832817720605794712407494569296961318464805516438629138542832587895830942429819557604857352214047849282500754287478068220002304.000000    3784564415346522168824388696489184092159251810396531019864363221705334154995122544381417507442433520827181671466881568609397643018987320175715199743432273926810832285012431208448.000000    0.018963   0.002364     -12154212856198254475743951598129093270409561322534618861286326047214899137509805982913381552156502906571130347748608145548569823499777293629894685720390427301314078274107996110848.000000
0.030030   -11.071839   -150405029566763011925569750561906204366374759937553147785217114112247370455595568777443796852293761620285498784531812922171421718451244899375732960579949808320512.000000    1705195638724953472631046815763062036257425278637278367245719889588906511227929761790396987987147654462032499186094521533997189763325137019406497391209177505857536.000000    0.015813   0.002101     -5008542218954410825623020096128011212354897002857917680390784681851651952248199379705108757373885616507520959212366714381486687296918412845806872042414965010726912.000000
0.032834   -11.050413   -1648603945085469650714129352156259067574818579718605959913913348865341217575176349193244008359737148893635689322409571690671441102357027324392636416.000000    18690745949035193094671499360147580831391256675064406398074638664325024437894264911352114629029554791360016220168717309768010025453016295331480993792.000000    0.013204   0.001588     -50209951764370366614199448524732049371734277576584152024061336208076897004886375511489199682846275000581564127472865657477137316115755195632977969152.000000
0.035901   -11.024086   -259590491079462396648077752707157131296722864509971559031630007768529060539463345922289732664152084447478745397466530353199439641837568.000000    2943050135103155163598091567180056397032213990956622108514352188803584456409581180045323812039045660085664685503507969770864936679899136.000000    0.011067   0.001321     -7230806490718920847341623844401069004280172212373918794975019516104936180159122181520022318014205384943986632694032290552929695242911744.000000
0.039253   -10.991958   -465605081924207094773476814559138178327888745398328763641669329180380102893483549540392261863312230641963083177666990309376.000000    5278679396166331024565717077594257657053424405833461205418934267000141284910257759141090679856480793063155150928110619197440.000000    0.009401   0.001228     -11861514957189826410827546210053715788050126368660768910028832468814813065495646293327045102637007287281108068821477598691328.000000
0.042919   -10.960352   -9134547818765324306423751859815642276010165459718436065197920886694286328826447665759432596520246514079963807744.000000    103560323605921426588272608621494355733319988536079572510152205466981150882137398195976980763886351206075296907264.000000    0.008269   0.001084     -212830562285710124253965599434300923614487823209830337166896969543140303893284900484881153971575295351977330868224.000000
0.046928   -10.923796   -1410660440475153701128023664184168290510093647436385822931261065025569807449131785286637282872061329408.000000    15992913576333772447859590905646029924916766337559832581154440994566697263425815192648042206913594654720.000000    0.008109   0.001075     -30060341913638342546238747335084618984125254100844389554260034284816990785225622569836802243979911364608.000000
0.051310   -10.887459   -1610381440678760365869904082986616034665649817983375354788683491560367119323010586361043353600.000000    18257129921222478989001180660242473386460449163950435460414423872031464617873385202975420448768.000000    0.009037   0.001158     -31385183711985185782613494501410585445188342720159301385236279961947168076814675288445996236800.000000
0.056102   -10.849733   -11060318437932131157704036713782810362835271345537797347280871721278834377373595467776.000000    125391912589609572411632598842968330688411839215759247532968160786727121043127275618304.000000    0.012454   0.001560     -197146031426324131670439519000410277767623658123160678676707274174362980182042892828672.000000
0.061342   -10.792778   -292857045285123098706158394017583096302148114322309584711078438469577188835328.000000    3320120079196279081716551454623146554703507090204926945357762393137472600014848.000000    0.023180   0.003165     -4774199624708168619354051080661458039494816356009121479482271438954412889866240.000000
0.067070   -10.753467   -48464233792356741212288622361037139748511810570474029072191165564977152.000000    549432780526520871208511970451015003586796972055465966690738955129716736.000000    0.034323   0.004642     -722587989715449973280585843357686725840409950169091765660108891891957760.000000
0.073334   -10.683765   -21142682170559948206642262025004421511779828146400797205024735232.000000    239684256961572678075247944688589920293386399725480533820281192448.000000    0.068327   0.010189     -288306184641615553963466332534461998124372148743837966169658097664.000000
0.080183   -10.637378   -46739680036290243275182726773288994680535138030724585619456.000000    529843192784724722334947726920912585520972648857626516389888.000000    0.100535   0.015540     -582913485092455292358277759556342710562901165412924461678592.000000
0.087671   -10.562973   -239835803633891957633150457538376180286508151454302208.000000    2718543806035846780914718377796975822347548495315992576.000000    0.165620   0.026738     -2735626952567254219844921837834986545442166109590519808.000000
0.095859   -10.499805   -4210609054800305322413730949238251368193206517760.000000    47722581588469629925726652474204975853116267167744.000000    0.213479   0.042181     -43925050250641352350076030691111319413630858952704.000000
0.104811   -10.414275   -160948189488021323053781470347590123577671680.000000    1823737874154274573710071168530418690441609216.000000    0.327739   0.073071     -1535599395172413703634846025649446316446580736.000000
0.114600   -10.328237   -15654944990131173640065863812420737171456.000000    177328950603678093412882142411032344133632.000000    0.452393   0.103211     -136605401607563568443615944654114189737984.000000
0.125302   -10.246289   -3692474460091939602908384505855213568.000000    41812543693462030068404831630548533248.000000    0.516791   0.125350     -29468519431897231167121393876696301568.000000
0.137004   -10.127859   -1439421870835126333156103618035712.000000    16286312941763268625089021364666368.000000    0.721351   0.207591     -10506387227112089677530929567891456.000000
0.149799   -10.031753   -1371194041488269321618478596096.000000    15505007709194639726079163498496.000000    0.778517   0.247433     -9153532192714287450902654615552.000000
0.163789   -9.906537   -2091060208224144747252416512.000000    23616372495728916644816224256.000000    0.935986   0.292691     -12766763797589813284741054464.000000
0.179086   -9.783427   -5990970180165140683423744.000000    67558574222262325427044352.000000    1.072685   0.362987     -33453066466776217439698944.000000
0.195811   -9.638528   -26856060258893357383680.000000    302455864246416544104448.000000    1.112664   0.461130     -137153080995403928698880.000000
0.214098   -9.504994   -214636498249255944192.000000    2414517893312044597248.000000    1.103473   0.496919     -1002516038728957558784.000000
0.234093   -9.342284   -2410528994512820224.000000    27064977877180289024.000000    1.170032   0.542063     -10297329376444723200.000000
0.255955   -9.146711   -37012257044046752.000000    414188674324406912.000000    1.333251   0.638281     -144604665205916704.000000
0.279859   -8.956062   -881427049083797.000000    9827603463370052.000000    1.481048   0.702657     -3149543408819611.500000
0.305995   -8.761517   -30307854195720.929688    337689142813622.062500    1.549500   0.728882     -99046903687406.515625
0.334572   -8.549003   -1384981010676.957520    15362606362816.685547    1.742106   0.820285     -4139558486269.379395
0.365818   -8.306177   -79871769745.981949    880590711483.028320    2.020621   0.876958     -218337333053.169037
0.399982   -8.074761   -6409413182.943731    70388260614.637634    2.265740   0.921058     -16024240424.978025
0.437337   -7.794545   -596181040.785800    6491334933.121059    2.686845   0.967389     -1363207066.405034
0.478180   -7.546766   -76854988.636359    831177412.960344    2.914245   0.957933     -160723796.817855
0.522838   -7.237195   -10877097.877921    116138573.225614    3.330831   1.023130     -20803930.807097
0.571667   -6.922838   -1888686.081714    19855648.413481    3.703882   1.097988     -3303812.034939
0.625055   -6.609085   -398975.620968    4134504.099194    4.075739   1.131477     -638294.052513
0.683430   -6.285651   -98162.665819    996383.951969    4.352259   1.189806     -143623.219066
0.747256   -5.971319   -28668.614982    285676.940831    4.528287   1.220807     -38357.196444
0.817043   -5.623746   -9139.893618    88652.414147    4.644831   1.309251     -11179.668879
0.893347   -5.274641   -3293.510321    30945.595404    4.646032   1.344763     -3680.802619
0.976778   -4.958224   -1379.429207    12567.620992    4.489480   1.358384     -1407.147610
1.068000   -4.633675   -628.417343    5532.952703    4.323125   1.373480     -584.066869
1.167742   -4.317192   -313.766702    2665.345781    4.075432   1.392075     -264.998162
1.276799   -4.015081   -171.025396    1405.492369    3.841299   1.395857     -130.803946
1.396040   -3.726701   -100.214238    795.339927    3.536900   1.388463     -69.115151
1.526418   -3.442625   -61.902804    472.475077    3.183355   1.384725     -38.298933
1.668972   -3.185050   -40.931036    302.300131    2.865464   1.358221     -22.616312
1.824839   -2.926026   -27.965806    199.159321    2.525674   1.344304     -13.721640
1.995262   -2.698640   -20.232534    140.160012    2.228320   1.315086     -8.787764
