Temperature,  F    <E>     <E^2>    Cv    Chi    entropy
============================================
0.025119   -inf   -inf    inf    nan   nan     nan
0.027465   -17.524370   -229320482632055730718497446064776175556382135155362484061346289675827196923080412001915821899890640335093426247874718179226739474054247707282729574107856791797607882268769773556983239537776631597593972698687879851859887609189044189184624823714370479703995041991967162445720453120.000000    4087962666373658080110682277013777461211769919066374699704153142798135092587762435965123442625354013769160910562593041440480198297295174388822605787925837508875678556312405447527392308486980669187839283157859950414572126461516103402046737686842415412276103552415361931743108005888.000000    0.301487   0.178825     -8349632038946282993898135842761980002839140315824122197643812137826771555396489475088781389620742806115202551640803034924300508562449350491439714998441743204902706193852986924742219163846596365784086946085894641791565530551758421370584453878304861051793212942788834194141191602176.000000
0.030030   -17.496297   -192915098112650471716463734087932893079177140121730005984410303313786470567480332685318060227902180830557738300770091851686038857479512657279851581597105821328990783959822619498322837075970742812860001389439413305499804533374047832811445285497644863455232.000000    3438808363281677959503091687975292901749548349581143072695707443325824899181686574202467467583115850921790475803172203197894631346409034953304793056818574796491339812542546145687167555829051682818179934234916563149384403504266610608643426086993667477733376.000000    0.347039   0.139691     -6424142971509121921793552245349649049862499083484776254856563644883605764030305657795198683420884936688961927377550795208647085780965908581365095256945319137531022571029869195370111931609999526983747850053525620567319233927305818141849641684952963293904896.000000
0.032834   -17.464172   -17689890982883741911530401266479754273410298987939887341253307653693394040169882305201518088322090389710435313906698779111963403116931495473929821163516038798173383366339847471764400523074954789979572783070683963677205886215812808704.000000    315314708596765012020211316390318114705910635171631731575224076840001550244001061502251873518002535089552188735819577186346176771693209362391959632488084752339902332179590495164409780692559628362118012972432336361705746335622091505664.000000    0.373291   0.116092     -538764071028299612081023325241103004573474575803763453535784512406941198484056670107503474800747810386777363414875155520283616635823965596812061617339929988912715007250911553464040582561581614478155771841526519679028671205977964412928.000000
0.035901   -17.434247   -142988521536108952662996083425317468416309477915377882573058942864133862828437678345765615197222797629750439674266017422324002119719997835414509359725843038517518550688860820109504766212623441926872296611775512576.000000    2548543150852415026847270469593607816454960567409595196460750335800356051818875677842461911266196399130717506430120091257429581135438285800540189921938042085446187800267691579995448695564225571529823270593414299648.000000    0.402984   0.084411     -3982897544984065519249044463540335354986046113618594643152485840242269992493910236617687519844185919390771967578549491387139375246763726052092031711873285693921151519916883627760687066219764699854584090157280919552.000000
0.039253   -17.400468   -58526731347483629777172797528337103562908044627706041135826390305121490698358072448004024025233646610449930904012946482209454263922635803291706941240565228459849795073239182986616060603304771584.000000    1043096237112160066129841710643042318318592749434376502873872148663322201837638689922680886376044723795159231392415516566557218412138509139448270767850526452467223320554456406781465608335369699328.000000    0.390168   0.064562     -1490996825903663183428152261719792236791172696283158804987816906049978524497744625862774029361316904652888824569202646077256668618183231341506248941941883866528018078629010631923383578417860444160.000000
0.042919   -17.356134   -750046202538245627486667058259608347067449309993145939868848527400676831001566323926829245831491061678067442562353753090603629040703501301922006348537100406028936655444717338624.000000    13366609248852697159445276265721724295170691653998877952857382383863021881788440371440722852121648436966893723051200995254294525186279768314079691418771621578822153099413997748224.000000    0.412709   0.059822     -17475715075741238758114793525849586736105948184660440871217645822850932591571947070773728108085712713309526194501014182503588022976341868017581588228679137161035539589590222372864.000000
0.046928   -17.312206   -293572343743683142419007168638325893218335043741032824841197281478533921544789943418855776830192780750511413154011557009214876823342839433110462417274975356452864.000000    5231172359087137841898940244205249003897990337446449723377547260958404959812749664793321501871293129299941058112231439773338191535521338268614877393307637936816128.000000    0.441974   0.050452     -6255853482607614267997455786871730475646598364176914252902831945188102666966619478596960526781872697863170813244659192326541888491211976033515091504559278759346176.000000
0.051310   -17.269658   -2647054522131906462352118767618332770918799833829160171829556553889711136872073311812849309894099926054799439303881959959301461038275591576360058880.000000    47163405764821084183664155599490842642122965444193699226730279954466811410145988326033117362453062815221304548726214970672387387575315199118295433216.000000    0.435631   0.038672     -51589201399225224838994127241672660816541817551530362183480691212232000951438438692669749708990156726335012300268273362059013589448719179108396826624.000000
0.056102   -17.213286   -317054792555300779414438694933191493011627724862937115769829925055691718341831404656441765012664882191564178653992759242570355716390912.000000    5647708143563129325412477946193613656480413736007578828484486021351734669413488505738038776499355992751106195712439404140939841743355904.000000    0.501062   0.036014     -5651382864584170917219437662229004390290729696573341016299183996957760950722489997855724833142352169222760404839768629974040201515761664.000000
0.061342   -17.162443   -575028795954479701913759620252995963976130927601904140047589823120015356729371126513054594322532226651616931285753143492608.000000    10242824178948143533695110604323040321855543352168349630735858549665206609918834792348256788705725390606925154931172523900928.000000    0.425567   0.028204     -9374205968545043504396047928204689810499043627033058759027074285434644005647858064384821446424010526040111476757964613746688.000000
0.067070   -17.098541   -9274099253477131540064125005614832447882736666144463013213227148579357716330071271834960410638589466286812561408.000000    165175046786724862298403101079026329052688660886994505185128404987898470871358197569202465886026041703401244327936.000000    0.404921   0.025434     -138274191328460881487411660297598019371917096160028385306279568791758708377861731471729692512150067532403868434432.000000
0.073334   -17.035497   -1371162404109684683978722462778951066796996868033829506034689414465962090490676900362364984271814262784.000000    24417068775929678341414519612391768601976058137288956157558561762541823981380578356681506347519999737856.000000    0.385191   0.021037     -18697466956361034881561484936506082706622594863719506212023332167012673802834049277843853915913522774016.000000
0.080183   -16.954442   -1204584955030233939797870706405666151917705672909950575995478743823173156100650981937677074432.000000    21445809819101867972460847560387653652586006704450479108986566840541692730831317089443907633152.000000    0.375942   0.020526     -15022970069145208481821856271467667831093523090784317297594897697804233519411756775614871240704.000000
0.087671   -16.882653   -7612609390056576257982557372090642028808855233971891514243398552114461770438431211520.000000    135507094751132683512264429131810772501047505315464259702827704686486012183138313175040.000000    0.347103   0.016597     -86831320058430393155828763930320591490474562665911069150634034738945131548448181452800.000000
0.095859   -16.795480   -220446970051472621489297768393985648883664515430545621629074585372528809607168.000000    3923954209136403329062427093758029212689216343114810476292446554736655337521152.000000    0.295747   0.015199     -2299701565993949416354308094662164067576091356048021033910639738242957767081984.000000
0.104811   -16.696930   -27254319255690269963980918710178220960627086499269559005035939542073344.000000    484999296391718505709939561282994814023153356965819614796648798532665344.000000    0.281884   0.014801     -260032227128523804324894357157130494347553273380150684253306500994301952.000000
0.114600   -16.605211   -15085047236738929363313967217314982829168270239851995632425238528.000000    268495083707026598788066629880721696211642456475578719745691615232.000000    0.226906   0.013030     -131632461011063684391439009024270263232414353750750623545547554816.000000
0.125302   -16.483495   -24069320127662879020152108464247984074360658083786405183488.000000    428145781418202704424992525094087302079806246818108240035840.000000    0.249573   0.015094     -192089948234043579641522480375825474899872095433114699956224.000000
0.137004   -16.365577   -134250609956354384430436865484792308558853038084718592.000000    2388426207432324082138934675171396173647130795935006720.000000    0.227408   0.016754     -979899584865352021727259024859205121877982973672816640.000000
0.149799   -16.232451   -2045365366683797169011172857551016353242835582976.000000    36380553431756635773666092044811855538930143199232.000000    0.242603   0.021914     -13654025005448633794837266633704407743853603323904.000000
0.163789   -16.081587   -77797226017830532410875364138446460842672128.000000    1383334465983673956037508036298201863402029056.000000    0.268531   0.027057     -474983362397227534093675737880879620071358464.000000
0.179086   -15.929007   -7563586002247351536676507380995556638720.000000    134468116166898111934811470324441142001664.000000    0.324423   0.036897     -42234419075907375617873252009117577379840.000000
0.195811   -15.753988   -1552121389914358023513320030201708544.000000    27583592845046178571826205808293576704.000000    0.391088   0.052292     -7926636619573731433579074728857960448.000000
0.214098   -15.567633   -673429290476274895327617580269568.000000    11964255542333338347710783143542784.000000    0.482359   0.071626     -3145428061672488495260586077061120.000000
0.234093   -15.359053   -554378144296424365632841056256.000000    9843864863018158771167603720192.000000    0.667514   0.106275     -2368199828302095116527527264256.000000
0.255955   -15.131842   -839202874804441027440541696.000000    14882374474032589797127618560.000000    0.887362   0.140980     -3278715226864503102887690240.000000
0.279859   -14.883257   -2211449208044545126694912.000000    39184787532308432088465408.000000    1.128591   0.187624     -7902021255617209689964544.000000
0.305995   -14.623988   -10067177471891979894784.000000    177985343240696772952064.000000    1.497461   0.245458     -32899813725630973870080.000000
0.334572   -14.348744   -74414727484632023040.000000    1312505979165911023616.000000    1.940449   0.317755     -222417574168591597568.000000
0.365818   -14.057023   -856920781952195712.000000    15066481848656439296.000000    2.341271   0.399606     -2342477182911648768.000000
0.399982   -13.723328   -13897827820568186.000000    243216358071311520.000000    2.949319   0.498716     -34746103630038724.000000
0.437337   -13.386127   -340832000057678.312500    5929875365923068.000000    3.494751   0.603858     -779334741000365.375000
0.478180   -13.004755   -11135167269033.316406    192125059518244.562500    4.199728   0.729620     -23286537011732.957031
0.522838   -12.635578   -532161088482.908264    9084666480627.130859    4.727536   0.833830     -1017831222377.820312
0.571667   -12.252782   -34148659561.288483    576684790907.692017    5.207809   0.954355     -59735266238.820496
0.625055   -11.865551   -2903325297.722145    48409534461.562813    5.570629   1.049754     -4644910274.430416
0.683430   -11.401903   -283381962.050686    4611936619.721056    5.948368   1.237206     -414646790.229934
0.747256   -10.986720   -38199948.558757    609056852.215707    6.016484   1.348426     -51120284.885631
0.817043   -10.580759   -6467714.147944    101104981.901022    6.089818   1.435584     -7915989.487886
0.893347   -10.145739   -1272212.914180    19319957.536263    5.908198   1.519320     -1424085.052934
0.976778   -9.734437   -306862.981327    4541001.153398    5.783655   1.591362     -314148.365652
1.068000   -9.317750   -85397.241425    1223920.338537    5.478657   1.665379     -79951.207018
1.167742   -8.915442   -27612.645656    383047.514976    5.144447   1.704512     -23638.550119
1.276799   -8.529167   -10208.920016    137131.967570    4.827540   1.720176     -7989.035740
1.396040   -8.147481   -4192.860253    54282.909762    4.415901   1.755568     -2997.558692
1.526418   -7.791131   -1925.720039    24054.068104    4.011514   1.751695     -1256.489998
1.668972   -7.449251   -967.069512    11651.774387    3.619200   1.739448     -574.976942
1.824839   -7.132201   -529.163704    6158.023840    3.239401   1.718947     -286.069939
1.995262   -6.833282   -310.389740    3487.011313    2.865435   1.675239     -152.138621
