Temperature,  F    <E>     <E^2>    Cv    Chi    entropy
============================================
0.025119   -13.834449   -2196024590681372283637768815817821783800662174016791041114114756422797207491256136569967160163825043810471126223666610527868795051603760464537317542909605387831485853874370407032039999477241795844104834075596050436255722081470800928297713664.000000    31012956302207392347507313714010397210025313766713827549513070754224571207776614007264485682380652613073866860859145777606547246681415605801416882600588859696024218148758994687409731641270606461196350885472791513419015002704391457456389095424.000000    0.760148   12.435887     -87425313626202847961671556511444956586999756445131309469935562109116347236727904789685682546396986910497012926825388786948850475050657733970326303870504909523662018869112900000724772861869346842949600192995601180461662125844772740668881633280.000000
0.027465   -13.806326   -2927763959331338761122520732045285327526067710299523541399801289264551139937734829842427129399998890822400633166679911545682682668362658797595378977836207118951346356845301229391665424909051828864530250603272056139153408.000000    41342020411066073363438430280759426312213458833230504004763525070736715640951436961731467645011425947324812434306572999955383676540139611705537748918123923215267994631779253992485128175515116192573959996987823277035487232.000000    0.690871   11.149340     -106600821159653368617655268325333725448348427982870147153381045863258325128386853090940725228677425413366415430348752558813191236879079527750485348897710388949497185907641849272359599759570076427779339697787821421112590336.000000
0.030030   -13.780953   -283273483409166337429273370879903457096921711601134965820974460140575842594861642390654266664305992158993122474239609519553294901660405762155941817461612387117496821066720632829898669286087245544030208.000000    3999495591319765136389315833616964766809812663318660744999933244614963080487561352098414549473601476501605685929951178540899814992499193697427131019558562829461989209476415871881895474203490673926078464.000000    0.621315   8.396408     -9433110084495602716734026299903122613360390106804565492192632080972912206611809853914388701379027221206516539773143719367886431416977056227100490946341823457549159957778886131635703098286236776875950080.000000
0.032834   -13.745876   -922472586021056418086339958248571807268067406078931985967905049217170265927125515749956548235529944158701163367881698424976094956285501974772828438822569114771297411387710973581197312.000000    13022838587000996551933443650456569947542407833277767336817956855830744264310037321888190088138166008873428075870974059646299137970156935250850298863484621147790878881462686304566247424.000000    0.561263   8.070852     -28094864255386684683558694441118828211461721801413546097630020681750116566293512544802215476329196598866427374680165200636805297031187976489187128027696205505905877550622486865844895744.000000
0.035901   -13.713502   -110581882165748633605783461447524972130037132440877324108661205190839599603311111424598919440693392791575805880772674577601459753000294944230423134130771443802169147392.000000    1560932425673977907266321446327027861131169323774600106126061198802372014877104734873066295946967037114711576924922684562616850308261941543058770655753513972008069627904.000000    0.502909   6.576186     -3080221421035211605255296427503593322428241348452172150546145887418202004428390400750454136423722094449473139976796287719101835011774819430597907591288770361615510929408.000000
0.039253   -13.673089   -267191696732814412814368095662384113065410196187943287141805525458895827597807353305835599875209714232849432992633522832788291953321654361351649558003712.000000    3771172191959378400140084099720404794210048675437461922337784813876340119245528007110080867037285832320498192146773484378913981473225859322935219031375872.000000    0.452319   6.167567     -6806837876716123667097212651531088975974826486082816983788829483414161351803498249279676667242531717029255242191300578472706327866440849373950363169718272.000000
0.042919   -13.632401   -12412426428738912019548928659017783318154708996899837309502431621934588588396862328344157887517128926883821094316475573505175114105485262848.000000    175170758794345086847837430235597989264346482806314198459398498444400197892029501082265340869060670482543103544618949378937353470558764793856.000000    0.406250   5.340862     -289203554305284042764904825355869288384132292510423219726596367967314224633041641807596822816497691584183409087139175276362350211051366121472.000000
0.046928   -13.591095   -8494604759218025498300849306566046550973840712063430663499381029261392714605807375002428615551545064506465248562080213895217152.000000    119866758168339987637751819974583400936175333765366078454967243517191774627434492884451483899892970298261244033599251384337694720.000000    0.366370   4.361281     -181015016907473060736447328551753551138906701052464114206078167167291308827017659606690133242600852169877073758852873230347141120.000000
0.051310   -13.539483   -56091548643642149420841821396369040536619660955949574104794280678944308389947166886189862347322153385579088132964352.000000    791419950136926495324638949544398293786871841445208463779480827325700014777627405017143889065722253672381298084151296.000000    0.339398   4.099133     -1093184207418866134536618110588642331833394490024044268121457022619310769249260340328456151748532928906136108159467520.000000
0.056102   -13.491134   -3856291572522142253077006446427107189965500080086944291288853880444575600375432687042311923840777304670208.000000    54403990843043866823514758430200338861424418541014476137432484027346248583183405949904540714236526356070400.000000    0.313911   3.342931     -68736952178355020208935754359899729380888723532080444397870103325681082132332663687739496511989475490922496.000000
0.061342   -13.430418   -1721393685613065354792608316619020293742603063018522837972928974015459927380251994980716753453056.000000    24282355941527776435299594934352538949720691078889721204881935895448008730885815094199186064670720.000000    0.312461   3.145223     -28062418917829564482124760144284120277030866158782613461359062451198358603806429701930299363950592.000000
0.067070   -13.365461   -4937221820750036263558726449480030782027152419745832242879782114448873041955097885540352.000000    69636104112670743156486055334062600508014546408010719426494229763993635263440260276682752.000000    0.333440   2.906317     -73612577999688965055816151673402094287447674874954626098571832350116801764818035597639680.000000
0.073334   -13.297196   -78897302944562563704157366835433122518296590269273305919919901537093374355439616.000000    1112645462116382738892479521044931084867237265196136801929802216985454296568954880.000000    0.339889   2.604637     -1075860678742734450770384986559879361736115151013397500935773113755289337037062144.000000
0.080183   -13.220518   -5695003403101208503701970092209498296606409228182154802665055595379294208.000000    80298262188112153644424911756628322089491182557446938117817143950753923072.000000    0.397337   2.427676     -71025182002478344714526071114809901641740030400235192224119850262549495808.000000
0.087671   -13.134558   -1634440500574535684426658273898036938583828626892036475794806013952.000000    23039097418980357431822848307376771524210343898046495767245910704128.000000    0.495571   2.328545     -18642835715073243284238421469210663544216415486130275821522473975808.000000
0.095859   -13.043737   -1755400116678598654198827720366787964945529649059930203750400.000000    24737915488829057012482234194745638795566454043591536560570368.000000    0.545655   2.172024     -18312324257979827823972718313933138583287261879408288266715136.000000
0.104811   -12.944676   -6111318860725774856860404740616991731846655191491280896.000000    86085881638881628751233395841906410739596046286559641600.000000    0.676038   2.057747     -58307816795508061295338454790176894145581443028680179712.000000
0.114600   -12.851237   -70876324970280188882436754178890056204077076840448.000000    998068829877890576716456783554651855041650654969856.000000    0.695637   1.736114     -618468403634562016099169954348656735701451749195776.000000
0.125302   -12.725055   -1790889796871365063654682909938743931928838144.000000    25204232699100938494542808073208793639830945792.000000    0.802863   1.803646     -14292548628264920827496509398932543875261136896.000000
0.137004   -12.602220   -124798008258149512411943130090455349329920.000000    1755103122920172128952061322073442204254208.000000    0.900318   1.745728     -910904736477104247647324909320084907884544.000000
0.149799   -12.453467   -17879509380097844886151595470947876864.000000    251193120047924124491208317520631037952.000000    1.033331   1.778325     -119356312636122855828758278945550368768.000000
0.163789   -12.323093   -6644642990930365767157644500402176.000000    93282423848402998409265117321494528.000000    1.048743   1.517060     -40568218576815620879583055850766336.000000
0.179086   -12.169853   -4565013720878274580143572779008.000000    64017392946838443604835815129088.000000    1.112368   1.515881     -25490647229707425131472390979584.000000
0.195811   -11.995717   -5644895499689204751299248128.000000    79026737962753490169345605632.000000    1.246268   1.455760     -28828309223914708382110449664.000000
0.214098   -11.788315   -11420674857386441908944896.000000    159620175472700365723402240.000000    1.372121   1.693329     -53343256207722575669755904.000000
0.234093   -11.604687   -47198308205890799403008.000000    658751333823059953975296.000000    1.408613   1.451457     -201622352070167794548736.000000
0.255955   -11.391210   -296338223651774595072.000000    4126949674198818095104.000000    1.570055   1.412276     -1157775640860936634368.000000
0.279859   -11.168591   -2982013074767965184.000000    41448613591993819136.000000    1.709946   1.358016     -10655424784628490240.000000
0.305995   -10.888060   -39237787362846512.000000    542718133563315008.000000    2.068771   1.569430     -128230171649189984.000000
0.334572   -10.612869   -821080587922117.625000    11304302892547386.000000    2.355873   1.518784     -2454121095857952.500000
0.365818   -10.351657   -26688168206132.171875    366528343209755.437500    2.650953   1.381491     -72954730931051.234375
0.399982   -10.042260   -1089194161475.927612    14846467119777.539062    3.034820   1.463379     -2723105631767.684082
0.437337   -9.703511   -58231613607.084259    786893594586.913574    3.498699   1.499135     -133150406925.611343
0.478180   -9.374569   -4354488401.652287    58323123174.918877    3.882490   1.505824     -9106370175.152117
0.522838   -8.992682   -387036435.028153    5113985591.088659    4.378583   1.516132     -740260359.412641
0.571667   -8.624110   -46016080.534885    600007134.402822    4.799719   1.560273     -80494588.752678
0.625055   -8.226277   -6561336.881748    83892416.591031    5.140223   1.626866     -10497198.861656
0.683430   -7.833038   -1171331.347575    14683759.282306    5.356451   1.621446     -1713890.156067
0.747256   -7.430814   -249772.476189    3059596.638650    5.548251   1.646178     -334242.961784
0.817043   -7.012717   -61792.130575    734714.862961    5.534391   1.708884     -75620.401954
0.893347   -6.611359   -18280.770681    211386.319615    5.547885   1.697831     -20455.824961
0.976778   -6.202878   -6127.369573    68516.881247    5.414501   1.753310     -6266.691105
1.068000   -5.804469   -2341.037041    25261.515541    5.190716   1.758591     -2186.546467
1.167742   -5.432826   -1022.312750    10680.665546    4.978755   1.752685     -870.808650
1.276799   -5.049962   -481.075051    4828.905773    4.649856   1.750877     -372.827033
1.396040   -4.682038   -248.191692    2392.428866    4.294339   1.754040     -174.428813
1.526418   -4.335693   -139.397138    1291.122295    3.918053   1.740909     -88.482609
1.668972   -4.001511   -83.612993    743.848213    3.529029   1.718162     -47.700917
1.824839   -3.690105   -53.533078    458.675615    3.153425   1.682543     -27.313632
1.995262   -3.397058   -36.104558    298.324461    2.782793   1.639108     -16.392581
