Temperature,  F    <E>     <E^2>    Cv    Chi    entropy
============================================
0.079433   -15.828438   -5863453899473410882393215364383961421195985289566342218048401090268642927766327307272192.000000    98903609625316559471329006873235529604265053711554763832208581238343246364012658833752064.000000    0.256310   0.491683     -73816514376215486137920749701929370053160176901579879430402726237767698953370620043198464.000000
0.086444   -15.710306   -143063992541597880797213211422298303949940502022099989445909470833155362412036096.000000    2412635406654583626470062200933787358786428516881699369422790147422283320514314240.000000    0.454381   0.639514     -1654991002167024812214007174669653865956010366208330216179085732346465015767760896.000000
0.094074   -15.627485   -23525080278703175556955392835702004150592485633635830328771295271356203008.000000    396678876416144064879018694176139728183338478508630163727614405056638484480.000000    0.486436   0.509373     -250070080810925094440327518153668679111396143518870186167870872006084788224.000000
0.102377   -15.516945   -11249403270200085063532748909707207295200203579424101274034234195968.000000    189645060065342882782194046536958157714394318711066470170817147699200.000000    0.574521   0.562942     -109881705046230668469219244152505322373923201361211943961823578947584.000000
0.111414   -15.400271   -18087826234039700812290214519699471167204347622180065340555264.000000    304803529694334184524926687646701850299314763978276685809188864.000000    0.741051   0.546484     -162348240087417728151582814774244067810599622261378456450236416.000000
0.121248   -15.283091   -93032316597902826010309585529621422020073417143310352384.000000    1567158377835920493958114985196969867994162182443889590272.000000    0.810594   0.550242     -767291456009611852538596066925731956414689284537045745664.000000
0.131950   -15.138994   -1132984070642268027847853517316546054078273637318656.000000    19076828873620452259566027776361922777364531385466880.000000    0.891502   0.620151     -8586489182593837824779336033267766627465649058742272.000000
0.143596   -14.989514   -36336951007954905376600398645509216840779300864.000000    611241730374286789667932485942958643011601301504.000000    1.102009   0.653480     -253049583480914946211204448944494264411813314560.000000
0.156271   -14.837589   -2891208326635361619853814526794380810911744.000000    48619550255625137481870798617299610863927296.000000    1.057153   0.660081     -18501282240594960313629887837285125420220416.000000
0.170064   -14.656024   -449041820701465583888037857068593446912.000000    7539702441286421120413164032228704911360.000000    1.289252   0.725625     -2640429362635388375035506223240934588416.000000
0.185075   -14.468901   -150429660251879252776001581042630656.000000    2524327602319337980616551850548658176.000000    1.308464   0.777907     -812805320728032975017587592814133248.000000
0.201410   -14.272145   -99665089949079039425887174918144.000000    1669603869268276083968454179160064.000000    1.461096   0.886912     -494836162032437202335747922722816.000000
0.219188   -14.025666   -103071115990236341066631479296.000000    1722725050115347909654557491200.000000    1.730521   1.086959     -470241181751316956814099087360.000000
0.238534   -13.816254   -238488089400087296436338688.000000    3982283525771726416630513664.000000    1.763799   0.964484     -999805853579552024608899072.000000
0.259589   -13.560651   -810333606565132044861440.000000    13503078078922065887363072.000000    2.025303   1.097553     -3121606338909907990872064.000000
0.282501   -13.288153   -4448097821881358876672.000000    73877778107306252173312.000000    2.312819   1.078495     -15745408230842087505920.000000
0.307436   -12.994948   -37635569076844879872.000000    623021904914275368960.000000    2.621609   1.220984     -122417465827453452288.000000
0.334572   -12.698670   -501389548971859904.000000    8265156119091843072.000000    2.936010   1.205151     -1498599133208986624.000000
0.364103   -12.362705   -9120733852748986.000000    149561426882839296.000000    3.398884   1.277290     -25049859773952952.000000
0.396241   -12.023280   -244966524884912.031250    3992282611212043.000000    3.747962   1.440361     -618226419558923.625000
0.431215   -11.654200   -8815831642165.669922    142700465510849.687500    4.280105   1.415897     -20444166444281.082031
0.469276   -11.257653   -418146149268.592590    6698591193108.755859    4.769413   1.548798     -891044772151.444092
0.510697   -10.834458   -25653954001.229580    404666088665.979736    5.152298   1.679335     -50233223422.217560
0.555774   -10.446380   -2258534949.043700    35295657638.054611    5.604982   1.657714     -4063767503.118655
0.604829   -10.012149   -235414176.178502    3618328616.794912    5.889316   1.732240     -389224291.362770
0.658214   -10.012149   -235414176.178502    3618328616.794912    6.202238   1.824045     -389224291.362770
0.716312   -9.085045   -4667193.544243    68672499.123808    6.515160   1.915850     -6515577.679875
0.779537   -8.630050   -904667.843273    12993003.072915    6.592628   1.957847     -1160508.369998
0.848343   -8.174189   -208510.634975    2914724.572394    6.606990   1.979593     -245776.160543
0.923222   -7.719231   -56280.251514    764373.921271    6.561959   2.004433     -60952.333599
1.004710   -7.258522   -17316.322866    227279.037623    6.371288   2.061476     -17227.917236
1.093391   -6.812006   -6128.613294    77699.453354    6.158915   2.074754     -5598.912982
1.189899   -6.374164   -2437.221006    29772.879749    5.869736   2.094433     -2042.901330
1.294926   -5.941442   -1068.925153    12522.444387    5.467614   2.103712     -820.883852
1.409223   -5.532904   -520.791136    5858.055647    5.063860   2.100035     -365.632966
1.533608   -5.144991   -277.213543    2997.629033    4.668497   2.077752     -177.404266
1.668972   -4.770023   -158.140227    1640.363461    4.230931   2.049563     -91.895028
1.816284   -4.415234   -96.409526    959.773448    3.792418   2.016095     -50.649739
1.976598   -4.081800   -62.365542    597.427460    3.382216   1.976976     -29.486896
2.151063   -3.767575   -42.372830    391.072433    2.982545   1.922983     -17.947062
2.340926   -3.474933   -30.108459    268.711936    2.616449   1.866679     -11.377345
2.547548   -3.202770   -22.222275    192.456289    2.278510   1.801715     -7.465807
2.772408   -2.947591   -16.912613    142.663969    1.971603   1.734488     -5.037145
3.017115   -2.712234   -13.252612    109.540083    1.701607   1.661867     -3.493529
3.283421   -2.493754   -10.630642    86.565016    1.462065   1.587719     -2.478174
3.573232   -2.292509   -8.703699    70.208145    1.250446   1.512101     -1.794227
3.888624   -2.106698   -7.252093    58.344687    1.067556   1.435675     -1.323192
4.231853   -1.933922   -6.125723    49.452565    0.908402   1.359384     -0.990535
4.605378   -1.776885   -5.245774    42.782978    0.771702   1.284176     -0.753226
5.011872   -1.631521   -4.538428    37.646061    0.654669   1.210108     -0.580004
