Temperature,  F    <E>     <E^2>    Cv    Chi    entropy
============================================
0.025119   -13.819124   -1190989215021346058716832750444534032976917409350575155206617700121087332825756222662288077979253463584843747762870918321954761171757531855530168235494381278637638812112295605089408272913477291309993133584013719659910358341362233098299768832.000000    16789641331622643831017716103263912757327756576442659352004242020245967503479563134229610013460451933804028321081712297450542146200510362932529973618089775445747343141869646422291193127246423698823823351893852840474414698288434695326897537024.000000    0.140965   0.365339     -47414134655186008959091719400180579850364239244633003240711465841101461700492347576167641803962827456537515421142421326839992332889908863405632806865256601283502122426589896436281273957285047488720937912787971906345773654607517149552023961600.000000
0.027465   -13.790403   -1636914356076259418840733210290918070294844133398189996065959414904811824147706743101325039915096366531172451044817731369878841028861227915105236028528160799477819190959028166208477991414702075327203687483579104403390464.000000    23075468263134340034923888433844053262836087011207452696362911291797203090125776485805044625751862637642443975179924884015108997928077106755190873760812660689643446985904260379464608289486485028901320476293887115258757120.000000    0.116818   0.317864     -59600574687587548804302554319694314388582484467059552104273481631192693879519164201112106398592362451438480006314015942856997398894204709612006840329657916330351645289326120282631490448472344896076873297439681371881603072.000000
0.030030   -13.764151   -161631333692247114562795800610261265965839273001339143133499015270846025870434229175741334859855097070215061938204503018482250044351289912450301907220880333407390492510021317664142384574001262052245504.000000    2278460816147188986934977271700670695577981092947305035141540906178124690442733001233058677212258229905959318844479700391245811634764359529469351371838101490670482012725716836692594628040348438825533440.000000    0.096431   0.234780     -5382382231733707993225985648692251005928648081843567901943642155985154413291009794762885057079228290696163521650223456861686675359620424555105190279659108802660319857741631728818672399915730113631617024.000000
0.032834   -13.733963   -640829737261770991308695055535376378077612633271207003200592791062061269897116563969392458350084283030351107270357410034101288576407790305129555432893486650151078559593891881921019904.000000    9033395640468443960313566551776944759846554009258194886259574618984411836763430133710646353158432198701728543325977277607612059068395979380620108994785216600108043983486827998245552128.000000    0.080156   0.185366     -19517137692776499427921968202404743240830404409793672790661805555146793002805406492259805643544717894617237677536442930351509675382986208710936538105956481761389604516999447118063075328.000000
0.035901   -13.702115   -80414803916025437501809540600257184273262622535495805074953394164544629845070969182366165166298900938443057542434713468143398628991324515145329963414519948503681073152.000000    1133541408839050270208268003112122769419614343796097942450920031323069028419005440137368228304544605135701028525117818710432658229402545784242455645733817679126554738688.000000    0.066873   0.144169     -2239927524648412416448280916057104742432113327252579430954070945992298348740789522200077037471231508846153432879898525970016980357156788130047499393728157419267178889216.000000
0.039253   -13.660566   -193961039949471586348946721769359184099166031210003409688075511803682748132306963297778301169011733419388686501975627826902175637311353454127606929555456.000000    2734070316744495296594881701025911793585007605197471437051744231068126062829144481179582176686467635459705366114145975959314743674477545273759948867633152.000000    0.056797   0.135556     -4941251429139818742829306443766753165946021017543825210064684201980426033830331247849744243234555368462574769593170891838945255534272475178762932748025856.000000
0.042919   -13.625769   -10622543477473276457597323781652116821024000268108898414785517787413287476393245252198408419235141207160418091381811665184305172017718493184.000000    149733046751494954897857815552783576194288738523720677747036435056560338895810975805537774448522108487658574906011674570406912915916707594240.000000    0.048606   0.099864     -247500144076165373099267771010484459830151642124847640008719378719029897645771892240456218504527087894595904976420222857642058496757504933888.000000
0.046928   -13.580514   -6772537864089419627027194718235489206436368152320677922611606646984076911548747595896800011355073711270959852568458195422412800.000000    95462960237573743351538736318375052319655200430898845307717100754466680031389708531595330724762871300285339780182731858858999808.000000    0.044427   0.087888     -144318787127124846623346297119587384695067102090624961618884597764495437376814135949508123635400887089619777024508650996482703360.000000
0.051310   -13.530757   -47272652661515495940127829950550705447427662713581845176269203862393020217537860320338786966003705682385744349364224.000000    666326967757998029416769067801542095121585738130341533250119597081473232464100718900249706067743829620115661507264512.000000    0.045525   0.079065     -921310225550774122640724480998394200226734875891082956026931767756376094484028729584252082370805041685935934488444928.000000
0.056102   -13.474334   -2855811469292266081341810757835497119731670638030285104610156974410680842457652921214273172789811572899840.000000    40253102790194747790336788218636656872453699517200432059887948323930512536405813825524663258375293629366272.000000    0.055942   0.075472     -50903769256937624070995241552490092462729255377418798571178885168068116712613290154164580813321160181678080.000000
0.061342   -13.421212   -1480333334821913216901753189898595776317023633099236315704099116745049277866846798838893994049536.000000    20865141684929246851867830730635413109038483493501061350057324099409407754414133416546770639388672.000000    0.064910   0.065097     -24132616801719769355586552186339591723377790742928472777619246654699603632178766796941110252929024.000000
0.067070   -13.354910   -4215599767310618859796982073880696493341381303120198445080845776753888489903347474628608.000000    59416463229546078114064040576446338486436403791299120308722459096377686636769170178441216.000000    0.095719   0.067347     -62853397710917767438623768935861687553291234935450734906328928218184628111863794420940800.000000
0.073334   -13.285379   -67112955701458945288037045100881261267538964471720438313535153157449944500535296.000000    945865841899750073137606380912099873736451707786194607718254483485949969347641344.000000    0.147392   0.073126     -915166772229681715859398340353113223300470626016942768272166925837738401563934720.000000
0.080183   -13.212701   -5163394072578316511136674676534557082446934369089024216706669063968915456.000000    72765208002335153725860955313774709949519909183920628518643553731285614592.000000    0.208139   0.080547     -64395221178566781590494464935991090157226659538379100994700330295290232832.000000
0.087671   -13.137032   -1680640982819313421217203646623645050375998143174490151154876416000.000000    23681991178932068255781435022629607804026159276085351511152314548224.000000    0.268974   0.091996     -19169809930496678470087472183063430320940043647185742657966978367488.000000
0.095859   -13.033718   -1580659879228409464596667027665202700719738230357897880010752.000000    22267620461291455997287099771887361204233930012002892019400704.000000    0.421127   0.136433     -16489435072374210494106694471942740766026532738761569201029120.000000
0.104811   -12.957643   -6915695795415073954645779122869325996267842167619190784.000000    97409077751304210183866185604799996103648957018752942080.000000    0.460171   0.138561     -65982340742181346138471585893622598627298526899998818304.000000
0.114600   -12.838228   -63259036418129834669171288453959769334933075525632.000000    890635903869253141433532742151076086499236751867904.000000    0.618981   0.218316     -551999772637572686888959689576046594036658727813120.000000
0.125302   -12.713696   -1635188072823492415101436489292724632018747392.000000    23006120666919833903904727873013632534690398208.000000    0.828939   0.269504     -13049940363732634360548087649982714427102724096.000000
0.137004   -12.578633   -105020995862846343943673397829467503591424.000000    1476422791104589720132697214392603502444544.000000    0.978814   0.344785     -766551677356293699256663225165325749190656.000000
0.149799   -12.474119   -20529282729711391546384482992654385152.000000    288513715053159461619053370064968351744.000000    0.925273   0.351031     -137045118833645619469563996946120572928.000000
0.163789   -12.290327   -5436590413812846980914782855495680.000000    76277907573889602626682370492727296.000000    1.182628   0.571961     -33192571598086541476711910304907264.000000
0.179086   -12.153071   -4156341079812357764365626114048.000000    58282310418269539013828297097216.000000    1.136657   0.561166     -23208654061056027171078866468864.000000
0.195811   -11.984774   -5340737577352217157305368576.000000    74804651084461138437614862336.000000    1.190512   0.600185     -27274983987244361842167906304.000000
0.214098   -11.808312   -12548597430789332375961600.000000    175517317036958288357359616.000000    1.259874   0.662488     -58611514306900534954557440.000000
0.234093   -11.583716   -43119567416574296981504.000000    601358741962055124779008.000000    1.490479   0.816015     -184198733667593632088064.000000
0.255955   -11.372084   -274967895961222184960.000000    3828852073118324228096.000000    1.570298   0.855875     -1074283054138773602304.000000
0.279859   -11.136959   -2661325518039992320.000000    36964761164830154752.000000    1.777117   0.866065     -9509533718960683008.000000
0.305995   -10.895077   -40200531012553680.000000    556737857150464320.000000    1.987149   0.930113     -131376444457962400.000000
0.334572   -10.610407   -815757307913270.125000    11240345548728620.000000    2.319147   1.037004     -2438210387504790.500000
0.365818   -10.310993   -23817669306067.074219    326264664117124.312500    2.720800   1.066311     -65107940050735.656250
0.399982   -10.004566   -989903020777.124878    13476347459049.455078    3.151343   1.161343     -2474866820004.724121
0.437337   -9.688485   -56325917986.133026    762014911261.642944    3.566032   1.210467     -128792908794.812088
0.478180   -9.296605   -3678872540.756500    49015024915.197327    4.060973   1.381033     -7693481318.743204
0.522838   -8.964890   -366463354.505728    4835728719.612993    4.451856   1.373834     -700911515.384750
0.571667   -8.603295   -44379203.908526    578846198.952608    4.865192   1.406627     -77631247.669206
0.625055   -8.198698   -6270917.407444    80088098.531137    5.133451   1.503370     -10032568.777471
0.683430   -7.808881   -1130388.000604    14170364.736835    5.428144   1.517891     -1653981.550923
0.747256   -7.397326   -237779.726797    2899976.826360    5.504071   1.594401     -318193.955096
0.817043   -6.985260   -59795.059093    712059.804436    5.703604   1.631228     -73176.168179
0.893347   -6.586594   -17761.536017    205233.012347    5.594800   1.663624     -19874.629042
0.976778   -6.181382   -5991.706988    67004.657754    5.467112   1.696859     -6127.825291
1.068000   -5.783767   -2295.651526    24786.206823    5.263684   1.732767     -2144.070067
1.167742   -5.388310   -976.625283    10135.319296    4.970584   1.745267     -831.722151
1.276799   -5.014724   -465.365074    4650.508020    4.663189   1.746542     -360.550439
1.396040   -4.656285   -242.767911    2334.471234    4.315128   1.737737     -170.562142
1.526418   -4.307183   -136.274490    1259.378699    3.942934   1.728901     -86.455551
1.668972   -3.977584   -82.046954    727.737024    3.534986   1.705768     -46.776928
1.824839   -3.662634   -52.398802    446.951831    3.147535   1.678258     -26.707109
1.995262   -3.368058   -35.322569    290.525294    2.779419   1.644495     -16.015193
