Temperature,  F    <E>     <E^2>    Cv    Chi    entropy
============================================
0.025119   -14.087896   -53616255609046968926393909458916977724730406583088192513702528358900710894033000479540872826834561280916531495815129509620767998771121340354896876969466156579922602385047651281983977056781236010773643424280087529290352998287703734773090487369728.000000    767109529965577825578580037528784908656668471483896639860518239603870382504442184112886652724051289946677905716698409898583919829223890304445765441910660588013021428486759554519529169563345585321579136824729288782894628686325501073754070588588032.000000    0.072581   0.007708     -2134501581618991947421050098600050673649917836622580644947293060992181930889141240776103908672930517588405074697481708001141654506921295655395401261887167667411794749153034092328376027228183040790212071788257481717272367786275633446667639647633408.000000
0.027465   -14.063345   -34389117849407475899088209985519004928376086570757680480963171303031850985654128634814819672757262789898953022780452600176632654176986963290988839476494787636493155165231251873858049356579830503926418402764834808537150390272.000000    492012106131555810256501297384059277478216349235613181628228033074517416542109296917651294155285834703179149370019726320982891257643552423085975521329779346326080457688528362643286205751406332368421568078787177159291303886848.000000    0.087445   0.007186     -1252118767982980715839035771454397032720059370398455938189014318594999359913301861461821170028893395013450461965518651127407993796441910661114736829638614079737137344402539347486394735590843894421731454609333303757041192402944.000000
0.030030   -14.044596   -1865524461864259538455793497367665930993147815589633317991265717354765458976249241854997471358274003595052811012091086427645324740885097384194985965589009912378413436334124152468825712295473448285114466304.000000    26690047709540526602832030963582248442419453363020176485530250337244181530514975509766957762119054800405406119629157506256203449881263714182455971181149649486083566323124949758408599350495239585885793026048.000000    0.098741   0.005133     -62122643469125863220157545983191235499256750782289291626294635134426847433927156818106438941158811312326381716491432666032119952699580878835533347682480396989518255031465898067927345446250282158975428329472.000000
0.032834   -14.020283   -3983842167139663263575880976954201346453863727298551836945906976568771090723124041067704068030737287529004589083467388256846127660086952547207710777591879010622297773484835469709994360832.000000    56995658695850841362476786124942525368904293038830272801251286616714634081726121856311920390448659762644800973793027211438940319735573029581022388893514851674406066271575186345842322702336.000000    0.119489   0.004220     -121332066228057572264636730293420754389224300604059803734786583913133179020437502732298802191829724221976280910143662517696843193179428917981510196001353681417191240739304656936771235348480.000000
0.035901   -13.991420   -257938050667373923025060178659956870897061914871258191756626382564801277056339341482699575052154628293233309302204268653858024200671173457775421182546018300287541938487296.000000    3690114387402340819138830225856495506058549332784292629643846918873117501618219700830972711490390375732470286171808701396027115540513174607558934299917976696669106125930496.000000    0.163472   0.003754     -7184778314542012056592643882075396761057461699292670152273191325653877243039062686071422550778585943635899370369365741773668936132013594639853338294238082327425839458680832.000000
0.039253   -13.960872   -413683741192180262929506514600753465931053802997692376428123799752200769418972606780946788171292510605087117245991714387939271263301738661191228044181766144.000000    5918007312345047648874784452547415899485268982303977711020766157484006553321661116422599122360521644239778213019182996094017690425656209144466157139662995456.000000    0.199177   0.003270     -10538793656242904168238282306787110327531050027762732192111045675295845252328353244329032811233848107747625517902885081589167625361352221828171395998398021632.000000
0.042919   -13.926868   -12006026409365063838252491371808441570900599404872159505721390033266382882997286724878933337220623043214541802242656125191568828963687342538752.000000    171743730503273990829665821364789074037186200894545269653847122864765390941586255538131032553195130242727562883058262768992816719929645868253184.000000    0.246442   0.002912     -279734629695948497866053655171968049211416924302896789153179325687002121115345480753356415233404850470239847255058567828554559203139783887945728.000000
0.046928   -13.893371   -5401067504996080949272523973231500132088718326036058119438149307388791953081790572301831926418313494003709990882516848114803933184.000000    77256181037770940241728706868974499195815988114302253087618651034637101256903688634748420447611666874700971703812890874332135292928.000000    0.279950   0.002415     -115093562731607216229489959840039091022100504155752469383715363015863027814676007580817672992460001251976463710772434822773986033664.000000
0.051310   -13.858191   -28337914028899935731189415650298824977346847951834697431053248661844879189085919948481767377113927250018233304033001472.000000    405299885768869391589406683883351146840400910257754471545123251643386087523417087535358334905586923111231659276937199616.000000    0.335065   0.001971     -552285697875776051053640809049726424462614334447939117201202116220314406999098044653493296151389327204147419395552968704.000000
0.056102   -13.813104   -1214725890358451215128246842619268081663098392019102955950183468509673171345054076097799158486615647743639552.000000    17371393112908586588913538730418603717897003161662725770626638010895596013327860303925559631089402265213075456.000000    0.377339   0.001835     -21652033790787526049263282688055830800631671862234567990005697659861223815635521055443434803288423618861596672.000000
0.061342   -13.764357   -403666873280811556358062974886117422553332994391539980067529919002492186297684018399709344938590208.000000    5771745908664808530147886063839122005971087323980845441802973545852720652718914984212660647003947008.000000    0.426484   0.001700     -6580638116621296349252710203096424839873219384436585569814169080957441544469686335313771473697505280.000000
0.067070   -13.717555   -953298394374190435223843180790674009064361249145720837302140907464675012061321023507660800.000000    13628489547105304113664537826264564750189454209911665299748376641730133978576566622590337024.000000    0.438443   0.001438     -14213408868509734774850112544757686949946465589314265861593461367060559098790980793292292096.000000
0.073334   -13.669994   -12902146952335982192068433365856284788453784778412436893313428842059023567070167040.000000    184416824246763888042201076688620921084419293369836029492072423902702515813139611648.000000    0.449025   0.001183     -175936464990852183137689843610166357858861222553192417992032648257068025066685464576.000000
0.080183   -13.615652   -797206491958922277697658156813114997430736841583505833143762564815859482624.000000    11394468827228556016627079191850557426237509068816694216881306128811145822208.000000    0.388460   0.001051     -9942353353837582883350969659978372563644850055404806086766477110434567553024.000000
0.087671   -13.540540   -169939919769011696989902653968413288063549188803961212115695033122816.000000    2427815900850977683071389959042770033975464894571343039356068121542656.000000    0.463411   0.001199     -1938377080458264683015492091189498389157827192193228644360391124582400.000000
0.095859   -13.477627   -164452133591595130485792206117508104568894647083624112890839040.000000    2349210119080702317915207744917432741217464963183244293544345600.000000    0.410282   0.001280     -1715563743349853572594904090231588300177523872878533373478305792.000000
0.104811   -13.402414   -488329873160103972199006232988175812628203524227111845888.000000    6972785396339111439917608406906910940938107193443097772032.000000    0.428727   0.001735     -4659133229486171929138990929412281552440149134282195992576.000000
0.114600   -13.322144   -4375499041239638016770954344252905079924877598654464.000000    62463319057463062695947972037491434159057836017975296.000000    0.398361   0.002543     -38180702911370738362557226814429990765435313020993536.000000
0.125302   -13.232485   -104223907911295492512027634629795555501131431936.000000    1487705516233489337307505259563234432241025155072.000000    0.360580   0.004571     -831779417500914852959796344574386651170183577600.000000
0.137004   -13.131217   -6017291369435641638246246044823087533260800.000000    85858488406567975890302797480251260800073728.000000    0.357003   0.007290     -43920406148179022557246097715363789936787456.000000
0.149799   -13.031912   -863119886270008696916632256838123913216.000000    12313810606965222186836184428979328909312.000000    0.338695   0.011101     -5761836345619804061355714412894106943488.000000
0.163789   -12.899810   -228244991946878929854970741213102080.000000    3254092435688755670379709565046358016.000000    0.373913   0.020748     -1393527498016566213632013656284725248.000000
0.179086   -12.786892   -145555147610875260932018092900352.000000    2075188848343227620583058071093248.000000    0.376910   0.027781     -812767528659909419798076648849408.000000
0.195811   -12.658029   -169157155622462615946577051648.000000    2409958183940828466066772459520.000000    0.409077   0.042171     -863880436757545792724432584704.000000
0.214098   -12.501461   -325487716625881463189929984.000000    4635247721419529904862527488.000000    0.456727   0.064761     -1520275717263027482675642368.000000
0.234093   -12.331713   -1074668539573479164346368.000000    15293938423478464381190144.000000    0.596121   0.089024     -4590783163231551921061888.000000
0.255955   -12.180286   -6604932558463079284736.000000    93923589418780997976064.000000    0.643918   0.102638     -25805074794211629334528.000000
0.279859   -11.966107   -52673293044528037888.000000    747988625526605873152.000000    0.817562   0.150436     -188213900516963942400.000000
0.305995   -11.775927   -732872844382530304.000000    10395551664083513344.000000    1.001582   0.168051     -2395048674971575808.000000
0.334572   -11.529432   -13063297422394048.000000    184732990418937664.000000    1.333640   0.234387     -39044783493048960.000000
0.365818   -11.324473   -392004579493592.687500    5530619188660111.000000    1.556008   0.272767     -1071583047581889.750000
0.399982   -11.045815   -13815129249587.484375    194109955913841.281250    2.009847   0.372622     -34539348074074.628906
0.437337   -10.757295   -670435326808.335693    9361469580695.978516    2.537844   0.427432     -1532994383387.962402
0.478180   -10.481293   -45762215200.550682    635617654661.647339    2.961408   0.514898     -95700719353.109085
0.522838   -10.171664   -3851623209.046503    53014914554.761429    3.455941   0.627024     -7366758738.258522
0.571667   -9.852212   -412525367.780332    5613795276.431710    3.961953   0.725905     -721618722.711968
0.625055   -9.498649   -52725817.755637    705552644.216211    4.407090   0.854503     -84353844.088219
0.683430   -9.172638   -8773295.720484    115621794.728628    4.693585   0.934324     -12837144.703476
0.747256   -8.824668   -1707293.161103    22038542.754815    4.915443   1.028797     -2284738.332223
0.817043   -8.481534   -398570.286624    5034947.637970    4.955071   1.120462     -487810.090025
0.893347   -8.135255   -108037.509294    1330354.742809    4.921844   1.210898     -120926.491172
0.976778   -7.805367   -34293.976781    411593.651600    4.779116   1.265606     -35101.289699
1.068000   -7.462126   -12060.524102    139927.371656    4.498065   1.312591     -11285.633984
1.167742   -7.134573   -4822.357528    54263.167642    4.250254   1.352495     -4123.532881
1.276799   -6.824729   -2153.077147    23462.819138    3.937615   1.383861     -1680.963752
1.396040   -6.518781   -1047.061475    11031.797991    3.614706   1.409541     -745.352899
1.526418   -6.239122   -559.665871    5714.494090    3.297648   1.397520     -362.565667
1.668972   -5.964726   -318.648035    3139.652718    2.939218   1.391164     -187.350872
1.824839   -5.703771   -193.456497    1840.908702    2.605345   1.375051     -102.887297
1.995262   -5.467657   -125.382258    1157.125841    2.308225   1.345798     -60.099667
