Temperature,  F    <E>     <E^2>    Cv    Chi    entropy
============================================
0.025119   -17.533847   -25226184735859773721019286337248808883891083324046825348762809245509157715158432146199576079697361933493332436993583821467472392237807928359430156924741201335190760409150789565235854753877277108955382812773333100029035582625596673500842418291443584068378969719573401251525717031975447313272742282075832320.000000    inf    inf   0.014846     -1004272502905255773164603477686838218809379389819309002775676052294292807342409020347030403560754721216997823644025790305048812096066735235934029939473334687893868594694597122662433709865742885231339465669975051324033455015086341929300156389911167348210340173897710059718057671013794912845117620679417528320.000000
0.027465   -17.510040   -135462052784141654918020134954686681715653872626305634518672610773791222162607381889026474943791459424278783816461575488778884064362910116378578132075379997252524995912073535720979439725120669832854516267858220059558498561812194935016737527224762756088512464105700857788841852928.000000    2403590981894419055080276267095748198682949242920201800454676284257193769995383640147219989748345319209987478347504956362546745583523738170887869148439461679223807821005122352586205486416573359439260397605648549128963600967895197938971168533153174631761509129328424668043163992064.000000    0.535379   0.013384     -4932216621062509314080667958709032673994321765454875294550842242624042718433817131125455826492866782204673163993641158710260086622482126984035881963687641366623953897251447692936463514397315009282584811630712007374038569667344147896645182324025119269000299658354295214568592375808.000000
0.030030   -17.490343   -157492418174275242956413568242727308673421432534059775409462985404473125284414263936225431434273299967167650680859533503106786655257274875007478821401185585625712509039682066799820500841207592123021118588118152964493060107550929593545360481167120244146176.000000    2794540038953648701016347584615757868126974879977710772780851561807573974420324168732643977798183535387819401595874507211190645842268844642116636966343068491973508215845775470824522896514353317770737191411957587129259052847447509919233755690502165805137920.000000    0.426288   0.009827     -5244554838779099507328737532782332477280698446917743830950579300934942641606693457996047960639042525081601141950198050825289334925260579050679004812576835887163892956305713254078659470495509899310384558757767628861435530991702529529166426516334124275335168.000000
0.032834   -17.470351   -21255304993426284654035049555442844788291171749118062231406017076362696412977151478754287020927903506052796451615824477883435032407931415236509674385020126636726626299601724118032537830798636418414069053711027487458049351452471590912.000000    377137022133793415301022686195665941020968008671105776428007771668782524619032036302256352190760878081539090662385540978525662953557394367753909609580067993963542536367168218297361465036107060302710165829917674111073955620506317094912.000000    0.381820   0.007048     -647352471549244834764849492706114662945167854789055661801304406701249145567784733029658118822564291097757876849474989584681103515743791120737076061692479163454396144170880917666924134929252789666562689729616630847737158536025293717504.000000
0.035901   -17.442054   -176901377541132469643560997619615205077486279203472598821281027393174113094869009223007016106444859911029439866249890638879078599836805053240160955146989266713714254197414764697238583050667732360115037746214469632.000000    3138390358831305821907629682323756893905035063606476231902972994771893759616785426774701516770458549681148607059586657918748566390520489687150174400320304143136242183880919811426435096791836475571341285097658646528.000000    0.386311   0.006190     -4927528830591817456835747614471791220767106426194766630427344146206881446141349521017056975512774477905165094843747002974931523611562312814358425608729622272640816417980285618362496125338029550171871859034128646144.000000
0.039253   -17.415616   -85691064773336045435282495011807603188603201465529084092122916390186099550128293574417743487514502550849139227419242898039588137553357149258985040179071211567775149204573498360307194177368621056.000000    1520190146755869547534868360884547968280770879786393456476548778567333435216066822986627780798302467266370673977798409173595020221935848465056748759191999991653352600592765651845537792898621243392.000000    0.334038   0.004885     -2183021375767340565386384251666448898246212527265714878203269900695255203863913152515589130963076495326694697380025367801958351982001393846979273286810198545507780490783761541267624107836390244352.000000
0.042919   -17.381662   -1353219271151517938037655585086232277737819669379376682744720370411798077453325965784538956854458104480413801450150848636589448618453197255068788246148796515502172817864662188032.000000    24003256048004479572876442848472911673377372227619465296293203852325389974678584594228286092454050955149631116307471226557996931818796580922253730824743787491283194883242008248320.000000    0.323865   0.004414     -31529356908436977159453421370235551048167214702654155841496526626532013296085201693430802265534280273378195104910063702534354034303315647494221440421902122010441996676188715614208.000000
0.046928   -17.346515   -607050541785797799078634084026252261231363254537574674847721482650938815913216821271606946553347092228912515495352879295295583327972894086354432625739284657209344.000000    10767084186217149259777587667688767754716412233552076201761448839692915422438482890118794792607211086947311831384804895968928347515700134069004249144356977021812736.000000    0.286499   0.003841     -12935888978919651668924025657222331718152908193583628566080534659170912026133321876824222594464925951070343405760072408265999285661911545855584230032831594912284672.000000
0.051310   -17.312039   -6018867048685994705084077486139656781882243922576902676208736368951601246779721105845408588757097637002936293519482775229942073184457209531458387968.000000    106755632061480075081664170175993765938162939544383585724885548361827740529605334842328713666052004487858932786035385798567431051314784769637982666752.000000    0.237741   0.003120     -117303418487860312745956561311186550522417571327205730302573661970608433411840273660870038204613310395061427081139244414943455799960403415743441403904.000000
0.056102   -17.271236   -886720862212182349465659283287775482701927522989627069908756454781061228972417952602010052456711090036276684879259450306433095410122752.000000    15724582903492878699333434333062675284076813952944837011247103688470956936029657325486437289457911322724492918827446870304906193282269184.000000    0.227896   0.002718     -15805467080271855878874116202490273945386198513340051833088862117327278517575108494580124429018939298768821905075047882529325134810972160.000000
0.061342   -17.225776   -1607535722830462963356132347453894774728079800239585764330572196320653046469524524017758621729030847026963433409391515140096.000000    28508072784123877195507128370555090637511492004938900550836140363649955164742020800125186287902671685365177839725048162680832.000000    0.186478   0.002420     -26206289273902057252904146544285657266177192643523453415499643781730554845155668247705949983126104226128190611218181319032832.000000
0.067070   -17.182189   -32137914824564767238106928402720911812138638321167558804379195333810437003490054540012187200845503417583847604224.000000    569895532412719340618119864638638273512004764534213674165000876249471084663259261492255670810273159052794993311744.000000    0.162327   0.001979     -479167201244209301203397127398900262313183042955298520721553256019485671380774552996706376456584121891207543521280.000000
0.073334   -17.131046   -5024319881286677537271427639135082420002328310577952658878363347708633171790139340920531815794164629504.000000    89087000513261632315763078921223196306786270031185908402809707994177562485269866813626881200995648405504.000000    0.142294   0.001723     -68512712044160350545464499254333548254971360534184298431903151762155396267727298791713037123029731115008.000000
0.080183   -17.078804   -5658002175684644462579308696131498168717450431216994835776363159057700192498173647098719764480.000000    100324631016619405224961059531771941000617689964352982613780192743748611476795149620925308076032.000000    0.118066   0.001444     -70563721538706641854491919763420506498467004715870078658832965418860019161653878067650289991680.000000
0.087671   -17.014605   -34156471444213172748058917132041657167798746564559065213857579814609773188378674593792.000000    605605244624510605303998108243403726203122584554463904389838765576704608034405381832704.000000    0.101639   0.001326     -389597226400850449239734704593619888925226959148859071351152759958328359542521004556288.000000
0.095859   -16.951079   -1113163107963373315832312815238847493647793548493096533972330517940295977402368.000000    19736882021906132402694849838775270178608404298441030391532270906800029237772288.000000    0.084782   0.001143     -11612511353602794465504999838334341196295983496423761865149800569600967631175680.000000
0.104811   -16.875788   -149609103110894721278396749233059630039655683556080686933450632072265728.000000    2652605528525739738494830017213187923405578912094929964801671857870733312.000000    0.071322   0.001051     -1427413684988831284487668396553185949210020163695527447631577898465361920.000000
0.114600   -16.798532   -81182330522148776736997510826127315974593356633080663051216093184.000000    1439274880719258158118319529321889453970680739902501641213339238400.000000    0.061525   0.000934     -708398839562014686755338755070156901645639021106130925845055799296.000000
0.125302   -16.704088   -139503455546015500689084125073703410278521090951865482346496.000000    2473207568130064304369059907458089244406423907850227174866944.000000    0.052116   0.000916     -1113334793511939404662029621469125217107762438572269073596416.000000
0.137004   -16.610944   -802008704120690211160404032817026944850087781462966272.000000    14217940043719815338117723862077411551836593465019334656.000000    0.045106   0.000862     -5853887714042862443099697448252210108236465428955660288.000000
0.149799   -16.523444   -14220015617121037462842836632306458964938228498432.000000    252047203155461259226219073630101373520683743576064.000000    0.040633   0.000806     -94927024763716417188410634212539485282947041329152.000000
0.163789   -16.399071   -538820810739112796856294174342521755665432576.000000    9551132716039070176384490089283037563927396352.000000    0.037674   0.000991     -3289717815334528495030170600476824436157186048.000000
0.179086   -16.273301   -51565232698627921004118827042142741856256.000000    913967633315135211172002814336546717564928.000000    0.039109   0.001413     -287935860965082034947868767250522327482368.000000
0.195811   -16.135606   -10868581403021233439718887406851588096.000000    192630181869355255948302951867616329728.000000    0.047176   0.002262     -55505513880431573106264035303167623168.000000
0.214098   -15.992888   -4896537646636191562871828383793152.000000    86781951667754837954230332185116672.000000    0.064054   0.003584     -22870562858756217584692028164276224.000000
0.234093   -15.832774   -4187316941586303903872780861440.000000    74220398455362471813394982764544.000000    0.092780   0.005838     -17887435433978556408539121713152.000000
0.255955   -15.638298   -6065793685143016325706153984.000000    107476375676822467083971330048.000000    0.157258   0.011449     -23698691598418854407313555456.000000
0.279859   -15.447995   -16639213641770046354096128.000000    294816440289642337122910208.000000    0.234775   0.017897     -59455771986861877259927552.000000
0.305995   -15.243453   -76370762688528256073728.000000    1352307624038454221864960.000000    0.358017   0.028507     -249581759490403055173632.000000
0.334572   -14.994770   -515059631141522374656.000000    9113988455125332525056.000000    0.604162   0.046960     -1539457545340407775232.000000
0.365818   -14.767623   -6015152746506655744.000000    106345982059890327552.000000    0.823830   0.068605     -16443011252825729024.000000
0.399982   -14.498085   -97341884160932160.000000    1718194998001624576.000000    1.183959   0.103513     -243365455254337728.000000
0.437337   -14.210521   -2274241968021522.500000    40037780008213880.000000    1.688004   0.148940     -5200203545501403.000000
0.478180   -13.900979   -73841541174990.062500    1294645514109165.250000    2.278145   0.207721     -154421908538224.468750
0.522838   -13.563571   -3212307040301.845215    56008396887981.750000    2.985453   0.294668     -6143978716798.163086
0.571667   -13.232799   -194709009774.962250    3369533585231.059570    3.648936   0.386208     -340598860711.135803
0.625055   -12.839617   -14166404127.349859    242147652580.329773    4.526071   0.518045     -22664245148.062313
0.683430   -12.489182   -1446310722.272473    24418347190.480419    5.009076   0.637571     -2116253671.462942
0.747256   -12.105001   -177962598.102481    2953263398.375692    5.468956   0.771086     -238154789.599293
0.817043   -11.718340   -27119084.679180    440626685.977551    5.645168   0.913670     -33191734.013352
0.893347   -11.333678   -5034386.819739    79811594.296019    5.615097   1.032993     -5635405.816117
0.976778   -10.960299   -1127523.713310    17409233.990571    5.391695   1.150506     -1154318.203248
1.068000   -10.595127   -297506.773262    4468660.011626    5.081633   1.234879     -278554.361101
1.167742   -10.228320   -89867.476514    1309197.871835    4.718874   1.315444     -76949.566184
1.276799   -9.898233   -31719.420438    448603.449254    4.284883   1.356940     -24835.176409
1.396040   -9.562932   -12402.191944    170184.243417    3.930823   1.387794     -8876.985073
1.526418   -9.264468   -5479.345318    72985.163590    3.529252   1.396229     -3583.606174
1.668972   -8.963673   -2620.543683    33834.127779    3.168564   1.397919     -1564.783853
1.824839   -8.678535   -1360.422893    16997.046544    2.782594   1.389235     -740.747297
1.995262   -8.417210   -765.507704    9295.677102    2.477787   1.374443     -379.444090
