Temperature,  F    <E>     <E^2>    Cv    Chi    entropy
============================================
0.025119   -inf   -inf    inf    nan   nan     nan
0.027465   -17.527101   -253271304350019397731947575993254610996785755523666319090301733881688310549890465360734947914372374431347581893313486088191640243034890133869658931088039505903594791625217479900031331915189576909769878400312463554968027895634867756756885412484026902329512160294284779941011652608.000000    4514634273679380079329168953300170378674002843417717678628393325463979772333258889313244078638755954357672794436481366672880043536823751292720425245159984657046441551729622410550734179740235528810987134600895658225030014085068748941506900482253448758551478216145091085290816143360.000000    0.232679   0.039627     -9221689109819747696297676310121825327881439391440692416131174820091159356542922449252723071732525735521986497507139343975841346441046782089759111892207697217554221316883038364180069037325244742276662549612790744213376152041200407096929975319362902255382514336220011441753182699520.000000
0.030030   -17.497514   -200877751570696827862176183341674364699740161841209500824138414691199360585402386688089016457433993189352520719773698889364051290648237687004859265755237881523653352015859611864519271423578348699142325052309876538369374829987293749995975711176597142765568.000000    3580540098154771135815422975775486551943112349484128214160647282734964028876579191829630896790466800936305531230695230742309660831538158582923197935764629588583224580172591635961486378205048287278263988020270541292927918951869260140118620233484253660184576.000000    0.294543   0.032827     -6689302229377062167057645288293135788323640943466830957000670013333372567994422614235916109755763242901554857308704691933690094997104679958170816465623973670652933063165598226887507760600200350819296614868347251259079555707468219699450574433243183494201344.000000
0.032834   -17.464745   -18000094848955938139387653989974940927186477409198560578897215680462400281740265042265256513814106693667520070968299151100539493327024686159753476101799465984848291875828246247425475504041299736780209980931963710156906665754522288128.000000    320822471037701571592897475301548371549921995665981518794091576503783643628289641523420016448099639594929511895592078728770544260767839853927987586377015412941162818190562464479667613610624946646396082973627089294079049664112294363136.000000    0.361248   0.027896     -548211653147120040367729431519650396464107412305078774704552784060336971244731270457507252094843928123405684725239140531548607994573584208467681431826148779877086808832093509562514332760196736425877683716068926312463567630617121128448.000000
0.035901   -17.430598   -129159650909054101200919393457017462588768975310203662120821523575829333563928879239192874728101846057937977509685869433191790410381499282408322013637349935609510317208414979496445644741976382300507404590062239744.000000    2301895477819139133963672713304543080648904496014588148430937304168952989635509620257028352518145173314585902376044163063034870462601343636711325299424619918022225336128716902392366111250334924634986392787213090816.000000    0.414338   0.022867     -3597698969051591596721871847087747887152880346772251760362848498361781591926746327457910634114759304156197167404871235673423258562473786014267113218868587309107165769645184511469531541769721580846745194219802984448.000000
0.039253   -17.399369   -56907699814404792179444322918646084159179899524930286516714122321652611774004828847756649929665012292478934121749774914680263602996916604433025010248876660266795495393182807144198907291404075008.000000    1014204949225676734728527607732505992579676349699841713107614958307564933198358146099221715216461100145534091453879219194717570571182389330974943135498016259090006988657387695390155014830691450880.000000    0.354728   0.016253     -1449751213492364869757300536801969097316592212862032071534529872536149441029681309744896802854693655050841919602899804737348471657941496812781864161471291703000741037383240724999542858718715576320.000000
0.042919   -17.353261   -701389486567568900363206638783512155610386219560998691795356351697924833151474158043781062623855476336256582236368525021922405518272653845199770912883315138332949629877375467520.000000    12497896745690998829254111127407684751589213237831831943837639230452514369719329823895021236531921473870534044828772851857851465215727476942871125610831749795131965983788963463168.000000    0.489697   0.015657     -16342037041045161936196345231025072153255857089122039207099108047904001135487258135581416812497022292138942578401754652650068152961922277970329594322433074604847802417686689873920.000000
0.046928   -17.314555   -308633072236817622778986474442310367333837701538549445635886266454510382640399288359780593648084022617060855265073369046007002954548392690141489958658439206928384.000000    5499376993641750812883918912592897392014435656925452165663118256615564827173567061990351562890217384225141278859129995166528079827379159251461370439918083215720448.000000    0.421074   0.011746     -6576788723280844197422887643609056504040577757332068396875674793749517721106820551316671442831555014888621893265811931586836302955328036427340924687241530889469952.000000
0.051310   -17.265007   -2417441367139581486496541720711693302152129456121292981373034848202844909341973817690585348364762574871852050690745175661420799199122698128030957568.000000    43067803309805964780780077464501567481833154271709223568348380447355505143345730548333331144177051572437299991955251290686603621076684677310282989568.000000    0.475353   0.010361     -47114205059795732448332283834376758418468107670375817560947709704780471962934996492334024037577283246447116998613137239645411957889737240261932613632.000000
0.056102   -17.219166   -352155057107904222846802092333574199127576165089461740967362428347890578479330421976699563483507317838609983502024755815237799775305728.000000    6274190271001858409525411735930844380036520611457896463139722119115420461277644375933030279671592611415940692185917635198943107932487680.000000    0.359162   0.007936     -6277031926805349696214349300893642867034622577929757860893536746494188955489271980758335552607810810093447769948616084521218782114349056.000000
0.061342   -17.165291   -602376985821698239974077571153016739382971609848667963041739545627161479386676656815323586540753309266223027771718645055488.000000    10730222744150673097903135668241158354141726494462452912392320131953404787503999420185043189431451547108048901623548857024512.000000    0.393943   0.006590     -9820040275428133113206990354316736757178588002566821975494343917240963724528107015836943332400267302647200950017395504709632.000000
0.067070   -17.094438   -8723099137256216743934412838296490107879215202409736935582597928881911737878868021511594843046611287447722524672.000000    155349059039765609822297203292328801052377632049674435166940836295703818924530776949357983171224870599276149866496.000000    0.419016   0.006622     -130058935764555907239055663736547384433676475362589803530979709607917760771510105203007170257491024247630633893888.000000
0.073334   -17.032142   -1309871770070407123434164466378177719409556442709165068474319813289574209891667597479061825613685850112.000000    23326097537083595543104683068562890875584656839628333981361046119403002864712079001301082676575900532736.000000    0.367405   0.005411     -17861694620969511261240461324334981088191254179532316323164224595803049104475478684868486272986889846784.000000
0.080183   -16.951248   -1157547924505458638527387200992147625712137405580782254775364888561769717528902360152858951680.000000    20608446870006070991462688171194224531807333471748417660534779960447557189872474195562657218560.000000    0.366297   0.005306     -14436348180199706686268364092327523660974902287076618525008122500570459324520682763396187160576.000000
0.087671   -16.875379   -7005926608170396197223136382185985160700230187851580969622300639208218418709388066816.000000    124697776898398254571759595289018861884965937143415938960906030017298106498496264667136.000000    0.353830   0.004601     -79911345039522148440642711653446221141024057138561039037414919781460239900834189541376.000000
0.095859   -16.796193   -222065557728364356467559674818114190637109016774215173042948760065276140060672.000000    3952250178940209555562528520216233568817691147291900426360135160107307127275520.000000    0.308569   0.004104     -2316586663640686293903386749554894821845324704477507240062692538606027028824064.000000
0.104811   -16.696975   -27265263585192173621063399815184272504126065452838312273978861075562496.000000    485183016953630644684598953546998210935875141685330790727590644748910592.000000    0.279498   0.004533     -260136646481218295954241242232046364120747809446109466406076346416496640.000000
0.114600   -16.592560   -13505729801295663532002428717749650514698352850696472862281170944.000000    240338630070199791252162470712339263202146568336715685534785077248.000000    0.241805   0.005253     -117851301596542680930864097868691628594346467393667878950803603456.000000
0.125302   -16.487535   -24865682587721956504682909221047808019472049578653691936768.000000    442444828671079412319764459783107050025154087195757743439872.000000    0.222420   0.006953     -198445475640589282851278041186517621285414326226276231151616.000000
0.137004   -16.355874   -125051465626650091480255757698580908541082544663166976.000000    2224407717434619844258937512726910901312113863213187072.000000    0.238500   0.010757     -912754730084250755958414167932876605438760177897570304.000000
0.149799   -16.231383   -2031009756698982610708946564340884089537841594368.000000    36128212514343216841131707688915002641300945108992.000000    0.232175   0.014870     -13558192807987049835340069776441310141033880748032.000000
0.163789   -16.076253   -75306535214760953095886742431945702493913088.000000    1339083996320101423172114092894040787217547264.000000    0.263536   0.024436     -459776693048082710453510293039843613056434176.000000
0.179086   -15.938618   -7982560774550238098823779714195586547712.000000    141951042567450902709685689325117079814144.000000    0.286766   0.032390     -44573938466632264889130542768810979491840.000000
0.195811   -15.756379   -1571513833776478235645398312319713280.000000    27933927766134023470945445187172696064.000000    0.385460   0.047885     -8025673239170212081523025955717644288.000000
0.214098   -15.562336   -656959287816212758013964154044416.000000    11671462369221167515233490013519872.000000    0.519436   0.071213     -3068500596123519829867596859047936.000000
0.234093   -15.353842   -541880296863478008306101911552.000000    9616741895737693381067574083584.000000    0.665742   0.108492     -2314811359710116035776160464896.000000
0.255955   -15.137330   -857500722987783770683211776.000000    15208782457739489978739589120.000000    0.861044   0.126949     -3350203820694167369551970304.000000
0.279859   -14.896608   -2319536602510029253246976.000000    41100351818984222829314048.000000    1.106402   0.177121     -8288242601069578226237440.000000
0.305995   -14.636268   -10483601180127892865024.000000    185419932395137713307648.000000    1.470011   0.240581     -34260697893030407962624.000000
0.334572   -14.368570   -79007304558589640704.000000    1394318092992638615552.000000    1.810981   0.303007     -236144290458493943808.000000
0.365818   -14.048423   -837129145711846016.000000    14720740683196426240.000000    2.365455   0.391902     -2288374799958713344.000000
0.399982   -13.721064   -13820819572990644.000000    241892112917357696.000000    2.935126   0.472903     -34553574510722900.000000
0.437337   -13.386006   -340926081403681.375000    5934758516503027.000000    3.489441   0.591109     -779549864173682.000000
0.478180   -13.005580   -11148424938856.949219    192252268980194.406250    4.203722   0.725804     -23314262254792.054688
0.522838   -12.626870   -523016462862.604736    8923085336573.515625    4.789548   0.838692     -1000340869033.783691
0.571667   -12.254732   -34258074970.149765    578405997213.254639    5.199452   0.920370     -59926663461.000076
0.625055   -11.844438   -2798383009.651444    46520119004.826683    5.565275   1.080653     -4477017439.838873
0.683430   -11.426246   -294537042.576351    4807287601.726082    5.920025   1.200629     -430968995.345819
0.747256   -11.006852   -39367302.681099    629645437.274109    6.047230   1.307862     -52682472.628866
0.817043   -10.555246   -6241281.994596    97138303.630661    6.045408   1.473925     -7638853.356793
0.893347   -10.152760   -1284028.066492    19527040.801988    5.933949   1.526416     -1437310.752660
0.976778   -9.718847   -300870.118396    4434483.538223    5.684347   1.632497     -308013.044561
1.068000   -9.309367   -84585.595105    1210243.001087    5.462265   1.665674     -79191.246710
1.167742   -8.915173   -27614.916162    383216.794418    5.154052   1.699516     -23640.494705
1.276799   -8.528215   -10192.950743    136782.848241    4.802394   1.727303     -7976.529210
1.396040   -8.144823   -4184.926307    54189.386731    4.428961   1.754459     -2991.877418
1.526418   -7.792295   -1928.718021    24115.164389    4.029708   1.749860     -1258.453298
1.668972   -7.449646   -967.278256    11652.911958    3.614360   1.741515     -575.101779
1.824839   -7.128650   -527.782930    6137.980080    3.235803   1.717115     -285.315229
1.995262   -6.826279   -309.023275    3468.989718    2.864049   1.683181     -151.457277
