Temperature,  F    <E>     <E^2>    Cv    Chi    entropy
============================================
0.025119   -14.086993   -51731976468633706434527090735272473548600779467637916785916530733651275940087547202027958628394497044546491930860206435020187479352413093061269356175067732046290273049977002487705752746176184644716394876302248343152030033403340386897419810373632.000000    740288111703408039358296960679548260191712174891573146869819941716695426129160763069185152308068784765122241648863342577076740761145027018864576606507465618474461855900429509331668126119039116267734999816715375338584971345743739404762471278313472.000000    0.193296   0.063572     -2059487077906704869638563204704602000977167766835487783218834783775404563955157439090452309331973864315111792652635088619908742320731984119177767978821344165648839311377122201007023142414070559107019284160833628351999886268825029771247854412627968.000000
0.027465   -14.069095   -42406466413246730121306134711256734728581473543642807352185268576125052659207108599072569119637821856630586426209592547213423784961292493467333464216404940730507050695725356711687506021691888228315058570194503066704096002048.000000    606821085548393314072653970755163605505884848522967621295687237428468511953447791617275298283501299714816768955942016566904654724402645534363062087791231484338158140329970042384284327966614000204256537636405029810824156282880.000000    0.182040   0.046407     -1544032990679957992601737817639626757662635045837721409472021986972816782278010366090831075218526093006172922575766008855595928194791613228499187979130034568480889210760837859651851348507048315365010177052930197905152554303488.000000
0.030030   -14.043246   -1783775651206559878695892332802592397640909850701569360154439237133931310507519721787222637995633956918137855830388346631424414420949995049978676986506788836673511562144080694416691068539938469060284514304.000000    25524315827922209852779798410044490099118245420745823515272037837255339072970419005261186263381821389640900367374702770243124803191434842145622881373268110399343104902832914465854393028103868118198627860480.000000    0.186829   0.042798     -59400378324750139247107534163564176218352258067754468729156677711241523523603316600833066821630805525714961789344073936868728956753268486793141928030561780932447253159576504879377872479311675697055219580928.000000
0.032834   -14.017569   -3668244365631825936961489464062837682332407253434439977031137000732649785549816805933294853828090863445662562708759315525043276314771757743684132607215961925513725666245818127234140995584.000000    52487009618699808245012437942621004858643285320991471541685783627820187145783080512620977518422349845537563080491902931915420939554937473091155902405178609421482013540163473094391067836416.000000    0.221252   0.036510     -111720206182539892835032718305323121606023264409713032323055913003022889699951745732821464551303823663778497011070507191146413889082893133151198704959622930800321575167758854027113832382464.000000
0.035901   -13.992124   -263080800389630878306893952335889510818287245579491644003081456329677319786538481278424414127609080249109513393631357824581361524944672658227506713752886833225691186593792.000000    3764130303262267373965731978453756079440292113204009706103368487443029595183547597018421567515470665478509068223082647257837415748884205074188838803998473805507936745684992.000000    0.232567   0.029279     -7328027891663292930490913679673305449492127526418433429254867270950069249801296653310889922004822456002065785679153295329718143517842662000367750534618362438327983780397056.000000
0.039253   -13.963847   -446313122708230887047447195037339240846157864919906754179847400102331027691098428694595552103389955418159460622373951790143213469268864218532976704962428928.000000    6385528786441601539194856859150454201652623075431670830323417713334025954158411960764949321537359372431996427685518203007121737674270378475175156011189141504.000000    0.237989   0.024115     -11370042952958035534964855098716891430557095877029294582440864766653447781071973009794379470829977576727393905472834947109218790421359520068851747950394605568.000000
0.042919   -13.932078   -13557099341056556566314047249579993230320429455526734301893002386834391522726088952464870099336940913838002566504596245647352807329894515081216.000000    193954092588743567067268301324677598590689509735105750501684060129390967340326076311944450521971513048103584990463862570384300409758462160928768.000000    0.259786   0.020526     -315873881550307438457995420463735673673236134663587161339537224639927278835502020955123770355289817219406483748130526873675035407216066598797312.000000
0.046928   -13.890449   -5075218601201453677397603717157925103926696627488200075014722444240079426242024329695941432643743990981319836522683697115722416128.000000    72598321114600870709070555626010094948383726971253268620457103819533927029505729365290137583387791147829914671768405004740680744960.000000    0.365600   0.020444     -108149914792524543342632831707929898773564168696900245827270897620867999922778809176643028715734623656746996334188684671302976405504.000000
0.051310   -13.858003   -28236532406993360889123363239519254962576804447786604201136549806111123822223210928147291415635302153815142758497648640.000000    403880670475004562884429362348795317848272266466147541476391645517195038236843154156898086081873608808356260330237591552.000000    0.361818   0.015738     -550309842498794195670599679356947398741944974983198572798189838563965688722949646190029388720358428675820444404527661056.000000
0.056102   -13.818444   -1336126567307905114944828508580092341181690186124425461918119785126282182126237048176990935824295832584192000.000000    19108951748719721404322509373216311658515879195756121574985079239385337016682661979375750066327435659318394880.000000    0.391722   0.013282     -23815955363874599543977281790957329813886511738501754323582452274580382867356362398944848503176974401378713600.000000
0.061342   -13.772853   -463697592948348628417598102403894047998937826492141496060695126614187948966122037297213434742439936.000000    6631064975525370432799982318761424997742310711698615415301005474739773182761157894617892833460224000.000000    0.384207   0.011767     -7559267942749217876274763305328219018045169573616985042493816020776336261803005635866710956662849536.000000
0.067070   -13.718709   -969849236021323754110392826517391765315405694070716372025156564942237356506775275427594240.000000    13865217598736031555834672147423884893072560443204502095048774090094792017295358720309460992.000000    0.474792   0.011198     -14460177226493904055561074763993732625272411587593537715634741097544164399489490697689497600.000000
0.073334   -13.663035   -11735462445300459949805922595694215858179283927225339065346678278654287266346696704.000000    167759800152693245617787147359109401690675103003353193717934247483457905352490614784.000000    0.429789   0.010185     -160027302842434629772503081213119275414102917472629689838062987676469343872721354752.000000
0.080183   -13.607194   -717313670298159671607964858007194206722549458600293393547930414423333666816.000000    10251381842775507867249389352943208522724888694835306908420346511927388667904.000000    0.452861   0.008780     -8945970771158664706273953164956527707403321718631340472940774312989461315584.000000
0.087671   -13.544118   -177047279021899801914532200068855742551474586914783411640361524658176.000000    2529773858402080865747131982330836105237646485532233806070869166915584.000000    0.432734   0.007908     -2019445391524358314085523502578436774352330431714218258358824578580480.000000
0.095859   -13.475813   -161358539124756628544313120254142216945071445220092982237069312.000000    2304865138170962882711823598870849325301745807595336495215411200.000000    0.437840   0.007324     -1683291383070746349893812857326338856010816651532644024980602880.000000
0.104811   -13.394912   -454633352061878011658299404734028908266042016637059596288.000000    6492147741046044513825511592394487769857392485718869147648.000000    0.425105   0.007594     -4337636246000679760988417853604382282531788359224594006016.000000
0.114600   -13.322494   -4389096333108943145080303957697766755037377334345728.000000    62660549513006304873348321695242224915333229949485056.000000    0.399450   0.007475     -38299353185629296357038547135091106772195930101776384.000000
0.125302   -13.222361   -96105485053489151219071336364774914637925711872.000000    1371413183391336641753383234317883675741620535296.000000    0.402313   0.009630     -766988745465862345699731464492672184588261392384.000000
0.137004   -13.126103   -5796169477882941654930579862960106605903872.000000    82693940770757702973814238210955170535178240.000000    0.374786   0.011905     -42306430242910694839464700121722756286906368.000000
0.149799   -13.020908   -801835629562005898603280732974221361152.000000    11437352191797200525639235121962257743872.000000    0.359326   0.016186     -5352727642030043104912869053103679209472.000000
0.163789   -12.917033   -253670061415395264867522079258312704.000000    3618218247583529797237411029616427008.000000    0.348787   0.023821     -1548757775540486292967484089260048384.000000
0.179086   -12.784044   -143275259792779612053558748250112.000000    2042910628867018937685829044142080.000000    0.359236   0.033935     -800036829554102044477566956339200.000000
0.195811   -12.646642   -159599313203722971523938516992.000000    2273767672092169895755795922944.000000    0.415550   0.048318     -815068826910021440396450594816.000000
0.214098   -12.511198   -340753012828201182923063296.000000    4854361646972835200722010112.000000    0.459239   0.061961     -1591576285449719180035096576.000000
0.234093   -12.344727   -1135897157568272986537984.000000    16162207305002965211807744.000000    0.577748   0.081368     -4852340376686404411850752.000000
0.255955   -12.156706   -6021111115201044807680.000000    85587769077191137034240.000000    0.709720   0.118889     -23524119481422329151488.000000
0.279859   -11.992944   -58001867892209721344.000000    824037398661887426560.000000    0.787354   0.133234     -207254135108542103552.000000
0.305995   -11.748763   -669977376981780224.000000    9494734983090106368.000000    1.095446   0.208662     -2189504552257080064.000000
0.334572   -11.553096   -14030606592428072.000000    198545887703539072.000000    1.281182   0.220368     -41935966009499520.000000
0.365818   -11.307113   -373792572341425.687500    5273286181827715.000000    1.620619   0.284689     -1021798736000851.625000
0.399982   -11.038975   -13582034955178.238281    190858697401751.468750    2.060380   0.371329     -33956586608493.089844
0.437337   -10.791706   -727332982239.926880    10182492551451.267578    2.383104   0.417312     -1663094607403.835693
0.478180   -10.511880   -48874130073.093185    679959474349.878174    2.823639   0.488682     -102208544436.053406
0.522838   -10.178161   -3900048531.474398    53683774808.525902    3.439002   0.617342     -7459378823.007474
0.571667   -9.843884   -406363311.533512    5527549250.567903    3.986615   0.724221     -710839615.278589
0.625055   -9.523036   -54978739.308492    737656852.867064    4.354780   0.822737     -87958200.240127
0.683430   -9.195022   -9093672.451941    120201680.847955    4.673533   0.903131     -13305922.527107
0.747256   -8.819701   -1693812.142318    21836271.824200    4.899543   1.043652     -2266697.641301
0.817043   -8.494782   -406143.821616    5143775.526238    4.969771   1.112282     -497079.518948
0.893347   -8.155211   -110701.124326    1365461.206980    4.881227   1.174443     -123908.080292
0.976778   -7.810141   -34478.483393    414021.035231    4.789018   1.253625     -35290.177878
1.068000   -7.464352   -12099.099023    140560.377232    4.532026   1.314982     -11321.750725
1.167742   -7.128295   -4787.173404    53760.408051    4.230335   1.379854     -4093.408210
1.276799   -6.838098   -2183.546201    23887.301065    3.986428   1.375967     -1704.816912
1.396040   -6.524885   -1051.776703    11077.459239    3.589907   1.403231     -748.726100
1.526418   -6.235841   -557.043663    5670.626850    3.261937   1.400594     -360.849934
1.668972   -5.968719   -319.584264    3149.432298    2.930842   1.387724     -187.909441
1.824839   -5.709957   -194.452848    1853.344632    2.610764   1.367106     -103.429902
1.995262   -5.473211   -125.863255    1162.421921    2.307269   1.337289     -60.337953
