Temperature,  F    <E>     <E^2>    Cv    Chi    entropy
============================================
0.025119   -13.818307   -1152729808316397391774436338096316430630261651846555519757158260707729145889307279023813139898575874974819656315272021058102572767835549379322159707271969401087093564529589906671539629817825279905801359548553177583733197536139040025483411456.000000    16247928648688733477147821301792926231736746808583884769475208499529336918874459634206823808384644661047689694740013418021045300931252877618207834344583112774965012225161405685401655839297253653419236432729971642346343839235937856969846554624.000000    0.048048   0.070602     -45891000240149806621424644908083726860574576238469481161111065114272454170845325404031278327160860761804932405719646151078870793392439997566423151652793317857165524631505295394389797283172050107748918387810981258243223139902463277276021653504.000000
0.027465   -13.792148   -1744052354139185720037091723123439923958195434605268459724345139114502670223281630285080851914951610829946994885307697068523792321540201792874160851970908957494178513516731362896296325312227257522158967442451576582569984.000000    24582545248237117745480843486448848392170951780413551986245259437036684410858040373848231860446553114628729387323755050235619665262361155451303112927736551579745180774958902901046544968201226270505753842776748829054074880.000000    0.039664   0.055806     -63501503426910397832892945012696432890283036217655127136339296595541645552685091310229271110999552531523270571796973786172107427158669487949238425841574126283068823100664616460321445860934674493713258066377011180364365824.000000
0.030030   -13.763159   -156361621223014300382953537452198663219786145717734767498202483719638946157554271173412183825413609134325251068197329494327358750718323146643094798903475652281280117016831843617062282270893890718400512.000000    2203914030581873944371641381681837769577759944535785028655226144898624073576711032436114352202039269140777322512463036271251579288561989434135430019696507323597429588314323924009874277448741271327735808.000000    0.032877   0.045399     -5206898888790131622563945949747551849525976000536649407425702257804646896720478971045856436264974769550054587977777674576284788447184619293142544570443110215426365809400085823130908549251214181402673152.000000
0.032834   -13.733082   -623792367400733201599684643709212175178441473860957840239887991287821092890413843772830179015644170439404419262550876130503868683750917388686324824624391975194705808889707604559790080.000000    8792288743460899926958420347059418068992892866292211933765176636933421224222459729627863347584518264237263959844145156840428706968477207464257821718506073622080255334487152184189255680.000000    0.027355   0.035670     -18998246832746381709211701977045438026509139375750218366786522553384957255953702270812921568579492785878865114880733844172692062339872923889832633399297887227559195624399617283705536512.000000
0.035901   -13.697222   -70162171876674227936275293867259711081450130445588448035388329749989957896196700227491037025000219216744295385433341276273518867416200168263236598970975449766313328640.000000    988923182959214757169666799140929266002767581880937186806550365602096153153610935578487823605127846274196436524092200722310813220213081722700774229661545573267355467776.000000    0.023036   0.030939     -1954343881007165322320392871750040277559505450259066020833927926463434007707842382365859397550170563218581437604791809018289028167210415147610360804671925756943847653376.000000
0.039253   -13.659111   -186888109825706458964675162717615293745820006162687668892989755720499565909529032540623293060625794229494552561722173841041669335263295498880741634211840.000000    2634141008497463015724201479022621121205485403011616667048140842914328577286696721502849888363212326338593357860202543706828476344493166857031625564225536.000000    0.019791   0.026395     -4761065108776899408554125380353089159559181739617330259195781787295133488208254644931843395083954893712577932289026309551447560609378676563766942145445888.000000
0.042919   -13.625307   -10508048272851847645058368229306591656213118923815518356042817083544970057184770136643626063136471567228905206763360345437979963235428728832.000000    148107575430875801452644972686734537373655490799493730701615913421831639478706414250027901539606318384139640897872980999121502688269282836480.000000    0.017914   0.019051     -244832460983135192650721354557993359502990185758157192935756163967237708074453475459010146577509138918339013732572658736914731575820295340032.000000
0.046928   -13.578563   -6496272498176543398870567565908218822656217274318598416304959252238377658516394552640181922571839945899338761705546977621573632.000000    91562412968179948549633970974154262836263028460135928320104715703397504428671770561759722140396741493935207875563670678106275840.000000    0.018571   0.017720     -138431735133634328862120739056046191729479948849990095942059741290289328632096035806240899196538857510441749437503665120198262784.000000
0.051310   -13.529064   -45735914713477942021873468590620612732606048922577274187848133565802000713483255245272642785624422892471650869051392.000000    644625709388073458936910276434799165809687203788447810607980973348161538616876786942976965939571159742693576278016000.000000    0.022996   0.016550     -891360300894408945336454059368535502390191796050399614618147126965048752322276488454798988619733216174099734133211136.000000
0.056102   -13.474416   -2859811248970624509048629705089140076564476044208300924259614315193706823184187689615430235759152522592256.000000    40307283709292793299175634094852074646739910927105967541405610014194626013653690901231307766874563281944576.000000    0.033764   0.016815     -50975063830831961956098027423878928055272510662616024624057912714269813689271844776181300140522262304391168.000000
0.061342   -13.420476   -1462582571229375487908553718839085036610604894449401126780451875381354901564338378999797576105984.000000    20613903651004946460998118729190578734971005031072023529225863213053774614799234770017543702708224.000000    0.051308   0.017344     -23843241182296755055696286799032763587685794764017903908939179850056744517294487215451453094100992.000000
0.067070   -13.347222   -3758882284930191463553681545556201756922100437079908470738155863498313722411654708199424.000000    52976777631632188759543980793868608929792300036331509689868063598102400553566607675228160.000000    0.089049   0.026934     -56043869495221074348813587157112640477184511129948435239694861174469936282662139649327104.000000
0.073334   -13.286409   -68059987499887807576748610539432674984653136801175951183824235883780458850287616.000000    959181102773828654256253923667391464945935962853020822427085053851932326574948352.000000    0.129469   0.031992     -928080702559651892056622864064797774246955196153248912213840997074791775143460864.000000
0.080183   -13.202157   -4526902849696774437811538615741195535837463843900146326549135801593102336.000000    63792059623889331546831107087489803892716240101873682781084477203540869120.000000    0.223235   0.054080     -56457226809059613481650590590757143824072275837424250306288453433436405760.000000
0.087671   -13.134515   -1633018129718822813389871019965307636614118802061970503643665793024.000000    23010228616251796105495273215171125282536787964311239886486798073856.000000    0.264894   0.063505     -18626611798583385025994549559690455140437940398969950028997960138752.000000
0.095859   -13.027155   -1475968489887180264788419633718423562852496124494585475891200.000000    20791468771133136711665116882240002877212571241176857283919872.000000    0.448358   0.103672     -15397295080802126470971071485559348113829042964047059704872960.000000
0.104811   -12.951295   -6509082078904697005284197048944539370682514025675227136.000000    91679020225227449307589037422407575983768100108089950208.000000    0.463271   0.125267     -62102857666737285067751668691567156349654586028441206784.000000
0.114600   -12.831180   -59476489517998693541639459310533514713583272853504.000000    837255918704786538224250936690181067057278809538560.000000    0.688260   0.201636     -518993183427735496014035290745103298683154781437952.000000
0.125302   -12.713896   -1637903786006465458145635384911609266138251264.000000    23045668033439131200208555677402757911940169728.000000    0.797345   0.263531     -13071613647480115734884629866169334668508266496.000000
0.137004   -12.600749   -123453710818143838883876837177848034754560.000000    1736028699916935969692314800873970975375360.000000    0.877942   0.291277     -901092665576082823267113839309551151611904.000000
0.149799   -12.465176   -19335603168173747034001601070842773504.000000    271684586419704844791394036942104428544.000000    0.980773   0.366270     -129076600911513606828348726117421547520.000000
0.163789   -12.319333   -6492657767262311263384205206224896.000000    91132641143714549431760925851910144.000000    1.085437   0.441226     -39640287643185651710631811055878144.000000
0.179086   -12.159498   -4308988615337508380217836568576.000000    60433153301450582198675587465216.000000    1.102565   0.492623     -24061024878860977330699223695360.000000
0.195811   -11.981164   -5242651304591105875106594816.000000    73423985505903353539409739776.000000    1.209430   0.562969     -26774060382558636464972759040.000000
0.214098   -11.774981   -10725870776412348591636480.000000    149838269173612867355672576.000000    1.412160   0.735457     -50097991582961693039263744.000000
0.234093   -11.598991   -46064823908754901696512.000000    642947258650222946942976.000000    1.409519   0.769695     -196780318982324690616320.000000
0.255955   -11.394018   -299817751839875530752.000000    4178234991780840341504.000000    1.496569   0.697979     -1171369948501135458304.000000
0.279859   -11.145284   -2741314230973211648.000000    38070331084582715392.000000    1.759749   0.883579     -9795351954129045504.000000
0.305995   -10.909375   -42152118524591672.000000    584138186482637696.000000    1.902964   0.839813     -137754286290450800.000000
0.334572   -10.583165   -750805785974704.125000    10330024895913824.000000    2.415512   1.135064     -2244077311480056.750000
0.365818   -10.316496   -24197154717897.062500    331708153731157.375000    2.689692   1.166388     -66145300723019.085938
0.399982   -10.008545   -1000202930334.390381    13621712408927.542969    3.122308   1.146508     -2500617730828.859375
0.437337   -9.684942   -55806913629.346397    754096883850.398193    3.527131   1.204960     -127606171264.582611
0.478180   -9.346402   -4102117357.816657    54899861805.434082    3.887654   1.275572     -8578596544.964951
0.522838   -8.975685   -374676785.300944    4951107899.990082    4.399971   1.308056     -716620830.620956
0.571667   -8.585577   -42890344.495728    557690412.310908    4.846146   1.427059     -75026828.827243
0.625055   -8.190345   -6179880.202250    78835372.599929    5.169147   1.484489     -9886922.124296
0.683430   -7.803819   -1121587.100797    14055262.582213    5.446893   1.551788     -1641104.009679
0.747256   -7.416250   -244746.409072    2995279.863764    5.517941   1.573629     -327516.949787
0.817043   -7.002003   -61101.012605    728045.024240    5.609227   1.596203     -74774.537929
0.893347   -6.591506   -17889.233208    207071.023952    5.627507   1.653766     -20017.565900
0.976778   -6.191772   -6069.660693    68024.266432    5.477959   1.675084     -6207.621627
1.068000   -5.781287   -2288.688926    24691.779447    5.250013   1.715806     -2137.553104
1.167742   -5.388359   -977.536696    10156.207520    4.996802   1.734783     -832.502601
1.276799   -5.014528   -465.252058    4648.383719    4.655352   1.744325     -360.462078
1.396040   -4.653683   -242.160470    2327.069045    4.308356   1.740924     -170.128889
1.526418   -4.304437   -135.830157    1253.108392    3.923092   1.729759     -86.166255
1.668972   -3.974544   -81.783862    724.171738    3.517746   1.710399     -46.621112
1.824839   -3.661944   -52.365611    446.678501    3.150931   1.679232     -26.689299
1.995262   -3.369297   -35.375666    291.257247    2.786120   1.642294     -16.041183
