Temperature,  F    <E>     <E^2>    Cv    Chi    entropy
============================================
0.079433   -15.806304   -4437144289116840756905260162782327769819890669140685261830958359318850555367777946828800.000000    74839614172588868037612454257172648739406261558072375408412648310168657727304720038494208.000000    0.352309   0.641279     -55860339455615258555520251371020888433569123478686493359335697363320803390479446929571840.000000
0.086444   -15.718912   -158048693722421365387238586675392690252609845180749328536696051611136019572719616.000000    2665497628039493939793138118570250548299060511696196888991942681740333470814568448.000000    0.389196   0.565283     -1828336825835504159185057811701790535210470461834940097205552098885755215967944704.000000
0.094074   -15.627513   -23532131327589953234228718934685534226393324523429187555161852933620891648.000000    396797559832643340614302434459806192211307489732787842313644596639779782656.000000    0.487557   0.521065     -250145033004245114638036283298463165020181328346202453040210529007404318720.000000
0.102377   -15.526857   -12392604815471170970254733608200834738295995226927656400323096870912.000000    208910265007211613151039179977441590116616972423284410102104270569472.000000    0.598168   0.473425     -121048247127501293086850387556876994325222788285046986317125006655488.000000
0.111414   -15.405452   -18952717901681788816355961605321959477291285029853081811025920.000000    319441708163591456005070870195448697189530468647230515714195456.000000    0.615788   0.555400     -170111120949448493766170179196988513912938915461429147996258304.000000
0.121248   -15.272646   -85335833352704539202565450908773038637682630784442171392.000000    1437213110627585475031884825534755849404726700797862084608.000000    0.914147   0.624714     -703814096191884826642600538127467637913539169023460114432.000000
0.131950   -15.151126   -1242046918138590498034779246988258828608639743295488.000000    20912465123865073696708004846376903515884631896358912.000000    0.901111   0.576904     -9413038279369035747252474633248109807326327197401088.000000
0.143596   -14.981122   -34273839800614042075356658173776026284469518336.000000    576532307264187419572215341097419449386724753408.000000    1.110291   0.648946     -238682130593133530172969576560142176955842691072.000000
0.156271   -14.818157   -2551498658437812463484840467831479701864448.000000    42879767772568510251435237240601506838740992.000000    1.225145   0.827868     -16327428356293251113445629315607953458331648.000000
0.170064   -14.650263   -434100049077958921862220794870924050432.000000    7289067074714417005326214468009409380352.000000    1.286189   0.832789     -2552569633973882780482844371843467444224.000000
0.185075   -14.470842   -152007183159520564560416465689247744.000000    2550658861949523536725678950352683008.000000    1.322586   0.848691     -821329032147405062672559466845569024.000000
0.201410   -14.264019   -95769892900568944674974237458432.000000    1605110017541621524176177729634304.000000    1.440182   0.847351     -475496548143264936450622259986432.000000
0.219188   -14.041948   -110993362559306706567353597952.000000    1854693233003466749765794922496.000000    1.689689   0.987757     -506384834150674545197839286272.000000
0.238534   -13.867818   -296340195716710511325216768.000000    4953196822557827423663030272.000000    1.623654   0.788638     -1242337355604513441619902464.000000
0.259589   -13.507232   -658325187885260167184384.000000    10949470834198613491449856.000000    2.348044   1.424409     -2536032151347665278337024.000000
0.282501   -13.340112   -5367178499403714396160.000000    89484407478317282754560.000000    2.076901   0.944338     -18998776534362818084864.000000
0.307436   -12.899516   -27469885663532011520.000000    452833834416159588352.000000    3.311353   1.764166     -89351479783214645248.000000
0.334572   -12.732330   -555997039175992576.000000    9190221293611044864.000000    2.799926   1.180115     -1661815015260059136.000000
0.364103   -12.427975   -10980452486124474.000000    181162167395668608.000000    3.061042   1.162464     -30157528930533212.000000
0.396241   -12.049008   -261713782040392.437500    4270048284874633.000000    3.641793   1.273709     -660491773298704.750000
0.431215   -11.669539   -9148007753893.988281    148286254657749.531250    4.286492   1.417569     -21214492375247.730469
0.469276   -11.264581   -423684621924.471069    6775238355623.531250    4.551410   1.488167     -902846930594.091675
0.510697   -10.825622   -25227713196.565121    398258899138.652832    5.393319   1.718977     -49398597711.890480
0.555774   -10.468186   -2355846431.434194    36921310363.439156    5.557305   1.560718     -4238859432.391963
0.604829   -10.010302   -234621985.893024    3605467263.109591    5.966637   1.713134     -387914515.885823
0.658214   -9.527477   -28619768.417172    428869008.587317    6.197877   1.926688     -43480909.964506
0.716312   -9.101230   -4782159.471728    70466901.753992    6.421512   1.866021     -6676074.727328
0.779537   -8.645927   -925468.853359    13322294.823815    6.600474   1.935108     -1187192.150510
0.848343   -8.180420   -210405.205600    2946358.254298    6.642409   2.003347     -248009.413623
0.923222   -7.725130   -56771.464751    773082.649466    6.663503   2.019021     -61484.391289
1.004710   -7.246793   -17080.754870    223743.804034    6.352666   2.083061     -16993.465288
1.093391   -6.808645   -6107.223210    77413.593962    6.183438   2.081606     -5579.352987
1.189899   -6.371402   -2429.680831    29653.454238    5.846386   2.088478     -2036.566834
1.294926   -5.947555   -1077.252293    12667.240175    5.554285   2.095265     -827.309722
1.409223   -5.540699   -524.845123    5917.790183    5.096272   2.088831     -368.504189
1.533608   -5.145921   -277.284129    2996.169747    4.647881   2.068991     -177.449686
1.668972   -4.768655   -157.921331    1637.051661    4.223783   2.054496     -91.764691
1.816284   -4.416661   -96.499647    960.695889    3.790414   2.015779     -50.698572
1.976598   -4.078106   -62.164785    594.618184    3.370475   1.977655     -29.387198
2.151063   -3.770621   -42.485492    392.704214    2.993908   1.922729     -17.998021
2.340926   -3.475377   -30.126655    269.061480    2.621749   1.867132     -11.384928
2.547548   -3.204902   -22.249620    192.731680    2.278674   1.800412     -7.475704
2.772408   -2.948047   -16.926108    142.885278    1.974867   1.733639     -5.041849
3.017115   -2.711694   -13.251257    109.552101    1.702530   1.662105     -3.493259
3.283421   -2.492914   -10.619625    86.377897    1.458485   1.587148     -2.475075
3.573232   -2.292401   -8.701998    70.183892    1.250077   1.512885     -1.793781
3.888624   -2.109653   -7.265130    58.475321    1.068431   1.435152     -1.325785
4.231853   -1.933893   -6.125354    49.449174    0.908383   1.359769     -0.990455
4.605378   -1.776594   -5.244390    42.767707    0.771540   1.284019     -0.752988
5.011872   -1.631304   -4.539319    37.666726    0.655105   1.210252     -0.580225
