Temperature,  F    <E>     <E^2>    Cv    Chi    entropy
============================================
0.025119   -17.529490   -21207692717479737414562256061022145037091316469496023822294024762270556610656570647152944736483420614030683879452893228420727383242547712991374219046984065579323361844296623904676618307340508240854063990405136826244085543305501297450076611088601030170916989480862935220902588528352654931207106504016527360.000000    inf    inf   0.006448     -844293454172353360708750160253921768183014087372480140402056133861035291507453395595910269475897014476405211338146375749852582735326008158436572857109555139154708654169302023361356038873191963818832151402629954473622035936416143426549572112284124409916493471258404467093348507364676531636935228456972582912.000000
0.027465   -17.510426   -137375977074885575860186180172675908321258791161977425665691455434349691746592323183186030418908560582388931276981440091399740174557686038198204341019515268662658598628362387503089159506070614399072892140445578309485075561248114232611343705342301569489913192118448313416305082368.000000    2437462182873050523433089515817911912498778133510353435982354414684775564286538910396470006851321659916018686304228941760808322715887471890050362101268025552292981321914825271289172681060037768878345152232596216347465231271810126116127336527331899247042396067150427228496361160704.000000    0.502036   0.004820     -5001903215974110251286523627983721643544527030794856527565877145544817696151077416997264198714143322617583236935280179758593210659929450406566128314242615286144141239653714490392800236626772834906694393111306637276993804576514969780216199142317249913834196264256034956737530298368.000000
0.030030   -17.491008   -161011654675719326034212660255115372265320668663588604251968271982519369546765866252943835610120046741573849886308082070964165273815769893405439923889234414730570152003994504828210105664428189302862468170790449741724743414818897395262646174875095022960640.000000    2856835527627594247367336859922058419411063709629513028155085117279337367320343067571976381846282936317108352654125806020674106759489794722849767854963132599082857402038661811054255681101133277831132369907497305628488210081251889947137611034667397037424640.000000    0.414895   0.003510     -5361746694973936000549561969080979386555500642883612816194598301182526093122589919458674336366650322422311504642658700094448549768675890359838840869508298052406639351501346145210600415768949226913821913868218277306752997439153299855728204102035673716883456.000000
0.032834   -17.466493   -18896626643650575243522952533976352403947968339411847948949636865696542143228559952982210346229561453450747737682696412076947231206025645045902888987876430707716994246618565434577301183831487149729885257222142360061704880975844999168.000000    335250213188809050905210696774049508676461723140432447775808413579143148272106348897367344193630840086443382151273644526260579167444109153066936310423183625752509909471960828048455239219545670111499105795102990725684715522745859833856.000000    0.411441   0.002893     -575516463560216800385777846259108679530311875696606269597896990768144953242427438243961080146460760397329589515653939625585816566234882519852854489295465883607528189876793330288239303923629336611645587577330716044840055619512420007936.000000
0.035901   -17.441162   -172566664952928792537243104422804386985922591447384686855542477629429309253968188299129700243977245635387808903911127524073856271915338870924403773848910002932473055066894320309892806934071491719916484857583108096.000000    3061560621044685488909319234105948250764517649980649626256173181906755892000721286628096916182216000320499201209190501898343929634685386793750853805070156586596728676830887738699229028728082409606266751445521924096.000000    0.340990   0.002317     -4806786858157280897148040025472033066888933725602378515334151500678097737518121182163432064569617549934384939604911687181120111707966089069036332020676930114936641233961138387522861449549629199613692091896623529984.000000
0.039253   -17.410798   -75786949439934048391318420649907223276561193197496865924802515784236763700904354123194325245553935911248933828596974273726509176756015939591151087359420573181796477976163303381733561765908709376.000000    1344355052231037189081343087398105834179236624169385265317404326234697823069599450728878329631999733081697770562302971459763839912138232720213625057912195703610886446836519095457434971052135415808.000000    0.348919   0.002017     -1930709241029935681335496174079762381029251003100386307549494142051239208325788912209324827489046242344070353933948230867536687464095662443061811997782754083313147642738141260673935319382519447552.000000
0.042919   -17.381418   -1345540546569190257093476434373873549369718253903261534050479224982427983025058716135525876044142124174013510113896580464634276180443508188560454422811686125328274224358644252672.000000    23866809970564493268663370622166911854780157966570664201159265487444997991050823420092341416363047286767985706174992926685197747319781167566107296637571078252046998895932907454464.000000    0.307404   0.001620     -31350446326006549616498610996411802737467807060648448107656830284060161538682864692211291518846462359023956948393115892995701513698230424367524498478574964369463342155255691345920.000000
0.046928   -17.350360   -658929308745318103010596913215405428953754425782362493039371809534039171070597809865444199797827112553466607230757621003899104321853938107909499927810430065442816.000000    11688014617085161951714697629047501763345272823592670863625209265769071347254140675440744078970576403076446950609406562951236839598246708362722077528033363914391552.000000    0.253985   0.001292     -14041394902326605586319649293791730069248155661524068063865661711397287833980339573391722301230148695685091536578471333332872692447527120708275834984910066649399296.000000
0.051310   -17.314565   -6322650746684742995661984526831637163445909304499329805197912168888694486963302218749046021589572086857332731482920249270524975438930693687187865600.000000    112145316004459208873783448279338983227879348399761275367655045482134789436492176882894230310613412201839566512510550194815013233487464258119017693184.000000    0.222083   0.001084     -123223945717966950947688643899876915791877385341623440735281842393265198145761846974576636776611009813337996441126978329079854810343374259556328669184.000000
0.056102   -17.271467   -890349893640789016564911361944526193981016105495509272005137546409786774773084955959890627546514726913115000695740010607625993193521152.000000    15788599050201788012220235833093239393895441660303419633598270525997109764152528547545602545222531266722316472839643177092795730631852032.000000    0.220955   0.000987     -15870153205548099197447830052886146624141015583063697887785675559776982185556551057844832485772107211717267486072549613229600023622189056.000000
0.061342   -17.232318   -1788449315121510246691081326304222630831514904105525467551939862293384785933077941011175788123718070486531407644097895202816.000000    31716219459273681167124785492688899555981583659670410999515577004371452357068353501330049279779042523320472452967112518926336.000000    0.178912   0.000795     -29155569881372559191652435645298798020429642660657404866043540792985939606355797779040538400665722602720294132823033859014656.000000
0.067070   -17.180861   -31504076599603375931946107021337213149221403882310852390116214682476980388193409972750330618694104492184428347392.000000    558592158328057292796567236673316230356498806624500741718138967696980268903239635987943732994831318901611724537856.000000    0.165159   0.000737     -469716852957636579964624752713415609165628349304322500963372640028249892469516479825673370844172605403208546779136.000000
0.073334   -17.129164   -4897120656655372625704813827602850013830245809918089090767525682492248846555669650818995553849919406080.000000    86833848007749766558093123886656525169674238317455941268604772786918961577472100882403947775121539727360.000000    0.135058   0.000645     -66778195919527514237687248723769260692382333485811808191951671864189175716453599425893014008015460761600.000000
0.080183   -17.073968   -5327005399516782007806882583802793371473696994021206644744396642393427080082604200703161270272.000000    94458141369357184833648721590128311844150262990818980386694526524042304539282689541029090033664.000000    0.111868   0.000559     -66435698321590702829877395887018307885014297131385585142937776665687401474461843103391573606400.000000
0.087671   -17.020593   -36575550303793211311877523997580052045467392315530592412291513732439693897360329408512.000000    648579509932361065702720945439973317595031375432548853864488180384910365416348350152704.000000    0.091641   0.000452     -417189842800838375442853961097587757300231315997543149878498003790420288227862172925952.000000
0.095859   -16.951319   -1115885049974256311485611300712837554468215849281851830133513275443672004952064.000000    19783920676630702806890038390616855214680730147997088495972743947855132484435968.000000    0.083692   0.000416     -11640906637527590441339490915067835112788656790442708541747411850248236988104704.000000
0.104811   -16.877140   -151540158035916014433473911515995609307188922756866605936132318642044928.000000    2686647401881656835584201909845944919557440220420483038335497275533426688.000000    0.070664   0.000380     -1445837792674293121588688793562091153193124729899615951772693089199587328.000000
0.114600   -16.797974   -80791441949824075912320140558578498652575189060496131323605286912.000000    1432399932729189230678809519947434348801645654834370560562951094272.000000    0.058396   0.000347     -704987937100212117668136250949707889365994901895795660047920398336.000000
0.125302   -16.713968   -150944713063330123425687482926067015448038890855772469592064.000000    2675974679349301879194590540566539562062230252401562597982208.000000    0.050619   0.000321     -1204644001772768170135045074464034396798003148513944180621312.000000
0.137004   -16.616137   -832894560416205324606317545380380729339569665266941952.000000    14763696857377711515789943584246798961194898464585023488.000000    0.044685   0.000342     -6079324587454651853366072752660874791312133557743255552.000000
0.149799   -16.518222   -13734877643482637465605821017432864021164586958848.000000    243483341402373938367475642325800401599556789207040.000000    0.038378   0.000397     -91688441510548697370629560324789489568953766248448.000000
0.163789   -16.403780   -554579815095167111648047152589089892600905728.000000    9831241352749470578961439212699987069414408192.000000    0.035691   0.000559     -3385932876721880217796785714199415710424236032.000000
0.179086   -16.269249   -50414230456947256580480760746376677031936.000000    893612251877863556728746806636167647199232.000000    0.038008   0.001041     -281508762626012931198886409730055722762240.000000
0.195811   -16.136651   -10927342591708290508577890964741292032.000000    193682251243612031347859049810413748224.000000    0.046568   0.001763     -55805605479634529026904431798970744832.000000
0.214098   -15.996205   -4973379456598404344295944213233664.000000    88150609853952006338025708694011904.000000    0.061213   0.003310     -23229472678663083341299643892891648.000000
0.234093   -15.824042   -4032985691609752404536009424896.000000    71466806182708041813850935263232.000000    0.096729   0.006145     -17228161176044082257587513327616.000000
0.255955   -15.656459   -6513024678865373962709237760.000000    115421449449259758204554838016.000000    0.150601   0.010109     -25445996228881349989105664000.000000
0.279859   -15.468620   -17912157327457992010891264.000000    317375927872227367505100800.000000    0.226051   0.016702     -64004295201828357481168896.000000
0.305995   -15.229304   -72930721021900418449408.000000    1291599349622756324933632.000000    0.382287   0.029505     -238339608415142921895936.000000
0.334572   -15.025418   -564555250255055159296.000000    9991144803729357668352.000000    0.545958   0.043746     -1687394599030190243840.000000
0.365818   -14.771424   -6077559159692555264.000000    107442602553280053248.000000    0.833614   0.067105     -16613605317101182976.000000
0.399982   -14.505411   -99143669523224480.000000    1750031637051265024.000000    1.170035   0.099821     -247870117545853760.000000
0.437337   -14.208175   -2262066782451935.000000    39823218301381464.000000    1.684501   0.145279     -5172364184493925.000000
0.478180   -13.904923   -74467930468781.593750    1305875998196857.500000    2.266365   0.210119     -155731851812647.593750
0.522838   -13.552103   -3140749085204.980469    54731850543923.382812    3.055322   0.306002     -6007114292688.439453
0.571667   -13.222985   -191293521771.986420    3308865445824.248047    3.697942   0.391779     -334624245956.500854
0.625055   -12.869501   -14899255548.355148    255282481153.336731    4.369179   0.498634     -23836703884.085503
0.683430   -12.481162   -1428804481.792676    24113384314.287064    5.036278   0.643217     -2090638397.081506
0.747256   -12.111808   -179610341.568638    2980764205.208465    5.443923   0.763947     -240359848.570961
0.817043   -11.722432   -27240970.491395    442351824.526031    5.618819   0.901120     -33340913.202811
0.893347   -11.326378   -4990355.595873    79070033.323280    5.627609   1.033838     -5586117.920406
0.976778   -10.952414   -1118939.516578    17288043.577925    5.451795   1.148856     -1145529.934184
1.068000   -10.590033   -295978.160142    4444426.176677    5.095907   1.238220     -277123.080758
1.167742   -10.232335   -90228.399132    1315113.647087    4.713730   1.308479     -77258.640082
1.276799   -9.898304   -31757.587268    449795.836844    4.330929   1.350360     -24865.068948
1.396040   -9.576365   -12542.416651    172343.658733    3.919954   1.383436     -8977.420048
1.526418   -9.257339   -5450.755453    72583.087777    3.544724   1.399277     -3564.880806
1.668972   -8.955645   -2604.642428    33579.598031    3.149863   1.406676     -1555.261087
1.824839   -8.683844   -1366.937443    17117.869701    2.812319   1.386913     -744.314320
1.995262   -8.417747   -765.334275    9286.818030    2.467395   1.370574     -379.356901
