Temperature,  F    <E>     <E^2>    Cv    Chi    entropy
============================================
0.025119   -inf   -inf    inf    nan   nan     nan
0.027465   -17.529622   -277786568517436413517163879723514396780137986374432665887646073548275163546125335824341333868840380202054994389962061129443071264929244497703309107902556681473211548777684607143766636359058555397214410493524220930275975666724127347658886953295635148414010059446350224645303566336.000000    4954453487763836424635189280224193977007277491101187211835524754558957606518710216947132685685253516111869974055436604193788704226009237813828260212956059748249249466983663323013481280494883889894444255915528152198363945674661223131600627890751730734959865634646537690257146511360.000000    0.604482   2.288323     -10114297710613281641177327754730456984369449813925578455955390241954455067648079653682682669215756693722863602601338887463258330707764243677818588992381982617603228244144820434820408907011939006078189275124467496847306216041077458740425126555420291409533123581632126716579915235328.000000
0.030030   -17.497990   -204194662725955722394460676645362368253916447493432468995990392115226715764642991416228948115640076527924434458182393094836077512258298394874106148664099475557553674124742775237537260329905365193832053421268504480691925379028219196545768968787409621745664.000000    3641480233357207718923588437596574621198719454837189972355245503207267321842747738621976926857180217630859026645051305121471635678008388165934231761867257703348010638652797191644386759150178330325778981295329251664542670765360759798116606715921248815153152.000000    0.655120   2.045493     -6799756577915059737874082268149588042108733200327396571291968771594713850542858787831604394349850476176030268656725992959646747774487796757553327350999300448277044339608740286783531376336721827454531807732186396963141292246560378322319612957693698950299648.000000
0.032834   -17.470660   -21563910172471780201163837466407698682952299671493772050996538609816406019266641313672913743566584241904206245560170516459893638594494255311421318445534088133178562243842414698793608436243842732416534975302510731714045620551023591424.000000    384531626895759789145413457165606723117950047797998212559808448692817977105959778863525499110906438054200938052523134448373073530396392493693236008958279717410644613170057288055504606368288350907714591638633618959957176856344191303680.000000    0.574013   1.474923     -656751363988087095215272305186191416695838816949314541984512443339078909675229178279435125069099852995940656753109060253990368518499389959396641943191593264017968402993754157001542012985050325431469032499995803403698191740429685227520.000000
0.035901   -17.436445   -152074171242270071133679312395101831132111546750793758585771664874908221139697401696775386144447023033038129260406674407124821873393418780272928177852018943432026087711718056208842130569008546474937988636863365120.000000    2711501790328668321683652819246018472542687123172136288199286145595792298559217543259440962643360862872304489608557241966211260300487669552315909721805404733047376470934678648359420360185863127647846958699277975552.000000    0.589448   1.230106     -4235975285214535193994610859832073242595404909035127144108265705695478515624872335084023312796258207976904450952237931538495657184079436487800925224377765870081082286498247155309637588572012583274542959878220021760.000000
0.039253   -17.394533   -50326055251830600905600306679703954308462363008156124674451046803983402498153464716554965221812453332779165373408159870112768285542647314616917296557810037329513322410167978285375073945120669696.000000    897163182609922034684624153409990804620843692446990011272632952628505325677080595852367209537348589511762869960780271357888168126194170975253212491574840490752998441240242085706749865390415806464.000000    0.665109   1.163700     -1282080630733156355568078141890672088819739356740166537841295345585106421245897638012526971208172286500109505328826359032907170404313602893150239590500861013054493428620304555665014181374145331200.000000
0.042919   -17.357865   -781118597213465498136878399183310611201851080718797804645430588278269264907222424933607774583838585398835909688886408303737906504833221322626515514913556029324996311820078678016.000000    13923942458085524347127752434834390549913129149330133841482413977531938566875685248654351066162127510776326159541974126022036328536750210696858419991653661516403600901394799788032.000000    0.596226   0.890458     -18199686898046991639599679359737560864938304294786707397883117563481025465482275932020661651298688710437381953214859049611145718395581766814364569521368443212949080713700164239360.000000
0.046928   -17.318793   -337921096527937635296538738424201425734810123245644285053211583910097180219664700524365469298074888896496130315067496624348452105804945665151506002517925432393728.000000    6023326257468878630193146161805948717060622307684497758098696419259986486520103922319211282689084444824899500154591928471322508199470414193414545204252210112757760.000000    0.517388   0.679366     -7200899245490898214405188737584421313250961743201783662317338329315890678646279575641666065216589440406905633576022313887564861394984571736866389571840626787352576.000000
0.051310   -17.267307   -2528872461161580108605752123786768740311699540107224071691831976200149599820815150142578412333003859795790936371760667665189491711000131584231735296.000000    45064093647344346209592257983392254960735000025718567812948996982638568381165603409900191931952586989024598046991175721111174713481091384711376273408.000000    0.599902   0.627437     -49285917468275706150489416198789829480781711600130623989103454138286867549637162012652457678160573168340499566081481533118582173574161290208336674816.000000
0.056102   -17.214032   -321387492192782838356023943060743533438505548579677338864837120732865294248884991766653555687269339938033985748361887491519419254833152.000000    5726557461539506821263290015746958314274952383568403513233046679676603346122354524374334397531438579908848420490032921612644100150919168.000000    0.538531   0.550490     -5728611611991877561942805907084249159593518932699192616489633748958975370343201810186220123187284824890680461325826227983863247068463104.000000
0.061342   -17.161407   -565513785078891803388297724851028969701485967272849954248389289421914870197151730578347558411461351132747439533834056499200.000000    10075409147001717179667809120015094920439918951437712777250383203799464561379568796455432039532095980583050983505668744413184.000000    0.487517   0.444161     -9219090829323792488570027691422226550673180624236539952115898295798114128735861368416018562167954033931341795359890920701952.000000
0.067070   -17.101267   -9659973936770177727795700146211224057783717722952375401693153783186440596085203283360325283252800524607931023360.000000    172067310184031558481457281800712916378038058039606840121333210121954369899180448410629918851148917023691363057664.000000    0.482140   0.378033     -144027473488608901773456821768239658740108152679939156310208942770649255044034756675671405428131171070121896574976.000000
0.073334   -17.032820   -1322353111287922351387264154511180534206537375370134444214034865225996628323806219048765369960550629376.000000    23554080822322636180024463174075999636806349567422874866273736097621829389295443343880197498990644690944.000000    0.402128   0.337219     -18031892887991781307613796313199390059788132182473171296560290575802602486888313716317248465949599727616.000000
0.080183   -16.962838   -1337923198270111617193148859247863944346927880589628521557008547985022742053867706400959889408.000000    23826230515804642558249138459182640477639962362171763870842183770866511467855102093293082640384.000000    0.386149   0.285171     -16685896730233058626781026893837647252464974941784915173666857776939663003958646553394724995072.000000
0.087671   -16.888213   -8114149994588298999419312223586768151239224178555222736559407814538528851532810551296.000000    144490363143549197647852428766008639443409910513160370123615220244736771857017139625984.000000    0.335049   0.238617     -92552017196953744317015829597469669133789807663033188140072596123480983030143748407296.000000
0.095859   -16.798843   -228335748777850812191638367756187478119724091222669212190940848931918590246912.000000    4064682788131184406994284459000000434522484759625926691867865330659780064182272.000000    0.331716   0.219454     -2381997261809571805676417150259760644984787956239099471510000217032410393477120.000000
0.104811   -16.703946   -29145522925557772370383617658866469842377178128253393272377965182713856.000000    518733479856264928754586368769487783020135159815090726123622334113775616.000000    0.303908   0.197370     -278076115791294533335996854137715810919118751032373928784633572074979328.000000
0.114600   -16.597412   -14088859767828033264410201629126947596251101761864423753178415104.000000    250699083823568549728436658374551089521488765611376992471994073088.000000    0.283822   0.184107     -122939706782110318755628603707230945883983365840605812733400580096.000000
0.125302   -16.484330   -24235770206496638706938002421735691477352870071120913498112.000000    431205023604962270382563183275320995952546908618050737537024.000000    0.264655   0.168961     -193418335860164439374536571460504832683694800555662832041984.000000
0.137004   -16.364328   -133023505103432916106514370375296846731810392695111680.000000    2366433634382999785587912777793393631850557412277747712.000000    0.255559   0.153664     -970942906483369806964931677812430757291263014450757632.000000
0.149799   -16.243963   -2208640813388837803195360881703177241189836390400.000000    39282726241216689859835319716167190934248868544512.000000    0.258861   0.132651     -14743985297335724521006463008338674105039185772544.000000
0.163789   -16.090787   -82281818241242223000572396066585818785906688.000000    1462897714719823559943156200012697663482888192.000000    0.296676   0.136248     -502363602057293881658615495305640515867770880.000000
0.179086   -15.937324   -7922726448008743964390100697892568170496.000000    140846104977690379002129643346277976506368.000000    0.330040   0.133859     -44239828690987837614251964775121685577728.000000
0.195811   -15.761628   -1613866726044827798600042828242354176.000000    28680653402975660302057001349229314048.000000    0.375071   0.143613     -8241968168794038303312131921681580032.000000
0.214098   -15.586970   -737365293617156965044027746418688.000000    13105143952455988072653171711803392.000000    0.486083   0.145872     -3444057927160342246007912381022208.000000
0.234093   -15.361474   -559908680170709729558191407104.000000    9937870249666804032645757927424.000000    0.635566   0.175218     -2391825243991098139186686853120.000000
0.255955   -15.140883   -869813552533407001703612416.000000    15432916753533158680604704768.000000    0.855686   0.206738     -3398309306184108571382251520.000000
0.279859   -14.905129   -2391554589380903679557632.000000    42382033414345256689729536.000000    1.121014   0.247307     -8545579582163356177399808.000000
0.305995   -14.648302   -10909693748779759435776.000000    193051942215230173478912.000000    1.411651   0.295563     -35653180163027332235264.000000
0.334572   -14.363679   -77867339784498102272.000000    1374339726755121594368.000000    1.857010   0.355893     -232737059010344812544.000000
0.365818   -14.059885   -863956863202120320.000000    15195368538937085952.000000    2.310777   0.427448     -2361711002574083072.000000
0.399982   -13.735865   -14352644262923202.000000    251381814218141792.000000    2.883121   0.536612     -35883194939755848.000000
0.437337   -13.389891   -343928240223063.375000    5986357404944113.000000    3.498279   0.617601     -786414497381682.375000
0.478180   -13.020896   -11512744129897.386719    198553632858060.968750    4.162773   0.750239     -24076148638829.628906
0.522838   -12.686283   -588691234818.015991    10087509364848.154297    4.528369   0.798068     -1125952896795.626465
0.571667   -12.256700   -34374339811.942825    580362557798.508667    5.237207   0.989463     -60130042198.857483
0.625055   -11.859408   -2868810645.219702    47735050379.313278    5.589913   1.074575     -4589691706.680037
0.683430   -11.416971   -290143363.917509    4728855916.887101    5.923960   1.259852     -424540128.774841
0.747256   -10.990143   -38350197.085581    611037568.416272    5.998189   1.369602     -51321351.897989
0.817043   -10.592769   -6568387.780554    102748621.387016    6.075135   1.414351     -8039206.533024
0.893347   -10.144818   -1269862.758083    19266613.521333    5.870906   1.555572     -1421454.323822
0.976778   -9.737943   -307786.234750    4551370.187090    5.745850   1.595927     -315093.564882
1.068000   -9.334402   -86922.024751    1248404.678303    5.502354   1.660589     -81378.890592
1.167742   -8.915010   -27579.678325    382270.165088    5.134328   1.720273     -23610.318801
1.276799   -8.526630   -10179.643317    136623.500704    4.823434   1.744614     -7966.107958
1.396040   -8.161548   -4245.357358    55092.766481    4.436799   1.752156     -3035.152906
1.526418   -7.798324   -1937.320888    24232.092619    4.026558   1.751299     -1264.085333
1.668972   -7.459235   -974.818430    11769.127581    3.635719   1.746081     -579.613890
1.824839   -7.136087   -530.423449    6173.281004    3.235381   1.718404     -286.758141
1.995262   -6.834954   -310.773909    3492.351407    2.864715   1.681326     -152.330324
