0.100000    4.718295
0.200000    0.969310
0.300000    0.276543
0.400000    0.035805
0.500000    -0.073767
0.600000    -0.131375
0.700000    -0.164187
0.800000    -0.183583
0.900000    -0.195024
1.000000    -0.201415
1.100000    -0.204426
1.200000    -0.205085
1.300000    -0.204058
1.400000    -0.201799
1.500000    -0.198628
1.600000    -0.194782
1.700000    -0.190436
1.800000    -0.185730
1.900000    -0.180769
2.000000    -0.175640
2.100000    -0.170411
2.200000    -0.165138
2.300000    -0.159865
2.400000    -0.154629
2.500000    -0.149458
2.600000    -0.144376
2.700000    -0.139402
2.800000    -0.134547
2.900000    -0.129825
3.000000    -0.125242
3.100000    -0.120803
3.200000    -0.116511
3.300000    -0.112369
3.400000    -0.108377
3.500000    -0.104532
3.600000    -0.100835
3.700000    -0.097281
3.800000    -0.093867
3.900000    -0.090591
4.000000    -0.087448
4.100000    -0.084433
4.200000    -0.081543
4.300000    -0.078773
4.400000    -0.076119
4.500000    -0.073575
4.600000    -0.071137
4.700000    -0.068802
4.800000    -0.066564
4.900000    -0.064420
5.000000    -0.062365
5.100000    -0.060395
5.200000    -0.058507
5.300000    -0.056696
5.400000    -0.054960
5.500000    -0.053294
5.600000    -0.051696
5.700000    -0.050163
5.800000    -0.048691
5.900000    -0.047278
6.000000    -0.045920
6.100000    -0.044616
6.200000    -0.043362
6.300000    -0.042157
6.400000    -0.040999
6.500000    -0.039884
6.600000    -0.038812
6.700000    -0.037779
6.800000    -0.036785
6.900000    -0.035828
7.000000    -0.034905
7.100000    -0.034016
7.200000    -0.033159
7.300000    -0.032333
7.400000    -0.031535
7.500000    -0.030766
7.600000    -0.030023
7.700000    -0.029306
7.800000    -0.028613
7.900000    -0.027943
8.000000    -0.027296
