0.100000    0.482525
0.200000    -0.800797
0.300000    -1.061503
0.400000    -1.167052
0.500000    -1.223891
0.600000    -1.258032
0.700000    -1.278282
0.800000    -1.288336
0.900000    -1.290067
1.000000    -1.284640
1.100000    -1.272937
1.200000    -1.255728
1.300000    -1.233744
1.400000    -1.207694
1.500000    -1.178268
1.600000    -1.146129
1.700000    -1.111901
1.800000    -1.076157
1.900000    -1.039419
2.000000    -1.002145
2.100000    -0.964734
2.200000    -0.927524
2.300000    -0.890797
2.400000    -0.854781
2.500000    -0.819657
2.600000    -0.785563
2.700000    -0.752600
2.800000    -0.720839
2.900000    -0.690323
3.000000    -0.661075
3.100000    -0.633097
3.200000    -0.606380
3.300000    -0.580903
3.400000    -0.556635
3.500000    -0.533539
3.600000    -0.511576
3.700000    -0.490699
3.800000    -0.470865
3.900000    -0.452024
4.000000    -0.434131
4.100000    -0.417138
4.200000    -0.400999
4.300000    -0.385670
4.400000    -0.371109
4.500000    -0.357272
4.600000    -0.344121
4.700000    -0.331617
4.800000    -0.319726
4.900000    -0.308411
5.000000    -0.297642
5.100000    -0.287386
5.200000    -0.277617
5.300000    -0.268306
5.400000    -0.259427
5.500000    -0.250957
5.600000    -0.242873
5.700000    -0.235154
5.800000    -0.227779
5.900000    -0.220729
6.000000    -0.213988
6.100000    -0.207538
6.200000    -0.201364
6.300000    -0.195451
6.400000    -0.189785
6.500000    -0.184354
6.600000    -0.179145
6.700000    -0.174147
6.800000    -0.169349
6.900000    -0.164741
7.000000    -0.160314
7.100000    -0.156057
7.200000    -0.151964
7.300000    -0.148026
7.400000    -0.144236
7.500000    -0.140586
7.600000    -0.137070
7.700000    -0.133682
7.800000    -0.130415
7.900000    -0.127264
8.000000    -0.124224
