-1.182532980069171957e-01
-5.870194684719174522e-02
-3.871550157129406700e-02
-2.862516445374391205e-02
-2.249827695847559511e-02
-1.835806531252191093e-02
-1.535787334316124873e-02
-1.307471260799870916e-02
-1.127377755499975841e-02
-9.814254860493009866e-03
-8.606516057143877990e-03
-7.590722472854379184e-03
-6.725314375050255207e-03
-5.980443052723842870e-03
-5.334039312117688954e-03
-4.769364656944247161e-03
-4.273434018934841108e-03
-3.835970295475517929e-03
-3.448693877755815151e-03
-3.104829035304667965e-03
-2.798754040340055167e-03
-2.525748556561250614e-03
-2.281808058705027138e-03
-2.063505213924509817e-03
-1.867884666003849503e-03
-1.692381918282223011e-03
-1.534759841869019498e-03
-1.393058248636716871e-03
-1.265553278688223314e-03
-1.150724260407542856e-03
-1.047226337495540038e-03
-9.538676075917240649e-04
-8.695898382496790183e-04
-7.934520571745215653e-04
-7.246164813254146134e-04
-6.623363721318171375e-04
-6.059454946223636696e-04
-5.548489256536001408e-04
-5.085150071457483680e-04
-4.664682787895224397e-04
-4.282832542940391736e-04
-3.935789283716998330e-04
-3.620139197744744707e-04
-3.332821702511115603e-04
-3.071091310093976290e-04
-2.832483778641449717e-04
-2.614786042013963183e-04
-2.416009475466051617e-04
-2.234366111258231577e-04
-2.068247466159345066e-04
-1.916205683831816511e-04
-1.776936730477287772e-04
-1.649265413196748483e-04
-1.532132017238760726e-04
-1.424580381893828190e-04
-1.325747255486413984e-04
-1.234852788160220832e-04
-1.151192036998718236e-04
-1.074127372483713413e-04
-1.003081687397600009e-04
-9.375323208163683524e-05
-8.770056192431949801e-05
-8.210720657622318707e-05
-7.693419158964764915e-05
-7.214612854687001749e-05
-6.771086419097831362e-05
-6.359916558747035636e-05
-5.978443746787627782e-05
-5.624246833711971756e-05
-5.295120229512459604e-05
-4.989053386439713935e-05
-4.704212340153304572e-05
-4.438923093788532903e-05
-4.191656653329545179e-05
-3.961015541967446014e-05
-3.745721641364820932e-05
-3.544605222731729154e-05
-3.356595045627814276e-05
-3.180709416151656499e-05
