0.100000    -0.842903   1.000000
0.200000    -1.709361   1.000000
0.300000    -2.594632   1.000000
0.400000    -3.493379   0.999999
0.500000    -4.399813   0.999998
0.600000    -5.307870   0.999996
0.700000    -6.211400   0.999993
0.800000    -7.104372   0.999987
0.900000    -7.981056   0.999980
1.000000    -8.836198   0.999970
1.100000    -9.665152   0.999958
1.200000    -10.463978   0.999942
1.300000    -11.229493   0.999924
1.400000    -11.959292   0.999904
1.500000    -12.651722   0.999882
1.600000    -13.305838   0.999857
1.700000    -13.921330   0.999832
1.800000    -14.498442   0.999805
1.900000    -15.037882   0.999778
2.000000    -15.540736   0.999750
2.100000    -16.008380   0.999723
2.200000    -16.442404   0.999696
2.300000    -16.844543   0.999670
2.400000    -17.216620   0.999645
2.500000    -17.560495   0.999621
2.600000    -17.878027   0.999598
2.700000    -18.171045   0.999576
2.800000    -18.441319   0.999555
2.900000    -18.690550   0.999535
3.000000    -18.920354   0.999516
3.100000    -19.132257   0.999499
3.200000    -19.327688   0.999482
3.300000    -19.507983   0.999466
3.400000    -19.674381   0.999451
3.500000    -19.828032   0.999437
3.600000    -19.969993   0.999424
3.700000    -20.101241   0.999411
3.800000    -20.222671   0.999399
3.900000    -20.335104   0.999387
4.000000    -20.439294   0.999376
4.100000    -20.535928   0.999366
4.200000    -20.625634   0.999356
4.300000    -20.708988   0.999346
4.400000    -20.786513   0.999337
4.500000    -20.858687   0.999328
4.600000    -20.925947   0.999319
4.700000    -20.988689   0.999311
4.800000    -21.047278   0.999303
4.900000    -21.102044   0.999295
5.000000    -21.153288   0.999287
5.100000    -21.201287   0.999280
5.200000    -21.246292   0.999273
5.300000    -21.288534   0.999266
5.400000    -21.328220   0.999259
5.500000    -21.365545   0.999252
5.600000    -21.400683   0.999246
5.700000    -21.433795   0.999239
5.800000    -21.465029   0.999233
5.900000    -21.494518   0.999227
6.000000    -21.522387   0.999221
6.100000    -21.548750   0.999215
6.200000    -21.573710   0.999210
6.300000    -21.597364   0.999204
6.400000    -21.619799   0.999199
6.500000    -21.641097   0.999193
6.600000    -21.661332   0.999188
6.700000    -21.680574   0.999183
6.800000    -21.698886   0.999178
6.900000    -21.716326   0.999173
7.000000    -21.732950   0.999168
7.100000    -21.748806   0.999164
7.200000    -21.763943   0.999159
7.300000    -21.778402   0.999154
7.400000    -21.792225   0.999150
7.500000    -21.805447   0.999145
7.600000    -21.818104   0.999141
7.700000    -21.830228   0.999137
7.800000    -21.841848   0.999133
7.900000    -21.852992   0.999128
8.000000    -21.863687   0.999124
