0.100000    -0.011868   0.050000
0.200000    -0.023693   0.050000
0.300000    -0.035434   0.050000
0.400000    -0.047049   0.050000
0.500000    -0.058499   0.050000
0.600000    -0.069748   0.050000
0.700000    -0.080763   0.050000
0.800000    -0.091513   0.050000
0.900000    -0.101973   0.050000
1.000000    -0.112119   0.050000
1.100000    -0.121933   0.050000
1.200000    -0.131401   0.050000
1.300000    -0.140510   0.050000
1.400000    -0.149252   0.050000
1.500000    -0.157625   0.050000
1.600000    -0.165626   0.049999
1.700000    -0.173257   0.049999
1.800000    -0.180522   0.049999
1.900000    -0.187427   0.049999
2.000000    -0.193979   0.049999
2.100000    -0.200189   0.049999
2.200000    -0.206066   0.049999
2.300000    -0.211623   0.049998
2.400000    -0.216871   0.049998
2.500000    -0.221823   0.049998
2.600000    -0.226493   0.049998
2.700000    -0.230893   0.049998
2.800000    -0.235037   0.049998
2.900000    -0.238938   0.049998
3.000000    -0.242608   0.049997
3.100000    -0.246060   0.049997
3.200000    -0.249306   0.049997
3.300000    -0.252359   0.049997
3.400000    -0.255228   0.049997
3.500000    -0.257926   0.049997
3.600000    -0.260462   0.049997
3.700000    -0.262847   0.049997
3.800000    -0.265089   0.049997
3.900000    -0.267197   0.049996
4.000000    -0.269180   0.049996
4.100000    -0.271046   0.049996
4.200000    -0.272802   0.049996
4.300000    -0.274455   0.049996
4.400000    -0.276012   0.049996
4.500000    -0.277478   0.049996
4.600000    -0.278860   0.049996
4.700000    -0.280163   0.049996
4.800000    -0.281392   0.049996
4.900000    -0.282552   0.049996
5.000000    -0.283647   0.049996
5.100000    -0.284681   0.049996
5.200000    -0.285658   0.049995
5.300000    -0.286582   0.049995
5.400000    -0.287456   0.049995
5.500000    -0.288284   0.049995
5.600000    -0.289067   0.049995
5.700000    -0.289810   0.049995
5.800000    -0.290513   0.049995
5.900000    -0.291181   0.049995
6.000000    -0.291815   0.049995
6.100000    -0.292417   0.049995
6.200000    -0.292989   0.049995
6.300000    -0.293532   0.049995
6.400000    -0.294050   0.049995
6.500000    -0.294542   0.049995
6.600000    -0.295011   0.049995
6.700000    -0.295458   0.049995
6.800000    -0.295884   0.049995
6.900000    -0.296291   0.049995
7.000000    -0.296679   0.049995
7.100000    -0.297049   0.049995
7.200000    -0.297403   0.049995
7.300000    -0.297742   0.049995
7.400000    -0.298066   0.049995
7.500000    -0.298376   0.049995
7.600000    -0.298673   0.049995
7.700000    -0.298958   0.049994
7.800000    -0.299231   0.049994
7.900000    -0.299493   0.049994
8.000000    -0.299744   0.049994
