0.000000    0.968364   0.002679   -0.000000
0.040000    0.879395   0.010710   0.003201
0.080000    0.749089   0.024075   0.012821
0.120000    0.598785   0.042738   0.028904
0.160000    0.449473   0.066640   0.051530
0.200000    0.317188   0.095688   0.080807
0.240000    0.210787   0.129742   0.116881
0.280000    0.132240   0.168595   0.159927
0.320000    0.078597   0.211951   0.210162
0.360000    0.044471   0.259410   0.267837
0.400000    0.024105   0.310445   0.333251
0.440000    0.012614   0.364409   0.406765
0.480000    0.006430   0.420562   0.488854
0.520000    0.003225   0.478081   0.580132
0.560000    0.001614   0.535751   0.680846
0.600000    0.000838   0.590387   0.786753
0.640000    0.000506   0.632451   0.874623
0.680000    0.000434   0.645277   0.912365
0.720000    0.000551   0.625310   0.911302
0.760000    0.000858   0.588436   0.882839
0.800000    0.001407   0.547209   0.838289
0.840000    0.002295   0.506415   0.794620
0.880000    0.003647   0.467813   0.758978
0.920000    0.005581   0.432361   0.731916
0.960000    0.008159   0.400717   0.712572
1.000000    0.011337   0.373308   0.700443
1.040000    0.014932   0.350353   0.695503
1.080000    0.018632   0.331906   0.697832
1.120000    0.022045   0.317890   0.707384
1.160000    0.024788   0.308116   0.724105
1.200000    0.026580   0.302299   0.748295
1.240000    0.027304   0.300059   0.780770
1.280000    0.027009   0.300967   0.821873
1.320000    0.025835   0.304669   0.867641
1.360000    0.023906   0.311135   0.903979
1.400000    0.021241   0.320987   0.915383
1.440000    0.017778   0.335817   0.894266
1.480000    0.013549   0.358451   0.822586
1.520000    0.008934   0.393157   0.718956
1.560000    0.004840   0.444238   0.615329
1.600000    0.002644   0.494615   0.520610
1.640000    0.003838   0.463561   0.435290
1.680000    0.009506   0.387983   0.358752
1.720000    0.019905   0.326401   0.290469
1.760000    0.034378   0.280861   0.230046
1.800000    0.051674   0.246901   0.177165
1.840000    0.070464   0.221054   0.131559
1.880000    0.089805   0.200843   0.092998
1.920000    0.109280   0.184487   0.061293
1.960000    0.128817   0.170780   0.036288
2.000000    0.148334   0.159024   0.017861
2.040000    0.167433   0.148931   0.005922
2.080000    0.185322   0.140471   0.000414
2.120000    0.200955   0.133723   0.001311
2.160000    0.213291   0.128758   0.008617
2.200000    0.221543   0.125595   0.022367
2.240000    0.225288   0.124198   0.042627
2.280000    0.224467   0.124502   0.069496
2.320000    0.219301   0.126442   0.103105
2.360000    0.210240   0.129959   0.143620
2.400000    0.197972   0.134969   0.191241
2.440000    0.183477   0.141305   0.246206
2.480000    0.168029   0.148635   0.308797
2.520000    0.153035   0.156424   0.379349
2.560000    0.139695   0.164024   0.458288
2.600000    0.128576   0.170936   0.546185
2.640000    0.119315   0.177166   0.643581
2.680000    0.110661   0.183440   0.748865
2.720000    0.100924   0.191116   0.847714
2.760000    0.088679   0.201894   0.904561
2.800000    0.073432   0.217617   0.915014
2.840000    0.055931   0.240303   0.895879
2.880000    0.037989   0.272538   0.854947
2.920000    0.021897   0.318452   0.809568
2.960000    0.009692   0.386374   0.770781
3.000000    0.002576   0.496778   0.740722
3.040000    0.000665   0.609612   0.718689
3.080000    0.003094   0.481524   0.703985
3.120000    0.008389   0.398399   0.696446
3.160000    0.014935   0.350335   0.696157
3.200000    0.021381   0.320436   0.703122
3.240000    0.026886   0.301346   0.717255
3.280000    0.031156   0.289063   0.738686
3.320000    0.034315   0.281015   0.768071
3.360000    0.036686   0.275448   0.806172
3.400000    0.038584   0.271243   0.851273
3.440000    0.040190   0.267845   0.893227
3.480000    0.041508   0.265156   0.914504
3.520000    0.042385   0.263413   0.906769
3.560000    0.042546   0.263097   0.854243
3.600000    0.041640   0.264891   0.757336
3.640000    0.039312   0.269685   0.651737
3.680000    0.035328   0.278589   0.553589
3.720000    0.029735   0.292952   0.464950
3.760000    0.022997   0.314366   0.385321
3.800000    0.016041   0.344383   0.314119
3.840000    0.010150   0.382526   0.250907
3.880000    0.006713   0.416971   0.195345
3.920000    0.006920   0.414443   0.147149
3.960000    0.011484   0.372234   0.106076
