0.010000    0.998102     0.000190
0.020000    0.992428     0.000760
0.030000    0.983042     0.001710
0.040000    0.970046     0.003041
0.050000    0.953582     0.004753
0.060000    0.933829     0.006846
0.070000    0.910998     0.009321
0.080000    0.885330     0.012179
0.090000    0.857090     0.015421
0.100000    0.826566     0.019048
0.110000    0.794059     0.023060
0.120000    0.759885     0.027459
0.130000    0.724363     0.032246
0.140000    0.687817     0.037423
0.150000    0.650563     0.042992
0.160000    0.612914     0.048953
0.170000    0.575168     0.055309
0.180000    0.537609     0.062062
0.190000    0.500503     0.069214
0.200000    0.464093     0.076767
0.210000    0.428600     0.084723
0.220000    0.394218     0.093085
0.230000    0.361117     0.101855
0.240000    0.329439     0.111037
0.250000    0.299297     0.120632
0.260000    0.270783     0.130644
0.270000    0.243958     0.141076
0.280000    0.218863     0.151931
0.290000    0.195513     0.163213
0.300000    0.173905     0.174925
0.310000    0.154015     0.187070
0.320000    0.135805     0.199653
0.330000    0.119220     0.212678
0.340000    0.104196     0.226148
0.350000    0.090656     0.240068
0.360000    0.078518     0.254442
0.370000    0.067695     0.269275
0.380000    0.058093     0.284571
0.390000    0.049621     0.300334
0.400000    0.042184     0.316571
0.410000    0.035691     0.333286
0.420000    0.030052     0.350483
0.430000    0.025180     0.368169
0.440000    0.020995     0.386348
0.450000    0.017418     0.405027
0.460000    0.014377     0.424210
0.470000    0.011807     0.443903
0.480000    0.009647     0.464113
0.490000    0.007841     0.484844
0.500000    0.006339     0.506103
0.510000    0.005098     0.527896
0.520000    0.004077     0.550228
0.530000    0.003244     0.573104
0.540000    0.002566     0.596532
0.550000    0.002019     0.620517
0.560000    0.001580     0.645063
0.570000    0.001229     0.670176
0.580000    0.000950     0.695862
0.590000    0.000731     0.722125
0.600000    0.000559     0.748969
0.610000    0.000425     0.776398
0.620000    0.000321     0.804416
0.630000    0.000241     0.833024
0.640000    0.000180     0.862226
0.650000    0.000134     0.892021
0.660000    0.000099     0.922409
0.670000    0.000072     0.953389
0.680000    0.000053     0.984958
0.690000    0.000038     1.017110
0.700000    0.000028     1.049840
0.710000    0.000020     1.083137
0.720000    0.000014     1.116991
0.730000    0.000010     1.151386
0.740000    0.000007     1.186304
0.750000    0.000005     1.221723
0.760000    0.000003     1.257617
0.770000    0.000002     1.293954
0.780000    0.000002     1.330696
0.790000    0.000001     1.367801
0.800000    0.000001     1.405219
0.810000    0.000001     1.442890
0.820000    0.000000     1.480748
0.830000    0.000000     1.518717
0.840000    0.000000     1.556710
0.850000    0.000000     1.594630
0.860000    0.000000     1.632367
0.870000    0.000000     1.669798
0.880000    0.000000     1.706788
0.890000    0.000000     1.743187
0.900000    0.000000     1.778832
0.910000    0.000000     1.813547
0.920000    0.000000     1.847142
0.930000    0.000000     1.879415
0.940000    0.000000     1.910155
0.950000    0.000000     1.939143
0.960000    0.000000     1.966156
0.970000    0.000000     1.990971
0.980000    0.000000     2.013367
0.990000    0.000000     2.033134
1.000000    0.000000     2.050076
1.010000    0.000000     2.064017
1.020000    0.000000     2.074805
1.030000    0.000000     2.082320
1.040000    0.000000     2.086478
1.050000    0.000000     2.087229
1.060000    0.000000     2.084565
1.070000    0.000000     2.078517
1.080000    0.000000     2.069154
1.090000    0.000000     2.056582
1.100000    0.000000     2.040939
1.110000    0.000000     2.022391
1.120000    0.000000     2.001125
1.130000    0.000000     1.977347
1.140000    0.000000     1.951272
1.150000    0.000000     1.923124
1.160000    0.000000     1.893127
1.170000    0.000000     1.861501
1.180000    0.000000     1.828462
1.190000    0.000000     1.794216
1.200000    0.000000     1.758957
1.210000    0.000000     1.722868
1.220000    0.000000     1.686118
1.230000    0.000000     1.648864
1.240000    0.000000     1.611246
1.250000    0.000000     1.573392
1.260000    0.000000     1.535418
1.270000    0.000000     1.497427
1.280000    0.000000     1.459510
1.290000    0.000001     1.421748
1.300000    0.000001     1.384211
1.310000    0.000001     1.346962
1.320000    0.000002     1.310055
1.330000    0.000003     1.273535
1.340000    0.000004     1.237442
1.350000    0.000006     1.201811
1.360000    0.000009     1.166670
1.370000    0.000012     1.132042
1.380000    0.000017     1.097949
1.390000    0.000024     1.064405
1.400000    0.000033     1.031425
1.410000    0.000046     0.999018
1.420000    0.000063     0.967192
1.430000    0.000086     0.935952
1.440000    0.000117     0.905304
1.450000    0.000158     0.875248
1.460000    0.000212     0.845785
1.470000    0.000283     0.816917
1.480000    0.000376     0.788639
1.490000    0.000496     0.760952
1.500000    0.000650     0.733851
1.510000    0.000847     0.707334
1.520000    0.001098     0.681395
1.530000    0.001415     0.656030
1.540000    0.001814     0.631235
1.550000    0.002311     0.607005
1.560000    0.002928     0.583333
1.570000    0.003690     0.560215
1.580000    0.004624     0.537644
1.590000    0.005764     0.515615
1.600000    0.007146     0.494122
1.610000    0.008812     0.473160
1.620000    0.010811     0.452722
1.630000    0.013194     0.432802
1.640000    0.016019     0.413395
1.650000    0.019352     0.394496
1.660000    0.023261     0.376098
1.670000    0.027821     0.358196
1.680000    0.033113     0.340784
1.690000    0.039220     0.323858
1.700000    0.046230     0.307412
1.710000    0.054236     0.291441
1.720000    0.063330     0.275940
1.730000    0.073605     0.260905
1.740000    0.085154     0.246330
1.750000    0.098067     0.232211
1.760000    0.112429     0.218543
1.770000    0.128319     0.205323
1.780000    0.145808     0.192547
1.790000    0.164954     0.180209
1.800000    0.185803     0.168307
1.810000    0.208385     0.156837
1.820000    0.232714     0.145794
1.830000    0.258782     0.135177
1.840000    0.286560     0.124981
1.850000    0.315996     0.115203
1.860000    0.347012     0.105840
1.870000    0.379503     0.096889
1.880000    0.413341     0.088348
1.890000    0.448369     0.080214
1.900000    0.484401     0.072484
1.910000    0.521230     0.065156
1.920000    0.558621     0.058228
1.930000    0.596319     0.051698
1.940000    0.634046     0.045563
1.950000    0.671512     0.039822
1.960000    0.708408     0.034473
1.970000    0.744420     0.029515
1.980000    0.779226     0.024945
1.990000    0.812504     0.020763
2.000000    0.843938     0.016968
2.010000    0.873218     0.013557
2.020000    0.900051     0.010530
2.030000    0.924160     0.007887
2.040000    0.945294     0.005626
2.050000    0.963227     0.003747
2.060000    0.977767     0.002248
2.070000    0.988755     0.001131
2.080000    0.996070     0.000394
2.090000    0.999633     0.000037
2.100000    0.999403     0.000060
2.110000    0.995384     0.000463
2.120000    0.987619     0.001246
2.130000    0.976194     0.002409
2.140000    0.961234     0.003954
2.150000    0.942903     0.005879
2.160000    0.921397     0.008186
2.170000    0.896944     0.010876
2.180000    0.869801     0.013949
2.190000    0.840244     0.017406
2.200000    0.808570     0.021249
2.210000    0.775090     0.025478
2.220000    0.740121     0.030094
2.230000    0.703985     0.035100
2.240000    0.667003     0.040496
2.250000    0.629490     0.046285
2.260000    0.591751     0.052467
2.270000    0.554076     0.059045
2.280000    0.516740     0.066022
2.290000    0.479995     0.073398
2.300000    0.444074     0.081176
2.310000    0.409181     0.089360
2.320000    0.375498     0.097950
2.330000    0.343178     0.106950
2.340000    0.312349     0.116363
2.350000    0.283110     0.126192
2.360000    0.255537     0.136439
2.370000    0.229678     0.147108
2.380000    0.205560     0.158202
2.390000    0.183189     0.169724
2.400000    0.162548     0.181678
2.410000    0.143605     0.194069
2.420000    0.126313     0.206899
2.430000    0.110612     0.220173
2.440000    0.096429     0.233895
2.450000    0.083686     0.248068
2.460000    0.072296     0.262699
2.470000    0.062169     0.277791
2.480000    0.053211     0.293348
2.490000    0.045331     0.309376
2.500000    0.038434     0.325880
2.510000    0.032431     0.342865
2.520000    0.027232     0.360335
2.530000    0.022755     0.378297
2.540000    0.018920     0.396755
2.550000    0.015652     0.415716
2.560000    0.012883     0.435184
2.570000    0.010550     0.455167
2.580000    0.008594     0.475668
2.590000    0.006964     0.496694
2.600000    0.005614     0.518252
2.610000    0.004501     0.540346
2.620000    0.003589     0.562982
2.630000    0.002846     0.586167
2.640000    0.002245     0.609906
2.650000    0.001761     0.634205
2.660000    0.001373     0.659069
2.670000    0.001065     0.684502
2.680000    0.000821     0.710511
2.690000    0.000629     0.737099
2.700000    0.000480     0.764270
2.710000    0.000363     0.792029
2.720000    0.000274     0.820378
2.730000    0.000205     0.849318
2.740000    0.000152     0.878852
2.750000    0.000113     0.908980
2.760000    0.000083     0.939700
2.770000    0.000061     0.971011
2.780000    0.000044     1.002907
2.790000    0.000032     1.035384
2.800000    0.000023     1.068434
2.810000    0.000016     1.102044
2.820000    0.000012     1.136204
2.830000    0.000008     1.170894
2.840000    0.000006     1.206096
2.850000    0.000004     1.241785
2.860000    0.000003     1.277931
2.870000    0.000002     1.314500
2.880000    0.000001     1.351452
2.890000    0.000001     1.388738
2.900000    0.000001     1.426306
2.910000    0.000000     1.464090
2.920000    0.000000     1.502021
2.930000    0.000000     1.540015
2.940000    0.000000     1.577980
2.950000    0.000000     1.615812
2.960000    0.000000     1.653393
2.970000    0.000000     1.690594
2.980000    0.000000     1.727272
2.990000    0.000000     1.763270
3.000000    0.000000     1.798416
3.010000    0.000000     1.832527
3.020000    0.000000     1.865407
3.030000    0.000000     1.896847
3.040000    0.000000     1.926633
3.050000    0.000000     1.954541
3.060000    0.000000     1.980350
3.070000    0.000000     2.003836
3.080000    0.000000     2.024783
3.090000    0.000000     2.042990
3.100000    0.000000     2.058270
3.110000    0.000000     2.070460
3.120000    0.000000     2.079427
3.130000    0.000000     2.085068
3.140000    0.000000     2.087320
3.150000    0.000000     2.086155
3.160000    0.000000     2.081588
3.170000    0.000000     2.073672
3.180000    0.000000     2.062495
3.190000    0.000000     2.048183
3.200000    0.000000     2.030890
3.210000    0.000000     2.010794
3.220000    0.000000     1.988093
3.230000    0.000000     1.963001
3.240000    0.000000     1.935737
3.250000    0.000000     1.906525
3.260000    0.000000     1.875588
3.270000    0.000000     1.843144
3.280000    0.000000     1.809403
3.290000    0.000000     1.774566
3.300000    0.000000     1.738820
3.310000    0.000000     1.702341
3.320000    0.000000     1.665290
3.330000    0.000000     1.627815
3.340000    0.000000     1.590050
3.350000    0.000000     1.552116
3.360000    0.000000     1.514120
3.370000    0.000000     1.476160
3.380000    0.000001     1.438321
3.390000    0.000001     1.400677
3.400000    0.000001     1.363295
3.410000    0.000002     1.326231
3.420000    0.000003     1.289535
3.430000    0.000004     1.253250
3.440000    0.000005     1.217413
3.450000    0.000007     1.182053
3.460000    0.000010     1.147197
3.470000    0.000015     1.112866
3.480000    0.000021     1.079079
3.490000    0.000029     1.045850
3.500000    0.000040     1.013190
3.510000    0.000055     0.981107
3.520000    0.000075     0.949610
3.530000    0.000102     0.918701
3.540000    0.000139     0.888384
3.550000    0.000187     0.858661
3.560000    0.000250     0.829532
3.570000    0.000332     0.800995
3.580000    0.000439     0.773048
3.590000    0.000577     0.745690
3.600000    0.000755     0.718917
3.610000    0.000981     0.692724
3.620000    0.001267     0.667108
3.630000    0.001628     0.642063
3.640000    0.002079     0.617585
3.650000    0.002641     0.593669
3.660000    0.003336     0.570308
3.670000    0.004190     0.547497
3.680000    0.005235     0.525231
3.690000    0.006506     0.503503
3.700000    0.008042     0.482308
3.710000    0.009888     0.461640
3.720000    0.012095     0.441493
3.730000    0.014719     0.421862
3.740000    0.017821     0.402740
3.750000    0.021467     0.384122
3.760000    0.025732     0.366003
3.770000    0.030692     0.348377
3.780000    0.036429     0.331238
3.790000    0.043032     0.314581
3.800000    0.050589     0.298402
3.810000    0.059193     0.282695
3.820000    0.068937     0.267456
3.830000    0.079915     0.252679
3.840000    0.092218     0.238360
3.850000    0.105933     0.224495
3.860000    0.121143     0.211079
3.870000    0.137921     0.198108
3.880000    0.156331     0.185578
3.890000    0.176427     0.173485
3.900000    0.198245     0.161825
3.910000    0.221806     0.150595
3.920000    0.247112     0.139791
3.930000    0.274144     0.129410
3.940000    0.302859     0.119449
3.950000    0.333191     0.109904
3.960000    0.365049     0.100772
3.970000    0.398313     0.092052
3.980000    0.432839     0.083739
3.990000    0.468454     0.075832
4.000000    0.504960     0.068328
