# time       return_probability   rate_function_DMRG     rate_function_Exact
0        0.9999999999999998    3.700743415417189e-17    
0.05        0.9692924427107026    0.005198152360051475    
0.1        0.8824737849976571    0.02083769933349834    
0.15        0.7540241827676867    0.04705513980871797    
0.2        0.6038120046078417    0.08408206335752126    
0.25        0.4522554577082448    0.132251347813085    
0.3        0.3159928929077039    0.1920059260744253    
0.35        0.2052635841092963    0.2639100582671817    
0.4        0.1234429384666803    0.3486627110654994    
0.45        0.06838026010219624    0.4471118485003855    
0.5        0.03467972592749181    0.5602666716665307    
0.55        0.01598976834625767    0.6893010399424578    
0.6000000000000001        0.006649596171163937    0.8355331920498403    
0.65        0.002473557722455712    1.000349631870205    
0.7000000000000001        0.0008168725484709585    1.185004579116167    
0.75        0.0002385560021556959    1.390151077553712    
0.8        6.196819573013898e-05    1.614814879438152    
0.8500000000000001        1.47277439872937e-05    1.854296249484166    
0.9        3.446249264517096e-06    2.096370681337309    
0.9500000000000001        9.218672115556009e-07    2.316144107655996    
1        3.571889008139806e-07    2.474166843529341    
1.05        2.581027843525642e-07    2.52831799039953    
1.1        3.866968807340143e-07    2.460937450789587    
1.15        1.054542400808247e-06    2.2937339380733    
1.2        4.043547487784873e-06    2.069731360041959    
1.25        1.735004741864174e-05    1.826985886418703    
1.3        7.246254017611598e-05    1.588740136143079    
1.35        0.0002755448275687686    1.366126704851576    
1.4        0.0009306350295197785    1.163273896232823    
1.45        0.002779826708853551    0.9808944480278767    
1.5        0.007377033593671443    0.8182306122085311    
1.55        0.01752756398880571    0.6739967586872583    
1.6        0.03759653506670246    0.5468072308856511    
1.65        0.07337692009322984    0.4353576388258447    
1.7        0.1312103829837722    0.3384922111679361    
1.75        0.2162497031195976    0.2552202510047405    
1.8        0.3301305369736334    0.1847111893584466    
1.85        0.4687474004852862    0.1262818745573805    
1.9        0.6210810530356348    0.07938228089657823    
1.95        0.7699005266874582    0.04358232643330619    
2        0.8946119560212638    0.01856087056944811    
2.05        0.9757163005413843    0.004097235083036361    
2.1        0.9996083269482678    6.529162927605308e-05    
2.15        0.962154375475139    0.006430061287339917    
2.2        0.8698098840334396    0.02324676921881206    
2.25        0.7378800410334353    0.05066233560314282    
2.3        0.5865390740232507    0.08891933178870748    
2.35        0.4359730818261049    0.1383624627449968    
2.4        0.30219411164986    0.1994476190462568    
2.45        0.1946561784322072    0.2727534106983717    
2.5        0.1160228245473644    0.3589947239819652    
2.55        0.06365853891666141    0.4590369681246371    
2.6        0.03195436447026754    0.573907750724948    
2.65        0.01456998829765521    0.7047985769926971    
2.7        0.00598653790674063    0.853040335465039    
2.75        0.00219822434470818    1.020017560092187    
2.8        0.0007161069388429487    1.206946841038368    
2.85        0.0002062998285608998    1.414363328150972    
2.9        5.295712759305801e-05    1.64100464751627    
2.95        1.250594224707603e-05    1.88155110780785    
3        2.944100741312996e-06    2.122617856414519    
3.05        8.103814092522417e-07    2.337626804081169    
3.1        3.329340703335985e-07    2.485886892259028    
3.15        2.608285779638553e-07    2.526567072469148    
3.2        4.222541817812718e-07    2.446276396290048    
3.25        1.212306560530672e-06    2.270497627428155    
3.3        4.753103440016015e-06    2.042785466244809    
3.35        2.04384032882922e-05    1.799682485448535    
3.4        8.465284879407793e-05    1.562825299358749    
3.45        0.0003178466200068884    1.342323603093926    
3.5        0.001058731103584745    1.141780693335188    
3.55        0.003119644083230739    0.9616727265925799    
3.6        0.008173183996439119    0.8011494546640292    
3.65        0.01918940124133319    0.658899528507895    
3.7        0.04071152476714829    0.5335406771341493    
3.75        0.0786537122623982    0.4237834084692539    
3.8        0.139325494604282    0.3284903992548366    
3.85        0.2276064917562845    0.2466895090802826    
3.9        0.3445882892210909    0.1775674898589728    
3.95        0.4854197301545632    0.1204568898846872    
4        0.6383102616907242    0.07482180170902331    
