Temperature,  F    <E>     <E^2>    Cv    entropy
============================================
0.010000   -inf   -inf    inf    nan   nan
0.010723   -inf   -inf    inf    nan   nan
0.011498   -inf   -inf    inf    nan   nan
0.012328   -inf   -inf    inf    nan   nan
0.013219   -inf   -inf    inf    nan   nan
0.014175   -inf   -inf    inf    nan   nan
0.015199   -inf   -inf    inf    nan   nan
0.016298   -inf   -inf    inf    nan   nan
0.017475   -inf   -inf    inf    nan   nan
0.018738   -inf   -inf    inf    nan   nan
0.020092   -inf   -inf    inf    nan   nan
0.021544   -inf   -inf    inf    nan   nan
0.023101   -inf   -inf    inf    nan   nan
0.024771   -inf   -inf    inf    nan   nan
0.026561   -inf   -inf    inf    nan   nan
0.028480   -inf   -inf    inf    nan   nan
0.030539   -inf   -inf    inf    nan   nan
0.032745   -inf   -inf    inf    nan   nan
0.035112   -inf   -inf    inf    nan   nan
0.037649   -24.413311   -10251822761798053909391114139479056710480597381036863459002266456942478603698641571958993995787966862377472668321287770014122635107799063325420376482685503710143519126121178439148382082233920525802521949678463469762403851144758631773312816758375448374483854349317055764586286389657600.000000    255939137027651363858008185448248047845329652895374818129872532295820999169325041307383950576158500024473439097972835190549667487680780374850111463807252632811326181869050615940672081335104611602536584046181371272597640100460592590250496468564330767052667873857550551090586248493924352.000000    0.776640   -272297411905458463557024250232164225843416403587432234157567009856011079256313216792578565334362056288910360313897257887262572743489574187391197391475776992119170084875268643292564734078376207637782021364027365191675878101532791306795181047973255634566093153741152791366405492597325824.000000
0.040370   -24.372211   -387997962935714373323873376093531788722243996119744898202544334611423877195372121933215217635007246365873526721051273110299616030957149775451202741074596554476732738908157627353880009309240008674510455329163651944282741993413921739461452755065252002161412225892352.000000    9685890533587123402010044217570910589793984989520154176087237062540385779728198874202483301998334610530563792752452185451424276395364212813554200074902502713573714568644288810510252025290796576828144033963659430908208775207717760041861419470882026046624375819468800.000000    0.762754   -9611005801609827158555220809494870712460842160697312664553857574858136138701559989061424576336773209569100824663113528990746714869804763023996564243228857797300446715947220579470129980181727038283309676123227216723312732089110278393546921350199989732596673343913984.000000
0.043288   -24.330738   -317584420610679038063897665192209655264461423205292581935149933925959483784326797193890109582476815180759529675291917593896870459787254405131914002784535541192080584344393267824266445459236679571551023555194759822493070256986299526360535830364160.000000    7927317092031279384888654067315847021698599350513921871431950024984558498551207502848837185373830418716835719390406098005441393295543081610447947502277313846988873435947698475934736593406462445321020608071912541030634054501985573243174078549852160.000000    0.732352   -7336612023364153195094493116129418278846504247993363087423972627464565379014717837190226431479505456626583981303849170992371252922564335436690099969616310136932140618939545664485562744606579595541148000420014610865366359832093095614644510135418880.000000
0.046416   -24.285670   -4249085323491881466701352944817523597776318989162216658377239486057943816419943670849980540282952051556634459076827321521329521360282575436440788567102713317862195405468364260161895699880547628631828373911001695786907362582855680.000000    106050937586069413080804648210106614362665471777584875464491980758901353688771393114658438747302050747689169436913520956723039808920781519950355169249667166451465070502167269683100016915825990785348085370447563649108884642313797632.000000    0.729367   -91543768218360599222585784301904371202359908515807211353058878673740488687853143094857408390898525049585263517334916170200562923580173371184678870069137161715647030564457094629325215361915246128265854648576746202037056849733222400.000000
0.049770   -24.236581   -767900035417523269573521700974446322331078068719999088303821117873602497401368037005979661696334478591117986241278931393281732520418496707606604283095503558042902903101692634092295422840707894519381144880304619520.000000    19164168726691722792994753033934150837418707989166944862191198330782399672127175463069970897565230749497354612054211129705975182898275794592433488925982780072194332357037059767483689439025003454910815292754833178624.000000    0.699047   -15428900938317250586339640693774433338946887620477169030423110481188707284282843653389980451324124673843434187195791554994414984741743525402157437575298514849363643995200926006552879856231200929362507044396889800704.000000
0.053367   -24.186479   -1674608494717377310991972411585144945609286874645615690228181911859396650141932529883346422916204611218908433453912632077673570484072224152289428896029799752448809062768263493963287111222565405720576.000000    41785765959209997156965720866473496512163292080039984713371046309778259291458666824226838621384204421892411854816183916287656122474742200383113043820997562815785132234136378159063004162065419942756352.000000    0.707040   -31379105738713637928611680613146637776812839950239736576402710830567769582024044978518725107788654164993366680407985623401328910538434971048595585144921368503745203714671100972581043775855695463710720.000000
0.057224   -24.126859   -32059495262308680537776037280740894202321278812909124023145456422825865854211281739318971775737096859650134926068785040285112591086103914381788405424273590064732242228027401713571856384.000000    799953441847806711114152016325866481158079846928165636229519987999623623967988906039476518115211143817574114098130040102391509337564139583548675450357990000607943906065942681010617450496.000000    0.667546   -560248784607952401438858830941672543719382996696871856079846705489081341401117694691862146859147316434168071270512508051630984807981526907747280290921158006102426764552638127063020077056.000000
0.061359   -24.070580   -5843000996403652639648243413504601790497833338653630545313616090112984567528219737659895940805909192681125797736635397826982830312326007461580995810302585120633217710292992.000000    145774690398353399977040672754610304596601994695472008942095536687769908600744951298798215085770869669369348832097575086324183301924794816798927400603802576752323880994996224.000000    0.633279   -95226357505779529756416368465231631856110520193002641189456191961880728812876733088853971571509115508715154426984015370564046946928980602094543025645962141293443895951097856.000000
0.065793   -24.007083   -7329982678738784263832007062955123153565431046606289887422484984698950683089451152337086480014060493094455021023003155605027189049958062547296025910654384734208.000000    182850674779477233643643684939007654036455302652691879194512870955725076621997421996759347772730302266478097569278896124293979139729188726467201483447760475652096.000000    0.618224   -111409219112679383564991437776858323484908331891156662768940053746532442013188011613376687274715863315295657846512312596714843562561464839890571733868178118279168.000000
0.070548   -23.940812   -59821223083361279152179471992750524837992755300215063534311820686057835669858939588431753183901298120579225321038908909297124565464118294033127702528.000000    1492060554821836258894637172701117691991521854413157554416492227887157291667200305146957062727432153834632954580193196545915539791317611999963413217280.000000    0.598252   -847950381153439786412750127179427407728255314388911375649662521116171030845316539436448852024079424995321997313932768944764371575114281694740407648256.000000
0.075646   -23.865483   -2578909665831791833065842116652245795864506070865760565188407807645414313999137974850449699008758033831815096392262534325074549749185511424.000000    64318511740972236771016310956993438463027551074401492302436984857950468265924663134486914703616195950412832329930474183531961299023945531392.000000    0.574710   -34091668054397761098706168174540831500267597157171552166466530429265570505219259759199564310047896893384479734532504801373907176115761315840.000000
0.081113   -23.786877   -570416258702627082110566394175224241521356616580333312374044618603378085438991888139102681698379499151902135755192190329241468928.000000    14224548071459778965698849002643016015506169201341748608733994231184966311610198196103176336270035687798594027631406666699600035840.000000    0.560161   -7032358246662670546715230674469295941924776714171658925032465444363673635434353839838356806644545066855191486837137674612343046144.000000
0.086975   -23.707265   -595673284734157662518998231028301405109831042689074801130097944225646649723337971403062431669153749487200497744742449152.000000    14852240155155915244719281191213707941086907008896215277789853040997568201287343768861618658221624630425799164582034407424.000000    0.528986   -6848795260946371527275072390671110062950783842916029482214298829218096986708243625734216188996051744485004894408022163456.000000
0.093260   -23.616320   -2361232947651526939277686281250630285962649690279955737394389455595355579283039776714502996229029102785757446144.000000    58865598269502149219010782606728253116359893988757081934168513179447886533657670094458945635404341802734788280320.000000    0.524501   -25318726932975221971373120139182053348253019655365784536856139631343193424522958963343901264664984126450944704512.000000
0.100000   -23.518672   -34431435176226634095943319104031782649828541698672194657181061917694029125628041642911715975153642897408.000000    858260828760466437115600068850359545887047042330571924402764981687787958719934911683761173649368884969472.000000    0.519076   -344314351762262823889505301029184503635026522669740756145912180333882552295035828005154287115504659202048.000000
0.107227   -23.420732   -1804159297767778062430952467477545692672626838749398512273257241881681888439901658893300357136384.000000    44963023345347627654762795442555299771714669060067255504767109607057823009608474069119787348262912.000000    0.501629   -16825649994086941506368802614690403231189684854089130471107940959865338457175035396375410506727424.000000
0.114976   -23.312116   -283618915844383086762465810227863169127723544986349808542432888674888104086213020843245568.000000    7067644540550053661383622132693328312557928538859993802478097249488529137890444661063942144.000000    0.482434   -2466772691791871041817621626634431767301191560103819549019910523747491598869171383803314176.000000
0.123285   -23.196913   -129461387182460342309170495086119189085384636199608961306687761882699392525497532416.000000    3225549646453320204995494756378287751023121509278440697803616873838314378371109224448.000000    0.476488   -1050101225404935867604324366072800027695369406328725025504788357934671253554933530624.000000
0.132194   -23.075821   -161022142476467109810667495672092781267541278009320116561359277298190575992832.000000    4011230696887556149564242208345940885777214070300249045708446209542334953029632.000000    0.469550   -1218073457077229165180087833783750873824885526137098136024080704448888907497472.000000
0.141747   -22.939242   -477497528187127610188432466024761766311273996453881210601099591438827520.000000    11892824224140639272386804847672146813416483803155649591250562946995060736.000000    0.485034   -3368650665216963695873765872321506827596535863457148269347216744675016704.000000
0.151991   -22.791638   -3313791664720966716256862913463971630805595696771198740366165540864.000000    82521611125803597856430263304110049307670712967061763556680830812160.000000    0.510128   -21802536358132216237230796696609773738046113892130110962632017051648.000000
0.162975   -22.643140   -54371265902086758204902253799519873900942194542814283608096768.000000    1353696401272542706518415903987084708456954022757473474345697280.000000    0.528916   -333617045913293743777497295035187414090619321006037234817695744.000000
0.174753   -22.486129   -1898350791821538399859250219086686972591450341696956530688.000000    47249981237931208756462325238655947702326072127304325136384.000000    0.545225   -10863061177221385632411331753984194665899919393240085692416.000000
0.187382   -22.313857   -129626986954652311116223596112945177838248518710460416.000000    3225519049681332776062981138276929217292237066679091200.000000    0.585835   -691780241624479648968620056308472647612195730731565056.000000
0.200923   -22.116380   -15854448610797384262210583543948061878691018309632.000000    394368919300154468711059492491616395455817769287680.000000    0.683585   -78907964335430700960978884335745698180921225641984.000000
0.215443   -21.921093   -3841183450141995071699573211816887343745335296.000000    95511231072941999050481909724616948140008800256.000000    0.736777   -17829194210037202437612674213923741620942929920.000000
0.231013   -21.718939   -1682844907262272672521915874362183657717760.000000    41825892666760325302547630019945960898035712.000000    0.817941   -7284633876624702853795543664394074257883136.000000
0.247708   -21.488780   -1175940186269189337575647847879679148032.000000    29208870233219540703284637027666531188736.000000    0.945289   -4747290827045944219955211772338525700096.000000
0.265609   -21.249255   -1378060647586545662505415337350004736.000000    34207969176855447441629368832877395968.000000    1.073623   -5188309876030181786227494280100839424.000000
0.284804   -20.987484   -2500378087851348149349671401160704.000000    62009070549297858535958488044011520.000000    1.289841   -8779306874476257814515487778799616.000000
0.305386   -20.728661   -7456800935132491113573654724608.000000    184750092767479618727973188796416.000000    1.432176   -24417661259883878395891435962368.000000
0.327455   -20.427726   -30622391232302624602176094208.000000    757662290161569877173748105216.000000    1.717343   -93516358158419157268274610176.000000
0.351119   -20.119615   -189775551649789441449394176.000000    4687929582689429927950811136.000000    2.001047   -540487578050789903593111552.000000
0.376494   -19.791138   -1663689216763650872705024.000000    41004304273901604871077888.000000    2.395433   -4418904603266063058075648.000000
0.403702   -19.447474   -20487038519235194126336.000000    503586722054720515473408.000000    2.818647   -50747958720288792772608.000000
0.432876   -19.062575   -326258957779262373888.000000    7990082397568680067072.000000    3.395097   -753700508284049817600.000000
0.464159   -18.685902   -7419237689668872192.000000    181009312613433180160.000000    3.913578   -15984263052214587392.000000
0.497702   -18.287440   -219749687261910496.000000    5334321095745610752.000000    4.485213   -441528323949977536.000000
0.533670   -17.840626   -7928367415719272.000000    190991284265013248.000000    5.344355   -14856312998413266.000000
0.572237   -17.428770   -402568873427906.750000    9632470234984016.000000    5.935739   -703500539274334.000000
0.613591   -16.964462   -23960088871582.289062    567060399102715.500000    6.666280   -39048974836018.335938
0.657933   -16.488326   -1778196408241.064941    41569419706086.898438    7.425496   -2702700428527.628418
0.705480   -16.031189   -169380213030.746948    3909914944825.531250    7.950326   -240092075659.397766
0.756463   -15.541463   -18786192108.549690    425835205140.952759    8.358154   -24834240350.734692
0.811131   -15.055870   -2532486454.262397    56364642969.604492    8.694222   -3122167649.257011
0.869749   -14.577763   -408829276.832742    8915405177.091599    8.807921   -470054304.200958
0.932603   -14.095740   -76782471.641320    1636523564.133253    8.787629   -82331312.451524
1.000000   -13.623942   -16815824.442286    349537341.737029    8.549134   -16815810.818344
1.072267   -13.154887   -4203412.568228    85024200.511137    8.213334   -3920104.361170
1.149757   -12.697936   -1196050.987172    23506603.803269    7.774703   -1040253.109155
1.232847   -12.258996   -385088.818804    7354914.422989    7.335831   -312347.469874
1.321941   -11.830553   -137600.063730    2550216.806225    6.854953   -104080.452702
1.417474   -11.416953   -54232.136608    974549.319496    6.353601   -38251.645832
1.519911   -11.019592   -23384.851106    407417.538342    5.876340   -15378.420341
1.629751   -10.638884   -10936.889142    184687.037360    5.396597   -6704.245843
1.747528   -10.272882   -5494.302507    89858.334340    4.918280   -3138.163377
1.873817   -9.924927   -2952.120166    46779.295303    4.465907   -1570.161107
2.009233   -9.594567   -1684.422885    25865.961376    4.034052   -833.566000
2.154435   -9.281306   -1014.637234    15112.272535    3.639189   -466.644885
2.310130   -8.984073   -641.014824    9259.065491    3.258134   -273.591024
2.477076   -8.703921   -423.248139    5934.859410    2.909528   -167.352216
2.656088   -8.440132   -290.669173    3960.173998    2.590369   -106.257422
2.848036   -8.190533   -206.594830    2736.216371    2.295695   -69.663553
3.053856   -7.956542   -151.624234    1954.761423    2.031217   -47.044692
3.274549   -7.738114   -114.540200    1439.002813    1.791703   -32.615814
3.511192   -7.532252   -88.706435    1087.054342    1.576541   -23.118699
3.764936   -7.339876   -70.307972    841.532468    1.384917   -16.724879
4.037017   -7.159299   -56.873170    665.692559    1.214677   -12.314505
4.328761   -6.990997   -46.873728    537.186139    1.063520   -9.213428
4.641589   -6.834351   -39.292294    441.498432    0.930251   -6.992852
4.977024   -6.687263   -33.423650    368.572131    0.812189   -5.371963
5.336699   -6.550130   -28.824884    312.389579    0.708903   -4.173882
5.722368   -6.422167   -25.165373    268.336980    0.618134   -3.275428
6.135907   -6.303309   -22.219362    233.383455    0.538636   -2.593920
6.579332   -6.191729   -19.811771    205.184638    0.468986   -2.070125
7.054802   -6.088289   -17.831579    182.311520    0.408276   -1.664581
7.564633   -5.991074   -16.178610    163.422114    0.355121   -1.346732
8.111308   -5.901135   -14.794198    147.803209    0.308886   -1.096378
8.697490   -5.817192   -13.621482    134.715509    0.268592   -0.897304
9.326033   -5.738898   -12.621058    123.669908    0.233526   -0.737951
10.000000   -5.666212   -11.762382    114.276608    0.202969   -0.609617
