0.010000   0.639470    0.000004   0.000000
0.020000   0.639594    0.000212   0.000018
0.030000   0.639930    0.000807   0.000079
0.040000   0.640387    0.001655   0.000184
0.050000   0.640911    0.002660   0.000334
0.060000   0.641482    0.003774   0.000527
0.070000   0.642088    0.004970   0.000765
0.080000   0.642723    0.006232   0.001049
0.090000   0.643385    0.007549   0.001377
0.100000   0.644071    0.008913   0.001751
0.110000   0.644779    0.010318   0.002172
0.120000   0.645507    0.011760   0.002639
0.130000   0.646255    0.013235   0.003154
0.140000   0.647023    0.014741   0.003717
0.150000   0.647808    0.016275   0.004329
0.160000   0.648612    0.017835   0.004990
0.170000   0.649432    0.019420   0.005702
0.180000   0.650270    0.021029   0.006465
0.190000   0.651123    0.022661   0.007281
0.200000   0.651993    0.024315   0.008150
0.210000   0.652878    0.025990   0.009074
0.220000   0.653780    0.027685   0.010053
0.230000   0.654696    0.029401   0.011088
0.240000   0.655628    0.031137   0.012181
0.250000   0.656574    0.032892   0.013331
0.260000   0.657536    0.034666   0.014541
0.270000   0.658512    0.036459   0.015809
0.280000   0.659503    0.038269   0.017137
0.290000   0.660509    0.040097   0.018526
0.300000   0.661529    0.041943   0.019974
0.310000   0.662563    0.043804   0.021482
0.320000   0.663612    0.045682   0.023050
0.330000   0.664675    0.047575   0.024677
0.340000   0.665752    0.049482   0.026363
0.350000   0.666844    0.051404   0.028108
0.360000   0.667949    0.053339   0.029910
0.370000   0.669068    0.055288   0.031770
0.380000   0.670201    0.057248   0.033685
0.390000   0.671348    0.059219   0.035656
0.400000   0.672509    0.061201   0.037681
0.410000   0.673684    0.063194   0.039759
0.420000   0.674872    0.065195   0.041889
0.430000   0.676074    0.067205   0.044070
0.440000   0.677290    0.069223   0.046300
0.450000   0.678519    0.071248   0.048579
0.460000   0.679761    0.073279   0.050906
0.470000   0.681017    0.075316   0.053279
0.480000   0.682286    0.077358   0.055696
0.490000   0.683568    0.079405   0.058157
0.500000   0.684864    0.081456   0.060661
0.510000   0.686172    0.083510   0.063206
0.520000   0.687494    0.085566   0.065791
0.530000   0.688828    0.087624   0.068415
0.540000   0.690175    0.089684   0.071077
0.550000   0.691535    0.091745   0.073775
0.560000   0.692908    0.093807   0.076509
0.570000   0.694294    0.095868   0.079277
0.580000   0.695692    0.097928   0.082078
0.590000   0.697102    0.099988   0.084912
0.600000   0.698525    0.102046   0.087777
0.610000   0.699960    0.104102   0.090672
0.620000   0.701408    0.106155   0.093596
0.630000   0.702867    0.108206   0.096549
0.640000   0.704339    0.110254   0.099529
0.650000   0.705823    0.112298   0.102536
0.660000   0.707319    0.114339   0.105568
0.670000   0.708827    0.116375   0.108625
0.680000   0.710346    0.118407   0.111706
0.690000   0.711877    0.120433   0.114810
0.700000   0.713420    0.122455   0.117936
0.710000   0.714974    0.124472   0.121084
0.720000   0.716540    0.126482   0.124253
0.730000   0.718118    0.128487   0.127443
0.740000   0.719706    0.130486   0.130651
0.750000   0.721306    0.132478   0.133879
0.760000   0.722917    0.134464   0.137125
0.770000   0.724540    0.136443   0.140388
0.780000   0.726173    0.138415   0.143669
0.790000   0.727817    0.140380   0.146966
0.800000   0.729472    0.142338   0.150279
0.810000   0.731138    0.144288   0.153607
0.820000   0.732815    0.146230   0.156950
0.830000   0.734502    0.148165   0.160308
0.840000   0.736200    0.150092   0.163679
0.850000   0.737909    0.152011   0.167064
0.860000   0.739628    0.153921   0.170462
0.870000   0.741357    0.155824   0.173872
0.880000   0.743096    0.157718   0.177294
0.890000   0.744846    0.159604   0.180728
0.900000   0.746606    0.161481   0.184173
0.910000   0.748377    0.163349   0.187629
0.920000   0.750157    0.165209   0.191096
0.930000   0.751947    0.167060   0.194573
0.940000   0.753747    0.168902   0.198059
0.950000   0.755557    0.170735   0.201555
0.960000   0.757376    0.172559   0.205060
0.970000   0.759206    0.174374   0.208574
0.980000   0.761045    0.176180   0.212097
0.990000   0.762893    0.177977   0.215628
1.000000   0.764751    0.179765   0.219166
1.010000   0.766619    0.181543   0.222713
1.020000   0.768495    0.183312   0.226266
1.030000   0.770381    0.185072   0.229827
1.040000   0.772277    0.186823   0.233395
1.050000   0.774181    0.188565   0.236970
1.060000   0.776095    0.190297   0.240551
1.070000   0.778017    0.192019   0.244138
1.080000   0.779949    0.193733   0.247731
1.090000   0.781890    0.195437   0.251330
1.100000   0.783839    0.197131   0.254934
1.110000   0.785797    0.198817   0.258544
1.120000   0.787764    0.200493   0.262159
1.130000   0.789740    0.202159   0.265779
1.140000   0.791724    0.203816   0.269404
1.150000   0.793717    0.205464   0.273034
1.160000   0.795718    0.207103   0.276668
1.170000   0.797728    0.208732   0.280306
1.180000   0.799746    0.210352   0.283949
1.190000   0.801773    0.211962   0.287595
1.200000   0.803807    0.213563   0.291246
1.210000   0.805850    0.215155   0.294900
1.220000   0.807901    0.216737   0.298557
1.230000   0.809961    0.218311   0.302219
1.240000   0.812028    0.219875   0.305883
1.250000   0.814103    0.221430   0.309551
1.260000   0.816186    0.222975   0.313221
1.270000   0.818277    0.224512   0.316895
1.280000   0.820376    0.226039   0.320571
1.290000   0.822483    0.227557   0.324251
1.300000   0.824597    0.229067   0.327932
1.310000   0.826719    0.230567   0.331617
1.320000   0.828849    0.232058   0.335303
1.330000   0.830986    0.233540   0.338992
1.340000   0.833131    0.235013   0.342684
1.350000   0.835283    0.236477   0.346377
1.360000   0.837443    0.237932   0.350073
1.370000   0.839610    0.239379   0.353770
1.380000   0.841784    0.240816   0.357469
1.390000   0.843966    0.242245   0.361170
1.400000   0.846154    0.243665   0.364873
1.410000   0.848350    0.245076   0.368577
1.420000   0.850553    0.246479   0.372283
1.430000   0.852764    0.247873   0.375990
1.440000   0.854981    0.249258   0.379699
1.450000   0.857205    0.250635   0.383409
1.460000   0.859436    0.252003   0.387121
1.470000   0.861674    0.253363   0.390833
1.480000   0.863919    0.254714   0.394547
1.490000   0.866170    0.256057   0.398262
1.500000   0.868428    0.257392   0.401978
1.510000   0.870693    0.258718   0.405694
1.520000   0.872965    0.260036   0.409412
1.530000   0.875243    0.261345   0.413131
1.540000   0.877528    0.262647   0.416850
1.550000   0.879819    0.263940   0.420570
1.560000   0.882117    0.265225   0.424291
1.570000   0.884421    0.266502   0.428013
1.580000   0.886732    0.267771   0.431735
1.590000   0.889049    0.269032   0.435458
1.600000   0.891372    0.270285   0.439181
1.610000   0.893701    0.271530   0.442905
1.620000   0.896037    0.272767   0.446629
1.630000   0.898379    0.273997   0.450354
1.640000   0.900727    0.275218   0.454079
1.650000   0.903081    0.276432   0.457804
1.660000   0.905441    0.277638   0.461530
1.670000   0.907807    0.278837   0.465256
1.680000   0.910179    0.280028   0.468982
1.690000   0.912557    0.281211   0.472708
1.700000   0.914941    0.282387   0.476435
1.710000   0.917331    0.283556   0.480162
1.720000   0.919727    0.284716   0.483888
1.730000   0.922128    0.285870   0.487615
1.740000   0.924535    0.287016   0.491342
1.750000   0.926948    0.288155   0.495069
1.760000   0.929367    0.289287   0.498796
1.770000   0.931791    0.290411   0.502523
1.780000   0.934220    0.291528   0.506250
1.790000   0.936655    0.292638   0.509977
1.800000   0.939096    0.293741   0.513703
1.810000   0.941542    0.294837   0.517430
1.820000   0.943994    0.295926   0.521156
1.830000   0.946451    0.297008   0.524882
1.840000   0.948913    0.298083   0.528608
1.850000   0.951381    0.299151   0.532334
1.860000   0.953854    0.300213   0.536060
1.870000   0.956332    0.301267   0.539785
1.880000   0.958816    0.302315   0.543510
1.890000   0.961305    0.303356   0.547235
1.900000   0.963798    0.304391   0.550960
1.910000   0.966297    0.305419   0.554684
1.920000   0.968801    0.306440   0.558408
1.930000   0.971310    0.307455   0.562131
1.940000   0.973825    0.308463   0.565854
1.950000   0.976344    0.309465   0.569577
1.960000   0.978868    0.310460   0.573299
1.970000   0.981397    0.311449   0.577021
1.980000   0.983931    0.312432   0.580743
1.990000   0.986469    0.313408   0.584464
2.000000   0.989013    0.314378   0.588185
2.010000   0.991561    0.315342   0.591905
2.020000   0.994114    0.316300   0.595625
2.030000   0.996672    0.317251   0.599344
2.040000   0.999235    0.318197   0.603063
2.050000   1.001802    0.319136   0.606781
2.060000   1.004374    0.320070   0.610499
2.070000   1.006950    0.320997   0.614216
2.080000   1.009531    0.321919   0.617933
2.090000   1.012117    0.322834   0.621649
2.100000   1.014707    0.323744   0.625365
2.110000   1.017302    0.324648   0.629080
2.120000   1.019901    0.325546   0.632795
2.130000   1.022504    0.326439   0.636509
2.140000   1.025112    0.327326   0.640222
2.150000   1.027725    0.328207   0.643935
2.160000   1.030341    0.329082   0.647647
2.170000   1.032962    0.329952   0.651359
2.180000   1.035588    0.330817   0.655070
2.190000   1.038217    0.331676   0.658780
2.200000   1.040851    0.332529   0.662490
2.210000   1.043489    0.333377   0.666199
2.220000   1.046131    0.334220   0.669908
2.230000   1.048777    0.335057   0.673616
2.240000   1.051428    0.335889   0.677323
2.250000   1.054082    0.336715   0.681030
2.260000   1.056741    0.337537   0.684736
2.270000   1.059403    0.338353   0.688441
2.280000   1.062070    0.339164   0.692146
2.290000   1.064741    0.339969   0.695850
2.300000   1.067415    0.340770   0.699553
2.310000   1.070094    0.341566   0.703256
2.320000   1.072776    0.342356   0.706958
2.330000   1.075463    0.343142   0.710659
2.340000   1.078153    0.343922   0.714360
2.350000   1.080847    0.344698   0.718060
2.360000   1.083545    0.345469   0.721759
2.370000   1.086247    0.346235   0.725458
2.380000   1.088952    0.346996   0.729156
2.390000   1.091662    0.347752   0.732853
2.400000   1.094375    0.348503   0.736550
2.410000   1.097091    0.349250   0.740246
2.420000   1.099812    0.349992   0.743941
2.430000   1.102536    0.350729   0.747635
2.440000   1.105263    0.351462   0.751329
2.450000   1.107995    0.352190   0.755022
2.460000   1.110730    0.352914   0.758715
2.470000   1.113468    0.353633   0.762406
2.480000   1.116210    0.354347   0.766097
2.490000   1.118955    0.355057   0.769788
2.500000   1.121704    0.355762   0.773477
2.510000   1.124457    0.356463   0.777166
2.520000   1.127213    0.357160   0.780854
2.530000   1.129972    0.357853   0.784542
2.540000   1.132735    0.358541   0.788228
2.550000   1.135501    0.359224   0.791914
2.560000   1.138270    0.359904   0.795600
2.570000   1.141043    0.360579   0.799284
2.580000   1.143819    0.361250   0.802968
2.590000   1.146599    0.361917   0.806651
2.600000   1.149381    0.362579   0.810334
2.610000   1.152167    0.363238   0.814016
2.620000   1.154957    0.363892   0.817697
2.630000   1.157749    0.364542   0.821377
2.640000   1.160545    0.365189   0.825057
2.650000   1.163344    0.365831   0.828736
2.660000   1.166146    0.366469   0.832414
2.670000   1.168951    0.367104   0.836091
2.680000   1.171759    0.367734   0.839768
2.690000   1.174570    0.368361   0.843444
2.700000   1.177385    0.368983   0.847120
2.710000   1.180202    0.369602   0.850794
2.720000   1.183023    0.370217   0.854468
2.730000   1.185847    0.370828   0.858141
2.740000   1.188673    0.371436   0.861814
2.750000   1.191503    0.372040   0.865486
2.760000   1.194335    0.372640   0.869157
2.770000   1.197171    0.373236   0.872827
2.780000   1.200009    0.373829   0.876497
2.790000   1.202851    0.374418   0.880166
2.800000   1.205695    0.375003   0.883834
2.810000   1.208542    0.375585   0.887502
2.820000   1.211392    0.376163   0.891169
2.830000   1.214245    0.376738   0.894835
2.840000   1.217101    0.377309   0.898501
2.850000   1.219959    0.377877   0.902166
2.860000   1.222821    0.378441   0.905830
2.870000   1.225685    0.379002   0.909493
2.880000   1.228552    0.379559   0.913156
2.890000   1.231421    0.380113   0.916818
2.900000   1.234293    0.380664   0.920480
2.910000   1.237168    0.381211   0.924140
2.920000   1.240046    0.381755   0.927800
2.930000   1.242927    0.382296   0.931460
2.940000   1.245810    0.382833   0.935118
2.950000   1.248695    0.383368   0.938776
2.960000   1.251584    0.383899   0.942434
2.970000   1.254475    0.384426   0.946090
2.980000   1.257368    0.384951   0.949746
2.990000   1.260264    0.385472   0.953402
3.000000   1.263163    0.385991   0.957056
3.010000   1.266064    0.386506   0.960710
3.020000   1.268968    0.387018   0.964363
3.030000   1.271874    0.387527   0.968016
3.040000   1.274783    0.388033   0.971668
3.050000   1.277695    0.388536   0.975319
3.060000   1.280608    0.389036   0.978970
3.070000   1.283525    0.389532   0.982620
3.080000   1.286443    0.390026   0.986269
3.090000   1.289364    0.390517   0.989918
3.100000   1.292288    0.391005   0.993566
3.110000   1.295214    0.391491   0.997214
3.120000   1.298142    0.391973   1.000860
3.130000   1.301073    0.392452   1.004506
3.140000   1.304006    0.392929   1.008152
3.150000   1.306941    0.393403   1.011797
3.160000   1.309879    0.393874   1.015441
3.170000   1.312819    0.394342   1.019084
3.180000   1.315762    0.394807   1.022727
3.190000   1.318706    0.395270   1.026370
3.200000   1.321653    0.395730   1.030011
3.210000   1.324602    0.396187   1.033652
3.220000   1.327554    0.396641   1.037293
3.230000   1.330508    0.397093   1.040933
3.240000   1.333464    0.397542   1.044572
3.250000   1.336422    0.397989   1.048210
3.260000   1.339382    0.398433   1.051848
3.270000   1.342345    0.398874   1.055485
3.280000   1.345309    0.399313   1.059122
3.290000   1.348276    0.399749   1.062758
3.300000   1.351245    0.400183   1.066394
3.310000   1.354216    0.400614   1.070029
3.320000   1.357190    0.401042   1.073663
3.330000   1.360165    0.401468   1.077296
3.340000   1.363142    0.401892   1.080930
3.350000   1.366122    0.402313   1.084562
3.360000   1.369104    0.402732   1.088194
3.370000   1.372087    0.403148   1.091825
3.380000   1.375073    0.403562   1.095456
3.390000   1.378061    0.403974   1.099086
3.400000   1.381051    0.404383   1.102715
3.410000   1.384043    0.404789   1.106344
3.420000   1.387037    0.405194   1.109973
3.430000   1.390032    0.405596   1.113600
3.440000   1.393030    0.405996   1.117228
3.450000   1.396030    0.406393   1.120854
3.460000   1.399032    0.406788   1.124480
3.470000   1.402035    0.407181   1.128106
3.480000   1.405041    0.407572   1.131731
3.490000   1.408049    0.407960   1.135355
3.500000   1.411058    0.408347   1.138979
3.510000   1.414070    0.408731   1.142602
3.520000   1.417083    0.409112   1.146224
3.530000   1.420098    0.409492   1.149846
3.540000   1.423115    0.409870   1.153468
3.550000   1.426134    0.410245   1.157089
3.560000   1.429155    0.410618   1.160709
3.570000   1.432177    0.410989   1.164329
3.580000   1.435202    0.411358   1.167948
3.590000   1.438228    0.411725   1.171567
3.600000   1.441256    0.412090   1.175185
3.610000   1.444286    0.412453   1.178803
3.620000   1.447317    0.412814   1.182420
3.630000   1.450351    0.413172   1.186037
3.640000   1.453386    0.413529   1.189653
3.650000   1.456423    0.413884   1.193268
3.660000   1.459462    0.414236   1.196883
3.670000   1.462502    0.414587   1.200498
3.680000   1.465544    0.414936   1.204112
3.690000   1.468588    0.415283   1.207725
3.700000   1.471634    0.415628   1.211338
3.710000   1.474681    0.415971   1.214951
3.720000   1.477730    0.416312   1.218563
3.730000   1.480781    0.416651   1.222174
3.740000   1.483833    0.416988   1.225785
3.750000   1.486887    0.417324   1.229395
3.760000   1.489943    0.417657   1.233005
3.770000   1.493000    0.417989   1.236614
3.780000   1.496059    0.418319   1.240223
3.790000   1.499119    0.418647   1.243831
3.800000   1.502182    0.418973   1.247439
3.810000   1.505245    0.419297   1.251046
3.820000   1.508311    0.419620   1.254653
3.830000   1.511378    0.419941   1.258259
3.840000   1.514446    0.420260   1.261865
3.850000   1.517516    0.420577   1.265471
3.860000   1.520588    0.420893   1.269075
3.870000   1.523661    0.421207   1.272680
3.880000   1.526736    0.421519   1.276284
3.890000   1.529813    0.421829   1.279887
3.900000   1.532890    0.422138   1.283490
3.910000   1.535970    0.422445   1.287092
3.920000   1.539051    0.422751   1.290694
3.930000   1.542133    0.423054   1.294296
3.940000   1.545217    0.423356   1.297897
3.950000   1.548303    0.423657   1.301497
3.960000   1.551389    0.423956   1.305097
3.970000   1.554478    0.424253   1.308697
3.980000   1.557568    0.424549   1.312296
3.990000   1.560659    0.424843   1.315895
4.000000   1.563752    0.425135   1.319493
4.010000   1.566846    0.425426   1.323091
4.020000   1.569942    0.425715   1.326688
4.030000   1.573039    0.426003   1.330285
4.040000   1.576137    0.426289   1.333881
4.050000   1.579237    0.426574   1.337477
4.060000   1.582338    0.426857   1.341073
4.070000   1.585441    0.427139   1.344668
4.080000   1.588545    0.427419   1.348262
4.090000   1.591651    0.427697   1.351857
4.100000   1.594757    0.427975   1.355450
4.110000   1.597866    0.428250   1.359044
4.120000   1.600975    0.428525   1.362636
4.130000   1.604086    0.428797   1.366229
4.140000   1.607199    0.429069   1.369821
4.150000   1.610312    0.429338   1.373412
4.160000   1.613427    0.429607   1.377003
4.170000   1.616543    0.429874   1.380594
4.180000   1.619661    0.430140   1.384184
4.190000   1.622780    0.430404   1.387774
4.200000   1.625900    0.430667   1.391364
4.210000   1.629022    0.430928   1.394953
4.220000   1.632144    0.431188   1.398541
4.230000   1.635269    0.431447   1.402129
4.240000   1.638394    0.431704   1.405717
4.250000   1.641521    0.431960   1.409304
4.260000   1.644648    0.432215   1.412891
4.270000   1.647778    0.432468   1.416478
4.280000   1.650908    0.432720   1.420064
4.290000   1.654040    0.432971   1.423650
4.300000   1.657173    0.433221   1.427235
4.310000   1.660307    0.433469   1.430820
4.320000   1.663442    0.433716   1.434404
4.330000   1.666579    0.433961   1.437988
4.340000   1.669716    0.434205   1.441572
4.350000   1.672855    0.434448   1.445155
4.360000   1.675996    0.434690   1.448738
4.370000   1.679137    0.434931   1.452321
4.380000   1.682280    0.435170   1.455903
4.390000   1.685423    0.435408   1.459484
4.400000   1.688568    0.435645   1.463066
4.410000   1.691714    0.435881   1.466647
4.420000   1.694862    0.436115   1.470227
4.430000   1.698010    0.436348   1.473807
4.440000   1.701160    0.436580   1.477387
4.450000   1.704310    0.436811   1.480967
4.460000   1.707462    0.437041   1.484546
4.470000   1.710615    0.437269   1.488124
4.480000   1.713770    0.437496   1.491703
4.490000   1.716925    0.437723   1.495281
4.500000   1.720081    0.437948   1.498858
4.510000   1.723239    0.438172   1.502435
4.520000   1.726397    0.438394   1.506012
4.530000   1.729557    0.438616   1.509589
4.540000   1.732718    0.438836   1.513165
4.550000   1.735880    0.439056   1.516740
4.560000   1.739043    0.439274   1.520316
4.570000   1.742207    0.439491   1.523891
4.580000   1.745372    0.439708   1.527465
4.590000   1.748538    0.439923   1.531040
4.600000   1.751705    0.440136   1.534614
4.610000   1.754874    0.440349   1.538187
4.620000   1.758043    0.440561   1.541760
4.630000   1.761213    0.440772   1.545333
4.640000   1.764385    0.440982   1.548906
4.650000   1.767557    0.441190   1.552478
4.660000   1.770731    0.441398   1.556050
4.670000   1.773905    0.441604   1.559621
4.680000   1.777081    0.441810   1.563192
4.690000   1.780258    0.442015   1.566763
4.700000   1.783435    0.442218   1.570333
4.710000   1.786614    0.442421   1.573904
4.720000   1.789793    0.442622   1.577473
4.730000   1.792974    0.442823   1.581043
4.740000   1.796156    0.443022   1.584612
4.750000   1.799338    0.443221   1.588181
4.760000   1.802522    0.443418   1.591749
4.770000   1.805706    0.443615   1.595317
4.780000   1.808892    0.443811   1.598885
4.790000   1.812078    0.444005   1.602452
4.800000   1.815266    0.444199   1.606019
4.810000   1.818454    0.444392   1.609586
4.820000   1.821644    0.444584   1.613153
4.830000   1.824834    0.444775   1.616719
4.840000   1.828025    0.444965   1.620285
4.850000   1.831217    0.445154   1.623850
4.860000   1.834411    0.445342   1.627415
4.870000   1.837605    0.445529   1.630980
4.880000   1.840800    0.445716   1.634545
4.890000   1.843996    0.445901   1.638109
4.900000   1.847192    0.446086   1.641673
4.910000   1.850390    0.446269   1.645237
4.920000   1.853589    0.446452   1.648800
4.930000   1.856788    0.446634   1.652363
4.940000   1.859989    0.446815   1.655926
4.950000   1.863190    0.446995   1.659488
4.960000   1.866392    0.447174   1.663050
4.970000   1.869595    0.447353   1.666612
4.980000   1.872800    0.447530   1.670173
4.990000   1.876004    0.447707   1.673734
