0.010000   0.000573
0.030000   0.021225
0.050000   0.041525
0.070000   0.056798
0.090000   0.068751
0.110000   0.078514
0.130000   0.086752
0.150000   0.093876
0.170000   0.100157
0.190000   0.105780
0.210000   0.110879
0.230000   0.115551
0.250000   0.119870
0.270000   0.123889
0.290000   0.127650
0.310000   0.131184
0.330000   0.134514
0.350000   0.137660
0.370000   0.140637
0.390000   0.143455
0.410000   0.146125
0.430000   0.148656
0.450000   0.151055
0.470000   0.153328
0.490000   0.155482
0.510000   0.157522
0.530000   0.159454
0.550000   0.161282
0.570000   0.163011
0.590000   0.164646
0.610000   0.166190
0.630000   0.167649
0.650000   0.169026
0.670000   0.170325
0.690000   0.171549
0.710000   0.172701
0.730000   0.173785
0.750000   0.174805
0.770000   0.175762
0.790000   0.176660
0.810000   0.177501
0.830000   0.178288
0.850000   0.179023
0.870000   0.179708
0.890000   0.180346
0.910000   0.180938
0.930000   0.181488
0.950000   0.181995
0.970000   0.182463
0.990000   0.182892
1.010000   0.183285
1.030000   0.183642
1.050000   0.183966
1.070000   0.184257
1.090000   0.184518
1.110000   0.184748
1.130000   0.184950
1.150000   0.185125
1.170000   0.185273
1.190000   0.185395
1.210000   0.185493
1.230000   0.185568
1.250000   0.185620
1.270000   0.185650
1.290000   0.185659
1.310000   0.185648
1.330000   0.185618
1.350000   0.185568
1.370000   0.185501
1.390000   0.185417
1.410000   0.185316
1.430000   0.185199
1.450000   0.185066
1.470000   0.184918
1.490000   0.184756
1.510000   0.184580
1.530000   0.184391
1.550000   0.184189
1.570000   0.183975
1.590000   0.183749
1.610000   0.183511
1.630000   0.183262
1.650000   0.183002
1.670000   0.182733
1.690000   0.182453
1.710000   0.182164
1.730000   0.181866
1.750000   0.181559
1.770000   0.181243
1.790000   0.180919
1.810000   0.180588
1.830000   0.180249
1.850000   0.179903
1.870000   0.179549
1.890000   0.179189
1.910000   0.178823
1.930000   0.178451
1.950000   0.178072
1.970000   0.177688
1.990000   0.177299
2.010000   0.176904
2.030000   0.176505
2.050000   0.176100
2.070000   0.175691
2.090000   0.175278
2.110000   0.174861
2.130000   0.174439
2.150000   0.174014
2.170000   0.173585
2.190000   0.173153
2.210000   0.172718
2.230000   0.172279
2.250000   0.171838
2.270000   0.171393
2.290000   0.170946
2.310000   0.170497
2.330000   0.170045
2.350000   0.169591
2.370000   0.169135
2.390000   0.168677
2.410000   0.168217
2.430000   0.167756
2.450000   0.167293
2.470000   0.166828
2.490000   0.166362
2.510000   0.165895
2.530000   0.165427
2.550000   0.164957
2.570000   0.164487
2.590000   0.164015
2.610000   0.163543
2.630000   0.163071
2.650000   0.162597
2.670000   0.162124
2.690000   0.161649
2.710000   0.161175
2.730000   0.160700
2.750000   0.160225
2.770000   0.159750
2.790000   0.159274
2.810000   0.158799
2.830000   0.158324
2.850000   0.157849
2.870000   0.157374
2.890000   0.156899
2.910000   0.156425
2.930000   0.155951
2.950000   0.155478
2.970000   0.155005
2.990000   0.154532
3.010000   0.154060
3.030000   0.153589
3.050000   0.153118
3.070000   0.152649
3.090000   0.152179
3.110000   0.151711
3.130000   0.151243
3.150000   0.150777
3.170000   0.150311
3.190000   0.149846
3.210000   0.149382
3.230000   0.148919
3.250000   0.148458
3.270000   0.147997
3.290000   0.147537
3.310000   0.147079
3.330000   0.146621
3.350000   0.146165
3.370000   0.145710
3.390000   0.145256
3.410000   0.144804
3.430000   0.144353
3.450000   0.143903
3.470000   0.143454
3.490000   0.143007
3.510000   0.142561
3.530000   0.142116
3.550000   0.141673
3.570000   0.141231
3.590000   0.140791
3.610000   0.140352
3.630000   0.139915
3.650000   0.139479
3.670000   0.139044
3.690000   0.138611
3.710000   0.138180
3.730000   0.137750
3.750000   0.137321
3.770000   0.136894
3.790000   0.136469
3.810000   0.136045
3.830000   0.135623
3.850000   0.135202
3.870000   0.134783
3.890000   0.134365
3.910000   0.133949
3.930000   0.133535
3.950000   0.133122
3.970000   0.132711
3.990000   0.132301
4.010000   0.131893
4.030000   0.131487
4.050000   0.131082
4.070000   0.130679
4.090000   0.130277
4.110000   0.129877
4.130000   0.129479
4.150000   0.129082
4.170000   0.128687
4.190000   0.128294
4.210000   0.127902
4.230000   0.127512
4.250000   0.127124
4.270000   0.126737
4.290000   0.126352
4.310000   0.125968
4.330000   0.125586
4.350000   0.125206
4.370000   0.124827
4.390000   0.124450
4.410000   0.124074
4.430000   0.123700
4.450000   0.123328
4.470000   0.122957
4.490000   0.122588
4.510000   0.122221
4.530000   0.121855
4.550000   0.121491
4.570000   0.121128
4.590000   0.120767
4.610000   0.120408
4.630000   0.120050
4.650000   0.119694
4.670000   0.119339
4.690000   0.118986
4.710000   0.118635
4.730000   0.118285
4.750000   0.117936
4.770000   0.117590
4.790000   0.117244
4.810000   0.116901
4.830000   0.116559
4.850000   0.116218
4.870000   0.115879
4.890000   0.115541
4.910000   0.115205
4.930000   0.114871
4.950000   0.114538
4.970000   0.114206
4.990000   0.113876
5.010000   0.113548
5.030000   0.113221
5.050000   0.112896
5.070000   0.112572
5.090000   0.112249
5.110000   0.111928
5.130000   0.111608
5.150000   0.111290
5.170000   0.110974
5.190000   0.110658
5.210000   0.110345
5.230000   0.110032
5.250000   0.109721
5.270000   0.109412
5.290000   0.109104
5.310000   0.108797
5.330000   0.108492
5.350000   0.108188
5.370000   0.107885
5.390000   0.107584
5.410000   0.107285
5.430000   0.106986
5.450000   0.106689
5.470000   0.106394
5.490000   0.106099
5.510000   0.105807
5.530000   0.105515
5.550000   0.105225
5.570000   0.104936
5.590000   0.104648
5.610000   0.104362
5.630000   0.104077
5.650000   0.103793
5.670000   0.103511
5.690000   0.103230
5.710000   0.102950
5.730000   0.102672
5.750000   0.102394
5.770000   0.102118
5.790000   0.101844
5.810000   0.101570
5.830000   0.101298
5.850000   0.101027
5.870000   0.100757
5.890000   0.100489
5.910000   0.100221
5.930000   0.099955
5.950000   0.099690
5.970000   0.099427
5.990000   0.099164
6.010000   0.098903
6.030000   0.098643
6.050000   0.098384
6.070000   0.098126
6.090000   0.097869
6.110000   0.097614
6.130000   0.097359
6.150000   0.097106
6.170000   0.096854
6.190000   0.096603
6.210000   0.096354
6.230000   0.096105
6.250000   0.095857
6.270000   0.095611
6.290000   0.095366
6.310000   0.095122
6.330000   0.094878
6.350000   0.094636
6.370000   0.094395
6.390000   0.094156
6.410000   0.093917
6.430000   0.093679
6.450000   0.093442
6.470000   0.093207
6.490000   0.092972
6.510000   0.092738
6.530000   0.092506
6.550000   0.092274
6.570000   0.092044
6.590000   0.091814
6.610000   0.091586
6.630000   0.091359
6.650000   0.091132
6.670000   0.090907
6.690000   0.090682
6.710000   0.090459
6.730000   0.090236
6.750000   0.090015
6.770000   0.089794
6.790000   0.089575
6.810000   0.089356
6.830000   0.089138
6.850000   0.088921
6.870000   0.088706
6.890000   0.088491
6.910000   0.088277
6.930000   0.088064
6.950000   0.087852
6.970000   0.087641
6.990000   0.087430
7.010000   0.087221
7.030000   0.087013
7.050000   0.086805
7.070000   0.086598
7.090000   0.086393
7.110000   0.086188
7.130000   0.085984
7.150000   0.085780
7.170000   0.085578
7.190000   0.085377
7.210000   0.085176
7.230000   0.084976
7.250000   0.084778
7.270000   0.084580
7.290000   0.084382
7.310000   0.084186
7.330000   0.083991
7.350000   0.083796
7.370000   0.083602
7.390000   0.083409
7.410000   0.083217
7.430000   0.083025
7.450000   0.082834
7.470000   0.082645
7.490000   0.082456
7.510000   0.082267
7.530000   0.082080
7.550000   0.081893
7.570000   0.081707
7.590000   0.081522
7.610000   0.081338
7.630000   0.081154
7.650000   0.080971
7.670000   0.080789
7.690000   0.080608
7.710000   0.080427
7.730000   0.080247
7.750000   0.080068
7.770000   0.079890
7.790000   0.079712
7.810000   0.079535
7.830000   0.079359
7.850000   0.079183
7.870000   0.079008
7.890000   0.078834
7.910000   0.078661
7.930000   0.078488
7.950000   0.078316
7.970000   0.078145
7.990000   0.077974
8.010000   0.077804
8.030000   0.077635
8.050000   0.077467
8.070000   0.077299
8.090000   0.077132
8.110000   0.076965
8.130000   0.076799
8.150000   0.076634
8.170000   0.076469
8.190000   0.076305
8.210000   0.076142
8.230000   0.075980
8.250000   0.075818
8.270000   0.075656
8.290000   0.075496
8.310000   0.075336
8.330000   0.075176
8.350000   0.075017
8.370000   0.074859
8.390000   0.074702
8.410000   0.074545
8.430000   0.074388
8.450000   0.074233
8.470000   0.074078
8.490000   0.073923
8.510000   0.073769
8.530000   0.073616
8.550000   0.073463
8.570000   0.073311
8.590000   0.073160
8.610000   0.073009
8.630000   0.072858
8.650000   0.072709
8.670000   0.072559
8.690000   0.072411
8.710000   0.072263
8.730000   0.072115
8.750000   0.071968
8.770000   0.071822
8.790000   0.071676
8.810000   0.071531
8.830000   0.071386
8.850000   0.071242
8.870000   0.071098
8.890000   0.070955
8.910000   0.070813
8.930000   0.070671
8.950000   0.070529
8.970000   0.070388
8.990000   0.070248
9.010000   0.070108
9.030000   0.069969
9.050000   0.069830
9.070000   0.069692
9.090000   0.069554
9.110000   0.069417
9.130000   0.069280
9.150000   0.069143
9.170000   0.069008
9.190000   0.068872
9.210000   0.068738
9.230000   0.068603
9.250000   0.068470
9.270000   0.068336
9.290000   0.068204
9.310000   0.068071
9.330000   0.067939
9.350000   0.067808
9.370000   0.067677
9.390000   0.067547
9.410000   0.067417
9.430000   0.067288
9.450000   0.067159
9.470000   0.067030
9.490000   0.066902
9.510000   0.066774
9.530000   0.066647
9.550000   0.066521
9.570000   0.066395
9.590000   0.066269
9.610000   0.066143
9.630000   0.066019
9.650000   0.065894
9.670000   0.065770
9.690000   0.065647
9.710000   0.065524
9.730000   0.065401
9.750000   0.065279
9.770000   0.065157
9.790000   0.065036
9.810000   0.064915
9.830000   0.064794
9.850000   0.064674
9.870000   0.064555
9.890000   0.064435
9.910000   0.064317
9.930000   0.064198
9.950000   0.064080
9.970000   0.063963
9.990000   0.063846
