0.010000   0.000573
0.030000   0.021225
0.050000   0.041525
0.070000   0.056798
0.090000   0.068751
0.110000   0.078514
0.130000   0.086752
0.150000   0.093876
0.170000   0.100157
0.190000   0.105780
0.210000   0.110879
0.230000   0.115551
0.250000   0.119870
0.270000   0.123889
0.290000   0.127650
0.310000   0.131184
0.330000   0.134514
0.350000   0.137660
0.370000   0.140637
0.390000   0.143455
0.410000   0.146125
0.430000   0.148656
0.450000   0.151055
0.470000   0.153328
0.490000   0.155482
0.510000   0.157522
0.530000   0.159454
0.550000   0.161282
0.570000   0.163011
0.590000   0.164646
0.610000   0.166190
0.630000   0.167649
0.650000   0.169026
0.670000   0.170325
0.690000   0.171549
0.710000   0.172701
0.730000   0.173785
0.750000   0.174805
0.770000   0.175762
0.790000   0.176660
0.810000   0.177501
0.830000   0.178288
0.850000   0.179023
0.870000   0.179708
0.890000   0.180346
0.910000   0.180938
0.930000   0.181488
0.950000   0.181995
0.970000   0.182463
0.990000   0.182892
1.010000   0.183285
1.030000   0.183642
1.050000   0.183966
1.070000   0.184257
1.090000   0.184518
1.110000   0.184748
1.130000   0.184950
1.150000   0.185125
1.170000   0.185273
1.190000   0.185395
1.210000   0.185493
1.230000   0.185568
1.250000   0.185620
1.270000   0.185650
1.290000   0.185659
1.310000   0.185648
1.330000   0.185618
1.350000   0.185568
1.370000   0.185501
1.390000   0.185417
1.410000   0.185316
1.430000   0.185199
1.450000   0.185066
1.470000   0.184918
1.490000   0.184756
1.510000   0.184580
1.530000   0.184391
1.550000   0.184189
1.570000   0.183975
1.590000   0.183749
1.610000   0.183511
1.630000   0.183262
1.650000   0.183002
1.670000   0.182733
1.690000   0.182453
1.710000   0.182164
1.730000   0.181866
1.750000   0.181559
1.770000   0.181243
1.790000   0.180919
1.810000   0.180588
1.830000   0.180249
1.850000   0.179903
1.870000   0.179549
1.890000   0.179189
1.910000   0.178823
1.930000   0.178451
1.950000   0.178072
1.970000   0.177688
1.990000   0.177299
2.010000   0.176904
2.030000   0.176505
2.050000   0.176100
2.070000   0.175691
2.090000   0.175278
2.110000   0.174861
2.130000   0.174439
2.150000   0.174014
2.170000   0.173585
2.190000   0.173153
2.210000   0.172718
2.230000   0.172279
2.250000   0.171838
2.270000   0.171393
2.290000   0.170946
2.310000   0.170497
2.330000   0.170045
2.350000   0.169591
2.370000   0.169135
2.390000   0.168677
2.410000   0.168217
2.430000   0.167756
2.450000   0.167293
2.470000   0.166828
2.490000   0.166362
2.510000   0.165895
2.530000   0.165427
2.550000   0.164957
2.570000   0.164487
2.590000   0.164015
2.610000   0.163543
2.630000   0.163071
2.650000   0.162597
2.670000   0.162124
2.690000   0.161649
2.710000   0.161175
2.730000   0.160700
2.750000   0.160225
2.770000   0.159750
2.790000   0.159274
2.810000   0.158799
2.830000   0.158324
2.850000   0.157849
2.870000   0.157374
2.890000   0.156899
2.910000   0.156425
2.930000   0.155951
2.950000   0.155478
2.970000   0.155005
2.990000   0.154532
3.010000   0.154060
3.030000   0.153589
3.050000   0.153118
3.070000   0.152649
3.090000   0.152179
3.110000   0.151711
3.130000   0.151243
3.150000   0.150777
3.170000   0.150311
3.190000   0.149846
3.210000   0.149382
3.230000   0.148919
3.250000   0.148458
3.270000   0.147997
3.290000   0.147537
3.310000   0.147079
3.330000   0.146621
3.350000   0.146165
3.370000   0.145710
3.390000   0.145256
3.410000   0.144804
3.430000   0.144353
3.450000   0.143903
3.470000   0.143454
3.490000   0.143007
3.510000   0.142561
3.530000   0.142116
3.550000   0.141673
3.570000   0.141232
3.590000   0.140791
3.610000   0.140352
3.630000   0.139915
3.650000   0.139479
3.670000   0.139044
3.690000   0.138611
3.710000   0.138180
3.730000   0.137750
3.750000   0.137321
3.770000   0.136894
3.790000   0.136469
3.810000   0.136045
3.830000   0.135623
3.850000   0.135202
3.870000   0.134783
3.890000   0.134365
3.910000   0.133949
3.930000   0.133535
3.950000   0.133122
3.970000   0.132711
3.990000   0.132301
4.010000   0.131893
4.030000   0.131487
4.050000   0.131082
4.070000   0.130679
4.090000   0.130277
4.110000   0.129877
4.130000   0.129479
4.150000   0.129082
4.170000   0.128687
4.190000   0.128294
4.210000   0.127902
4.230000   0.127512
4.250000   0.127124
4.270000   0.126737
4.290000   0.126352
4.310000   0.125968
4.330000   0.125586
4.350000   0.125206
4.370000   0.124827
4.390000   0.124450
4.410000   0.124074
4.430000   0.123700
4.450000   0.123328
4.470000   0.122957
4.490000   0.122588
4.510000   0.122221
4.530000   0.121855
4.550000   0.121491
4.570000   0.121128
4.590000   0.120767
4.610000   0.120408
4.630000   0.120050
4.650000   0.119694
4.670000   0.119339
4.690000   0.118986
4.710000   0.118635
4.730000   0.118285
4.750000   0.117936
4.770000   0.117590
4.790000   0.117244
4.810000   0.116901
4.830000   0.116559
4.850000   0.116218
4.870000   0.115879
4.890000   0.115541
4.910000   0.115205
4.930000   0.114871
4.950000   0.114538
4.970000   0.114206
4.990000   0.113876
5.010000   0.113548
5.030000   0.113221
5.050000   0.112896
5.070000   0.112572
5.090000   0.112249
5.110000   0.111928
5.130000   0.111608
5.150000   0.111290
5.170000   0.110974
5.190000   0.110658
5.210000   0.110345
5.230000   0.110032
5.250000   0.109721
5.270000   0.109412
5.290000   0.109104
5.310000   0.108797
5.330000   0.108492
5.350000   0.108188
5.370000   0.107885
5.390000   0.107584
5.410000   0.107285
5.430000   0.106986
5.450000   0.106689
5.470000   0.106394
5.490000   0.106099
5.510000   0.105807
5.530000   0.105515
5.550000   0.105225
5.570000   0.104936
5.590000   0.104648
5.610000   0.104362
5.630000   0.104077
5.650000   0.103793
5.670000   0.103511
5.690000   0.103230
5.710000   0.102950
5.730000   0.102672
5.750000   0.102394
5.770000   0.102118
5.790000   0.101844
5.810000   0.101570
5.830000   0.101298
5.850000   0.101027
5.870000   0.100757
5.890000   0.100489
5.910000   0.100221
5.930000   0.099955
5.950000   0.099690
5.970000   0.099427
5.990000   0.099164
6.010000   0.098903
6.030000   0.098643
6.050000   0.098384
6.070000   0.098126
6.090000   0.097869
6.110000   0.097614
6.130000   0.097360
6.150000   0.097106
6.170000   0.096854
6.190000   0.096603
6.210000   0.096354
6.230000   0.096105
6.250000   0.095857
6.270000   0.095611
6.290000   0.095366
6.310000   0.095122
6.330000   0.094878
6.350000   0.094636
6.370000   0.094395
6.390000   0.094156
6.410000   0.093917
6.430000   0.093679
6.450000   0.093442
6.470000   0.093207
6.490000   0.092972
6.510000   0.092738
6.530000   0.092506
6.550000   0.092274
6.570000   0.092044
6.590000   0.091814
6.610000   0.091586
6.630000   0.091359
6.650000   0.091132
6.670000   0.090907
6.690000   0.090682
6.710000   0.090459
6.730000   0.090236
6.750000   0.090015
6.770000   0.089794
6.790000   0.089575
6.810000   0.089356
6.830000   0.089138
6.850000   0.088921
6.870000   0.088706
6.890000   0.088491
6.910000   0.088277
6.930000   0.088064
6.950000   0.087852
6.970000   0.087641
6.990000   0.087430
7.010000   0.087221
7.030000   0.087013
7.050000   0.086805
7.070000   0.086598
7.090000   0.086393
7.110000   0.086188
7.130000   0.085984
7.150000   0.085780
7.170000   0.085578
7.190000   0.085377
7.210000   0.085176
7.230000   0.084976
7.250000   0.084778
7.270000   0.084580
7.290000   0.084382
7.310000   0.084186
7.330000   0.083991
7.350000   0.083796
7.370000   0.083602
7.390000   0.083409
7.410000   0.083217
7.430000   0.083025
7.450000   0.082834
7.470000   0.082645
7.490000   0.082456
7.510000   0.082267
7.530000   0.082080
7.550000   0.081893
7.570000   0.081707
7.590000   0.081522
7.610000   0.081338
7.630000   0.081154
7.650000   0.080971
7.670000   0.080789
7.690000   0.080608
7.710000   0.080427
7.730000   0.080247
7.750000   0.080068
7.770000   0.079890
7.790000   0.079712
7.810000   0.079535
7.830000   0.079359
7.850000   0.079183
7.870000   0.079008
7.890000   0.078834
7.910000   0.078661
7.930000   0.078488
7.950000   0.078316
7.970000   0.078145
7.990000   0.077974
8.010000   0.077804
8.030000   0.077635
8.050000   0.077467
8.070000   0.077299
8.090000   0.077132
8.110000   0.076965
8.130000   0.076799
8.150000   0.076634
8.170000   0.076469
8.190000   0.076305
8.210000   0.076142
8.230000   0.075980
8.250000   0.075818
8.270000   0.075656
8.290000   0.075496
8.310000   0.075336
8.330000   0.075176
8.350000   0.075017
8.370000   0.074859
8.390000   0.074702
8.410000   0.074545
8.430000   0.074388
8.450000   0.074233
8.470000   0.074078
8.490000   0.073923
8.510000   0.073769
8.530000   0.073616
8.550000   0.073463
8.570000   0.073311
8.590000   0.073160
8.610000   0.073009
8.630000   0.072858
8.650000   0.072709
8.670000   0.072559
8.690000   0.072411
8.710000   0.072263
8.730000   0.072115
8.750000   0.071968
8.770000   0.071822
8.790000   0.071676
8.810000   0.071531
8.830000   0.071386
8.850000   0.071242
8.870000   0.071098
8.890000   0.070955
8.910000   0.070813
8.930000   0.070671
8.950000   0.070529
8.970000   0.070388
8.990000   0.070248
9.010000   0.070108
9.030000   0.069969
9.050000   0.069830
9.070000   0.069692
9.090000   0.069554
9.110000   0.069417
9.130000   0.069280
9.150000   0.069143
9.170000   0.069008
9.190000   0.068872
9.210000   0.068738
9.230000   0.068603
9.250000   0.068470
9.270000   0.068336
9.290000   0.068204
9.310000   0.068071
9.330000   0.067939
9.350000   0.067808
9.370000   0.067677
9.390000   0.067547
9.410000   0.067417
9.430000   0.067288
9.450000   0.067159
9.470000   0.067030
9.490000   0.066902
9.510000   0.066774
9.530000   0.066647
9.550000   0.066521
9.570000   0.066395
9.590000   0.066269
9.610000   0.066143
9.630000   0.066019
9.650000   0.065894
9.670000   0.065770
9.690000   0.065647
9.710000   0.065524
9.730000   0.065401
9.750000   0.065279
9.770000   0.065157
9.790000   0.065036
9.810000   0.064915
9.830000   0.064794
9.850000   0.064674
9.870000   0.064555
9.890000   0.064435
9.910000   0.064317
9.930000   0.064198
9.950000   0.064080
9.970000   0.063963
9.990000   0.063846
10.010000   0.063729
10.030000   0.063613
10.050000   0.063497
10.070000   0.063381
10.090000   0.063266
10.110000   0.063151
10.130000   0.063037
10.150000   0.062923
10.170000   0.062809
10.190000   0.062696
10.210000   0.062584
10.230000   0.062471
10.250000   0.062359
10.270000   0.062248
10.290000   0.062136
10.310000   0.062025
10.330000   0.061915
10.350000   0.061805
10.370000   0.061695
10.390000   0.061586
10.410000   0.061477
10.430000   0.061368
10.450000   0.061260
10.470000   0.061152
10.490000   0.061045
10.510000   0.060937
10.530000   0.060831
10.550000   0.060724
10.570000   0.060618
10.590000   0.060512
10.610000   0.060407
10.630000   0.060302
10.650000   0.060197
10.670000   0.060093
10.690000   0.059989
10.710000   0.059885
10.730000   0.059782
10.750000   0.059679
10.770000   0.059576
10.790000   0.059474
10.810000   0.059372
10.830000   0.059271
10.850000   0.059169
10.870000   0.059068
10.890000   0.058968
10.910000   0.058868
10.930000   0.058768
10.950000   0.058668
10.970000   0.058569
10.990000   0.058470
11.010000   0.058371
11.030000   0.058273
11.050000   0.058175
11.070000   0.058077
11.090000   0.057980
11.110000   0.057882
11.130000   0.057786
11.150000   0.057689
11.170000   0.057593
11.190000   0.057497
11.210000   0.057402
11.230000   0.057306
11.250000   0.057212
11.270000   0.057117
11.290000   0.057023
11.310000   0.056929
11.330000   0.056835
11.350000   0.056741
11.370000   0.056648
11.390000   0.056555
11.410000   0.056463
11.430000   0.056371
11.450000   0.056279
11.470000   0.056187
11.490000   0.056096
11.510000   0.056005
11.530000   0.055914
11.550000   0.055823
11.570000   0.055733
11.590000   0.055643
11.610000   0.055553
11.630000   0.055464
11.650000   0.055375
11.670000   0.055286
11.690000   0.055197
11.710000   0.055109
11.730000   0.055021
11.750000   0.054933
11.770000   0.054846
11.790000   0.054759
11.810000   0.054672
11.830000   0.054585
11.850000   0.054498
11.870000   0.054412
11.890000   0.054326
11.910000   0.054241
11.930000   0.054155
11.950000   0.054070
11.970000   0.053985
11.990000   0.053901
12.010000   0.053816
12.030000   0.053732
12.050000   0.053649
12.070000   0.053565
12.090000   0.053482
12.110000   0.053399
12.130000   0.053316
12.150000   0.053233
12.170000   0.053151
12.190000   0.053069
12.210000   0.052987
12.230000   0.052905
12.250000   0.052824
12.270000   0.052743
12.290000   0.052662
12.310000   0.052581
12.330000   0.052501
12.350000   0.052421
12.370000   0.052341
12.390000   0.052261
12.410000   0.052182
12.430000   0.052102
12.450000   0.052023
12.470000   0.051945
12.490000   0.051866
12.510000   0.051788
12.530000   0.051710
12.550000   0.051632
12.570000   0.051554
12.590000   0.051477
12.610000   0.051400
12.630000   0.051323
12.650000   0.051246
12.670000   0.051170
12.690000   0.051094
12.710000   0.051017
12.730000   0.050942
12.750000   0.050866
12.770000   0.050791
12.790000   0.050715
12.810000   0.050641
12.830000   0.050566
12.850000   0.050491
12.870000   0.050417
12.890000   0.050343
12.910000   0.050269
12.930000   0.050195
12.950000   0.050122
12.970000   0.050049
12.990000   0.049975
13.010000   0.049903
13.030000   0.049830
13.050000   0.049758
13.070000   0.049685
13.090000   0.049613
13.110000   0.049541
13.130000   0.049470
13.150000   0.049398
13.170000   0.049327
13.190000   0.049256
13.210000   0.049185
13.230000   0.049115
13.250000   0.049044
13.270000   0.048974
13.290000   0.048904
13.310000   0.048834
13.330000   0.048765
13.350000   0.048695
13.370000   0.048626
13.390000   0.048557
13.410000   0.048488
13.430000   0.048419
13.450000   0.048351
13.470000   0.048282
13.490000   0.048214
13.510000   0.048146
13.530000   0.048079
13.550000   0.048011
13.570000   0.047944
13.590000   0.047877
13.610000   0.047809
13.630000   0.047743
13.650000   0.047676
13.670000   0.047610
13.690000   0.047543
13.710000   0.047477
13.730000   0.047411
13.750000   0.047345
13.770000   0.047280
13.790000   0.047215
13.810000   0.047149
13.830000   0.047084
13.850000   0.047019
13.870000   0.046955
13.890000   0.046890
13.910000   0.046826
13.930000   0.046762
13.950000   0.046698
13.970000   0.046634
13.990000   0.046570
14.010000   0.046507
14.030000   0.046443
14.050000   0.046380
14.070000   0.046317
14.090000   0.046254
14.110000   0.046192
14.130000   0.046129
14.150000   0.046067
14.170000   0.046005
14.190000   0.045943
14.210000   0.045881
14.230000   0.045819
14.250000   0.045758
14.270000   0.045696
14.290000   0.045635
14.310000   0.045574
14.330000   0.045513
14.350000   0.045453
14.370000   0.045392
14.390000   0.045332
14.410000   0.045271
14.430000   0.045211
14.450000   0.045151
14.470000   0.045092
14.490000   0.045032
14.510000   0.044973
14.530000   0.044913
14.550000   0.044854
14.570000   0.044795
14.590000   0.044736
14.610000   0.044678
14.630000   0.044619
14.650000   0.044561
14.670000   0.044502
14.690000   0.044444
14.710000   0.044386
14.730000   0.044329
14.750000   0.044271
14.770000   0.044213
14.790000   0.044156
14.810000   0.044099
14.830000   0.044042
14.850000   0.043985
14.870000   0.043928
14.890000   0.043871
14.910000   0.043815
14.930000   0.043758
14.950000   0.043702
14.970000   0.043646
14.990000   0.043590
15.010000   0.043534
15.030000   0.043479
15.050000   0.043423
15.070000   0.043368
15.090000   0.043313
15.110000   0.043258
15.130000   0.043203
15.150000   0.043148
15.170000   0.043093
15.190000   0.043038
15.210000   0.042984
15.230000   0.042930
15.250000   0.042876
15.270000   0.042822
15.290000   0.042768
15.310000   0.042714
15.330000   0.042660
15.350000   0.042607
15.370000   0.042554
15.390000   0.042500
15.410000   0.042447
15.430000   0.042394
15.450000   0.042341
15.470000   0.042289
15.490000   0.042236
15.510000   0.042184
15.530000   0.042131
15.550000   0.042079
15.570000   0.042027
15.590000   0.041975
15.610000   0.041923
15.630000   0.041872
15.650000   0.041820
15.670000   0.041769
15.690000   0.041717
15.710000   0.041666
15.730000   0.041615
15.750000   0.041564
15.770000   0.041513
15.790000   0.041463
15.810000   0.041412
15.830000   0.041362
15.850000   0.041311
15.870000   0.041261
15.890000   0.041211
15.910000   0.041161
15.930000   0.041111
15.950000   0.041061
15.970000   0.041012
15.990000   0.040962
