0.010000   0.000070
0.030000   0.000342
0.050000   0.000632
0.070000   0.000925
0.090000   0.001224
0.110000   0.001531
0.130000   0.001848
0.150000   0.002177
0.170000   0.002520
0.190000   0.002880
0.210000   0.003255
0.230000   0.003646
0.250000   0.004048
0.270000   0.004458
0.290000   0.004871
0.310000   0.005283
0.330000   0.005690
0.350000   0.006087
0.370000   0.006471
0.390000   0.006840
0.410000   0.007192
0.430000   0.007526
0.450000   0.007841
0.470000   0.008136
0.490000   0.008411
0.510000   0.008667
0.530000   0.008904
0.550000   0.009122
0.570000   0.009323
0.590000   0.009507
0.610000   0.009674
0.630000   0.009826
0.650000   0.009964
0.670000   0.010088
0.690000   0.010198
0.710000   0.010297
0.730000   0.010384
0.750000   0.010461
0.770000   0.010528
0.790000   0.010585
0.810000   0.010633
0.830000   0.010674
0.850000   0.010706
0.870000   0.010732
0.890000   0.010751
0.910000   0.010763
0.930000   0.010770
0.950000   0.010772
0.970000   0.010768
0.990000   0.010760
1.010000   0.010747
1.030000   0.010730
1.050000   0.010710
1.070000   0.010686
1.090000   0.010658
1.110000   0.010628
1.130000   0.010595
1.150000   0.010559
1.170000   0.010520
1.190000   0.010480
1.210000   0.010437
1.230000   0.010392
1.250000   0.010346
1.270000   0.010297
1.290000   0.010248
1.310000   0.010196
1.330000   0.010144
1.350000   0.010090
1.370000   0.010035
1.390000   0.009979
1.410000   0.009922
1.430000   0.009864
1.450000   0.009806
1.470000   0.009747
1.490000   0.009687
1.510000   0.009626
1.530000   0.009565
1.550000   0.009504
1.570000   0.009442
1.590000   0.009380
1.610000   0.009318
1.630000   0.009255
1.650000   0.009192
1.670000   0.009129
1.690000   0.009066
1.710000   0.009003
1.730000   0.008939
1.750000   0.008876
1.770000   0.008812
1.790000   0.008749
1.810000   0.008686
1.830000   0.008623
1.850000   0.008559
1.870000   0.008496
1.890000   0.008434
1.910000   0.008371
1.930000   0.008308
1.950000   0.008246
1.970000   0.008184
1.990000   0.008122
2.010000   0.008061
2.030000   0.007999
2.050000   0.007938
2.070000   0.007877
2.090000   0.007817
2.110000   0.007757
2.130000   0.007697
2.150000   0.007637
2.170000   0.007578
2.190000   0.007519
2.210000   0.007461
2.230000   0.007403
2.250000   0.007345
2.270000   0.007288
2.290000   0.007231
2.310000   0.007174
2.330000   0.007118
2.350000   0.007062
2.370000   0.007006
2.390000   0.006951
2.410000   0.006897
2.430000   0.006842
2.450000   0.006789
2.470000   0.006735
2.490000   0.006682
2.510000   0.006629
2.530000   0.006577
2.550000   0.006525
2.570000   0.006474
2.590000   0.006423
2.610000   0.006372
2.630000   0.006322
2.650000   0.006272
2.670000   0.006223
2.690000   0.006174
2.710000   0.006125
2.730000   0.006077
2.750000   0.006029
2.770000   0.005982
2.790000   0.005935
2.810000   0.005888
2.830000   0.005842
2.850000   0.005796
2.870000   0.005751
2.890000   0.005706
2.910000   0.005661
2.930000   0.005617
2.950000   0.005573
2.970000   0.005530
2.990000   0.005487
3.010000   0.005444
3.030000   0.005402
3.050000   0.005360
3.070000   0.005319
3.090000   0.005278
3.110000   0.005237
3.130000   0.005197
3.150000   0.005157
3.170000   0.005117
3.190000   0.005078
3.210000   0.005039
3.230000   0.005000
3.250000   0.004962
3.270000   0.004924
3.290000   0.004887
3.310000   0.004849
3.330000   0.004813
3.350000   0.004776
3.370000   0.004740
3.390000   0.004704
3.410000   0.004669
3.430000   0.004634
3.450000   0.004599
3.470000   0.004564
3.490000   0.004530
3.510000   0.004496
3.530000   0.004463
3.550000   0.004430
3.570000   0.004397
3.590000   0.004364
3.610000   0.004332
3.630000   0.004300
3.650000   0.004268
3.670000   0.004237
3.690000   0.004205
3.710000   0.004175
3.730000   0.004144
3.750000   0.004114
3.770000   0.004084
3.790000   0.004054
3.810000   0.004025
3.830000   0.003996
3.850000   0.003967
3.870000   0.003938
3.890000   0.003910
3.910000   0.003882
3.930000   0.003854
3.950000   0.003826
3.970000   0.003799
3.990000   0.003772
4.010000   0.003745
4.030000   0.003719
4.050000   0.003692
4.070000   0.003666
4.090000   0.003640
4.110000   0.003615
4.130000   0.003590
4.150000   0.003564
4.170000   0.003540
4.190000   0.003515
4.210000   0.003490
4.230000   0.003466
4.250000   0.003442
4.270000   0.003419
4.290000   0.003395
4.310000   0.003372
4.330000   0.003349
4.350000   0.003326
4.370000   0.003303
4.390000   0.003281
4.410000   0.003258
4.430000   0.003236
4.450000   0.003214
4.470000   0.003193
4.490000   0.003171
4.510000   0.003150
4.530000   0.003129
4.550000   0.003108
4.570000   0.003087
4.590000   0.003067
4.610000   0.003046
4.630000   0.003026
4.650000   0.003006
4.670000   0.002986
4.690000   0.002967
4.710000   0.002947
4.730000   0.002928
4.750000   0.002909
4.770000   0.002890
4.790000   0.002871
4.810000   0.002852
4.830000   0.002834
4.850000   0.002816
4.870000   0.002798
4.890000   0.002780
4.910000   0.002762
4.930000   0.002744
4.950000   0.002727
4.970000   0.002709
4.990000   0.002692
5.010000   0.002675
5.030000   0.002658
5.050000   0.002641
5.070000   0.002625
5.090000   0.002608
5.110000   0.002592
5.130000   0.002576
5.150000   0.002560
5.170000   0.002544
5.190000   0.002528
5.210000   0.002512
5.230000   0.002497
5.250000   0.002482
5.270000   0.002466
5.290000   0.002451
5.310000   0.002436
5.330000   0.002421
5.350000   0.002407
5.370000   0.002392
5.390000   0.002378
5.410000   0.002363
5.430000   0.002349
5.450000   0.002335
5.470000   0.002321
5.490000   0.002307
5.510000   0.002293
5.530000   0.002280
5.550000   0.002266
5.570000   0.002253
5.590000   0.002239
5.610000   0.002226
5.630000   0.002213
5.650000   0.002200
5.670000   0.002187
5.690000   0.002174
5.710000   0.002162
5.730000   0.002149
5.750000   0.002137
5.770000   0.002124
5.790000   0.002112
5.810000   0.002100
5.830000   0.002088
5.850000   0.002076
5.870000   0.002064
5.890000   0.002052
5.910000   0.002041
5.930000   0.002029
5.950000   0.002018
5.970000   0.002006
5.990000   0.001995
6.010000   0.001984
6.030000   0.001972
6.050000   0.001961
6.070000   0.001950
6.090000   0.001940
6.110000   0.001929
6.130000   0.001918
6.150000   0.001907
6.170000   0.001897
6.190000   0.001886
6.210000   0.001876
6.230000   0.001866
6.250000   0.001856
6.270000   0.001845
6.290000   0.001835
6.310000   0.001825
6.330000   0.001816
6.350000   0.001806
6.370000   0.001796
6.390000   0.001786
6.410000   0.001777
6.430000   0.001767
6.450000   0.001758
6.470000   0.001748
6.490000   0.001739
6.510000   0.001730
6.530000   0.001721
6.550000   0.001712
6.570000   0.001702
6.590000   0.001694
6.610000   0.001685
6.630000   0.001676
6.650000   0.001667
6.670000   0.001658
6.690000   0.001650
6.710000   0.001641
6.730000   0.001633
6.750000   0.001624
6.770000   0.001616
6.790000   0.001607
6.810000   0.001599
6.830000   0.001591
6.850000   0.001583
6.870000   0.001575
6.890000   0.001567
6.910000   0.001559
6.930000   0.001551
6.950000   0.001543
6.970000   0.001535
6.990000   0.001527
7.010000   0.001520
7.030000   0.001512
7.050000   0.001505
7.070000   0.001497
7.090000   0.001490
7.110000   0.001482
7.130000   0.001475
7.150000   0.001468
7.170000   0.001460
7.190000   0.001453
7.210000   0.001446
7.230000   0.001439
7.250000   0.001432
7.270000   0.001425
7.290000   0.001418
7.310000   0.001411
7.330000   0.001404
7.350000   0.001397
7.370000   0.001391
7.390000   0.001384
7.410000   0.001377
7.430000   0.001371
7.450000   0.001364
7.470000   0.001357
7.490000   0.001351
7.510000   0.001345
7.530000   0.001338
7.550000   0.001332
7.570000   0.001326
7.590000   0.001319
7.610000   0.001313
7.630000   0.001307
7.650000   0.001301
7.670000   0.001295
7.690000   0.001289
7.710000   0.001283
7.730000   0.001277
7.750000   0.001271
7.770000   0.001265
7.790000   0.001259
7.810000   0.001253
7.830000   0.001247
7.850000   0.001242
7.870000   0.001236
7.890000   0.001230
7.910000   0.001225
7.930000   0.001219
7.950000   0.001213
7.970000   0.001208
7.990000   0.001203
8.010000   0.001197
8.030000   0.001192
8.050000   0.001186
8.070000   0.001181
8.090000   0.001176
8.110000   0.001170
8.130000   0.001165
8.150000   0.001160
8.170000   0.001155
8.190000   0.001150
8.210000   0.001145
8.230000   0.001140
8.250000   0.001134
8.270000   0.001130
8.290000   0.001125
8.310000   0.001120
8.330000   0.001115
8.350000   0.001110
8.370000   0.001105
8.390000   0.001100
8.410000   0.001095
8.430000   0.001091
8.450000   0.001086
8.470000   0.001081
8.490000   0.001076
8.510000   0.001072
8.530000   0.001067
8.550000   0.001063
8.570000   0.001058
8.590000   0.001054
8.610000   0.001049
8.630000   0.001045
8.650000   0.001040
8.670000   0.001036
8.690000   0.001032
8.710000   0.001027
8.730000   0.001023
8.750000   0.001019
8.770000   0.001014
8.790000   0.001010
8.810000   0.001006
8.830000   0.001002
8.850000   0.000997
8.870000   0.000993
8.890000   0.000989
8.910000   0.000985
8.930000   0.000981
8.950000   0.000977
8.970000   0.000973
8.990000   0.000969
9.010000   0.000965
9.030000   0.000961
9.050000   0.000957
9.070000   0.000953
9.090000   0.000949
9.110000   0.000945
9.130000   0.000942
9.150000   0.000938
9.170000   0.000934
9.190000   0.000930
9.210000   0.000927
9.230000   0.000923
9.250000   0.000919
9.270000   0.000915
9.290000   0.000912
9.310000   0.000908
9.330000   0.000905
9.350000   0.000901
9.370000   0.000897
9.390000   0.000894
9.410000   0.000890
9.430000   0.000887
9.450000   0.000883
9.470000   0.000880
9.490000   0.000876
9.510000   0.000873
9.530000   0.000870
9.550000   0.000866
9.570000   0.000863
9.590000   0.000859
9.610000   0.000856
9.630000   0.000853
9.650000   0.000849
9.670000   0.000846
9.690000   0.000843
9.710000   0.000840
9.730000   0.000836
9.750000   0.000833
9.770000   0.000830
9.790000   0.000827
9.810000   0.000824
9.830000   0.000820
9.850000   0.000818
9.870000   0.000814
9.890000   0.000811
9.910000   0.000808
9.930000   0.000805
9.950000   0.000802
9.970000   0.000799
