0.010000   0.000070
0.030000   0.000342
0.050000   0.000632
0.070000   0.000925
0.090000   0.001224
0.110000   0.001531
0.130000   0.001848
0.150000   0.002177
0.170000   0.002520
0.190000   0.002880
0.210000   0.003255
0.230000   0.003646
0.250000   0.004048
0.270000   0.004458
0.290000   0.004871
0.310000   0.005283
0.330000   0.005690
0.350000   0.006087
0.370000   0.006471
0.390000   0.006840
0.410000   0.007192
0.430000   0.007526
0.450000   0.007841
0.470000   0.008136
0.490000   0.008411
0.510000   0.008667
0.530000   0.008904
0.550000   0.009122
0.570000   0.009323
0.590000   0.009507
0.610000   0.009674
0.630000   0.009826
0.650000   0.009964
0.670000   0.010088
0.690000   0.010198
0.710000   0.010297
0.730000   0.010384
0.750000   0.010461
0.770000   0.010528
0.790000   0.010585
0.810000   0.010633
0.830000   0.010674
0.850000   0.010706
0.870000   0.010732
0.890000   0.010751
0.910000   0.010763
0.930000   0.010770
0.950000   0.010772
0.970000   0.010768
0.990000   0.010760
1.010000   0.010747
1.030000   0.010730
1.050000   0.010710
1.070000   0.010686
1.090000   0.010658
1.110000   0.010628
1.130000   0.010595
1.150000   0.010559
1.170000   0.010520
1.190000   0.010480
1.210000   0.010437
1.230000   0.010392
1.250000   0.010346
1.270000   0.010297
1.290000   0.010248
1.310000   0.010196
1.330000   0.010144
1.350000   0.010090
1.370000   0.010035
1.390000   0.009979
1.410000   0.009922
1.430000   0.009864
1.450000   0.009806
1.470000   0.009747
1.490000   0.009687
1.510000   0.009626
1.530000   0.009565
1.550000   0.009504
1.570000   0.009442
1.590000   0.009380
1.610000   0.009318
1.630000   0.009255
1.650000   0.009192
1.670000   0.009129
1.690000   0.009066
1.710000   0.009003
1.730000   0.008939
1.750000   0.008876
1.770000   0.008812
1.790000   0.008749
1.810000   0.008686
1.830000   0.008623
1.850000   0.008559
1.870000   0.008496
1.890000   0.008434
1.910000   0.008371
1.930000   0.008308
1.950000   0.008246
1.970000   0.008184
1.990000   0.008122
2.010000   0.008061
2.030000   0.007999
2.050000   0.007938
2.070000   0.007877
2.090000   0.007817
2.110000   0.007757
2.130000   0.007697
2.150000   0.007637
2.170000   0.007578
2.190000   0.007519
2.210000   0.007461
2.230000   0.007403
2.250000   0.007345
2.270000   0.007288
2.290000   0.007231
2.310000   0.007174
2.330000   0.007118
2.350000   0.007062
2.370000   0.007006
2.390000   0.006951
2.410000   0.006897
2.430000   0.006842
2.450000   0.006789
2.470000   0.006735
2.490000   0.006682
2.510000   0.006629
2.530000   0.006577
2.550000   0.006525
2.570000   0.006474
2.590000   0.006423
2.610000   0.006372
2.630000   0.006322
2.650000   0.006272
2.670000   0.006223
2.690000   0.006174
2.710000   0.006125
2.730000   0.006077
2.750000   0.006029
2.770000   0.005982
2.790000   0.005935
2.810000   0.005888
2.830000   0.005842
2.850000   0.005796
2.870000   0.005751
2.890000   0.005706
2.910000   0.005661
2.930000   0.005617
2.950000   0.005573
2.970000   0.005530
2.990000   0.005487
3.010000   0.005444
3.030000   0.005402
3.050000   0.005360
3.070000   0.005319
3.090000   0.005278
3.110000   0.005237
3.130000   0.005197
3.150000   0.005157
3.170000   0.005117
3.190000   0.005078
3.210000   0.005039
3.230000   0.005000
3.250000   0.004962
3.270000   0.004924
3.290000   0.004887
3.310000   0.004849
3.330000   0.004813
3.350000   0.004776
3.370000   0.004740
3.390000   0.004704
3.410000   0.004669
3.430000   0.004634
3.450000   0.004599
3.470000   0.004564
3.490000   0.004530
3.510000   0.004496
3.530000   0.004463
3.550000   0.004430
3.570000   0.004397
3.590000   0.004364
3.610000   0.004332
3.630000   0.004300
3.650000   0.004268
3.670000   0.004237
3.690000   0.004205
3.710000   0.004175
3.730000   0.004144
3.750000   0.004114
3.770000   0.004084
3.790000   0.004054
3.810000   0.004025
3.830000   0.003996
3.850000   0.003967
3.870000   0.003938
3.890000   0.003910
3.910000   0.003882
3.930000   0.003854
3.950000   0.003826
3.970000   0.003799
3.990000   0.003772
4.010000   0.003745
4.030000   0.003719
4.050000   0.003692
4.070000   0.003666
4.090000   0.003640
4.110000   0.003615
4.130000   0.003590
4.150000   0.003564
4.170000   0.003540
4.190000   0.003515
4.210000   0.003490
4.230000   0.003466
4.250000   0.003442
4.270000   0.003419
4.290000   0.003395
4.310000   0.003372
4.330000   0.003349
4.350000   0.003326
4.370000   0.003303
4.390000   0.003281
4.410000   0.003258
4.430000   0.003236
4.450000   0.003214
4.470000   0.003193
4.490000   0.003171
4.510000   0.003150
4.530000   0.003129
4.550000   0.003108
4.570000   0.003087
4.590000   0.003067
4.610000   0.003046
4.630000   0.003026
4.650000   0.003006
4.670000   0.002986
4.690000   0.002967
4.710000   0.002947
4.730000   0.002928
4.750000   0.002909
4.770000   0.002890
4.790000   0.002871
4.810000   0.002852
4.830000   0.002834
4.850000   0.002816
4.870000   0.002798
4.890000   0.002780
4.910000   0.002762
4.930000   0.002744
4.950000   0.002727
4.970000   0.002709
4.990000   0.002692
5.010000   0.002675
5.030000   0.002658
5.050000   0.002641
5.070000   0.002625
5.090000   0.002608
5.110000   0.002592
5.130000   0.002576
5.150000   0.002560
5.170000   0.002544
5.190000   0.002528
5.210000   0.002513
5.230000   0.002497
5.250000   0.002482
5.270000   0.002466
5.290000   0.002451
5.310000   0.002436
5.330000   0.002422
5.350000   0.002407
5.370000   0.002392
5.390000   0.002378
5.410000   0.002363
5.430000   0.002349
5.450000   0.002335
5.470000   0.002321
5.490000   0.002307
5.510000   0.002293
5.530000   0.002280
5.550000   0.002266
5.570000   0.002253
5.590000   0.002239
5.610000   0.002226
5.630000   0.002213
5.650000   0.002200
5.670000   0.002187
5.690000   0.002174
5.710000   0.002162
5.730000   0.002149
5.750000   0.002137
5.770000   0.002124
5.790000   0.002112
5.810000   0.002100
5.830000   0.002088
5.850000   0.002076
5.870000   0.002064
5.890000   0.002052
5.910000   0.002041
5.930000   0.002029
5.950000   0.002018
5.970000   0.002006
5.990000   0.001995
6.010000   0.001984
6.030000   0.001972
6.050000   0.001961
6.070000   0.001950
6.090000   0.001940
6.110000   0.001929
6.130000   0.001918
6.150000   0.001907
6.170000   0.001897
6.190000   0.001886
6.210000   0.001876
6.230000   0.001866
6.250000   0.001856
6.270000   0.001845
6.290000   0.001835
6.310000   0.001825
6.330000   0.001816
6.350000   0.001806
6.370000   0.001796
6.390000   0.001786
6.410000   0.001777
6.430000   0.001767
6.450000   0.001758
6.470000   0.001748
6.490000   0.001739
6.510000   0.001730
6.530000   0.001721
6.550000   0.001711
6.570000   0.001702
6.590000   0.001693
6.610000   0.001685
6.630000   0.001676
6.650000   0.001667
6.670000   0.001658
6.690000   0.001650
6.710000   0.001641
6.730000   0.001633
6.750000   0.001624
6.770000   0.001616
6.790000   0.001607
6.810000   0.001599
6.830000   0.001591
6.850000   0.001583
6.870000   0.001575
6.890000   0.001567
6.910000   0.001559
6.930000   0.001551
6.950000   0.001543
6.970000   0.001535
6.990000   0.001527
7.010000   0.001520
7.030000   0.001512
7.050000   0.001505
7.070000   0.001497
7.090000   0.001490
7.110000   0.001482
7.130000   0.001475
7.150000   0.001468
7.170000   0.001460
7.190000   0.001453
7.210000   0.001446
7.230000   0.001439
7.250000   0.001432
7.270000   0.001425
7.290000   0.001418
7.310000   0.001411
7.330000   0.001404
7.350000   0.001397
7.370000   0.001391
7.390000   0.001384
7.410000   0.001377
7.430000   0.001371
7.450000   0.001364
7.470000   0.001357
7.490000   0.001351
7.510000   0.001345
7.530000   0.001338
7.550000   0.001332
7.570000   0.001325
7.590000   0.001319
7.610000   0.001313
7.630000   0.001307
7.650000   0.001301
7.670000   0.001295
7.690000   0.001289
7.710000   0.001283
7.730000   0.001277
7.750000   0.001271
7.770000   0.001265
7.790000   0.001259
7.810000   0.001253
7.830000   0.001247
7.850000   0.001242
7.870000   0.001236
7.890000   0.001230
7.910000   0.001225
7.930000   0.001219
7.950000   0.001213
7.970000   0.001208
7.990000   0.001202
8.010000   0.001197
8.030000   0.001192
8.050000   0.001186
8.070000   0.001181
8.090000   0.001176
8.110000   0.001170
8.130000   0.001165
8.150000   0.001160
8.170000   0.001155
8.190000   0.001150
8.210000   0.001145
8.230000   0.001139
8.250000   0.001134
8.270000   0.001130
8.290000   0.001125
8.310000   0.001120
8.330000   0.001115
8.350000   0.001110
8.370000   0.001105
8.390000   0.001100
8.410000   0.001095
8.430000   0.001091
8.450000   0.001086
8.470000   0.001081
8.490000   0.001077
8.510000   0.001072
8.530000   0.001067
8.550000   0.001063
8.570000   0.001058
8.590000   0.001054
8.610000   0.001049
8.630000   0.001045
8.650000   0.001040
8.670000   0.001036
8.690000   0.001031
8.710000   0.001027
8.730000   0.001023
8.750000   0.001019
8.770000   0.001014
8.790000   0.001010
8.810000   0.001006
8.830000   0.001002
8.850000   0.000997
8.870000   0.000993
8.890000   0.000989
8.910000   0.000985
8.930000   0.000981
8.950000   0.000977
8.970000   0.000973
8.990000   0.000969
9.010000   0.000965
9.030000   0.000961
9.050000   0.000957
9.070000   0.000953
9.090000   0.000949
9.110000   0.000945
9.130000   0.000942
9.150000   0.000938
9.170000   0.000934
9.190000   0.000930
9.210000   0.000926
9.230000   0.000923
9.250000   0.000919
9.270000   0.000915
9.290000   0.000912
9.310000   0.000908
9.330000   0.000904
9.350000   0.000901
9.370000   0.000897
9.390000   0.000894
9.410000   0.000890
9.430000   0.000887
9.450000   0.000883
9.470000   0.000880
9.490000   0.000876
9.510000   0.000873
9.530000   0.000869
9.550000   0.000866
9.570000   0.000863
9.590000   0.000859
9.610000   0.000856
9.630000   0.000853
9.650000   0.000849
9.670000   0.000846
9.690000   0.000843
9.710000   0.000840
9.730000   0.000836
9.750000   0.000833
9.770000   0.000830
9.790000   0.000827
9.810000   0.000824
9.830000   0.000821
9.850000   0.000817
9.870000   0.000814
9.890000   0.000811
9.910000   0.000808
9.930000   0.000805
9.950000   0.000802
9.970000   0.000799
9.990000   0.000796
10.010000   0.000793
10.030000   0.000790
10.050000   0.000787
10.070000   0.000784
10.090000   0.000781
10.110000   0.000779
10.130000   0.000776
10.150000   0.000773
10.170000   0.000770
10.190000   0.000767
10.210000   0.000764
10.230000   0.000761
10.250000   0.000759
10.270000   0.000756
10.290000   0.000753
10.310000   0.000750
10.330000   0.000748
10.350000   0.000745
10.370000   0.000742
10.390000   0.000739
10.410000   0.000737
10.430000   0.000734
10.450000   0.000732
10.470000   0.000729
10.490000   0.000726
10.510000   0.000724
10.530000   0.000721
10.550000   0.000718
10.570000   0.000716
10.590000   0.000713
10.610000   0.000711
10.630000   0.000708
10.650000   0.000706
10.670000   0.000703
10.690000   0.000701
10.710000   0.000698
10.730000   0.000696
10.750000   0.000693
10.770000   0.000691
10.790000   0.000689
10.810000   0.000686
10.830000   0.000684
10.850000   0.000681
10.870000   0.000679
10.890000   0.000677
10.910000   0.000674
10.930000   0.000672
10.950000   0.000670
10.970000   0.000667
10.990000   0.000665
11.010000   0.000663
11.030000   0.000660
11.050000   0.000658
11.070000   0.000656
11.090000   0.000654
11.110000   0.000652
11.130000   0.000649
11.150000   0.000647
11.170000   0.000645
11.190000   0.000643
11.210000   0.000640
11.230000   0.000638
11.250000   0.000636
11.270000   0.000634
11.290000   0.000632
11.310000   0.000630
11.330000   0.000628
11.350000   0.000626
11.370000   0.000623
11.390000   0.000621
11.410000   0.000619
11.430000   0.000617
11.450000   0.000615
11.470000   0.000613
11.490000   0.000611
11.510000   0.000609
11.530000   0.000607
11.550000   0.000605
11.570000   0.000603
11.590000   0.000601
11.610000   0.000599
11.630000   0.000597
11.650000   0.000595
11.670000   0.000593
11.690000   0.000591
11.710000   0.000589
11.730000   0.000588
11.750000   0.000586
11.770000   0.000584
11.790000   0.000582
11.810000   0.000580
11.830000   0.000578
11.850000   0.000576
11.870000   0.000574
11.890000   0.000573
11.910000   0.000571
11.930000   0.000569
11.950000   0.000567
11.970000   0.000565
11.990000   0.000563
12.010000   0.000562
12.030000   0.000560
12.050000   0.000558
12.070000   0.000556
12.090000   0.000554
12.110000   0.000553
12.130000   0.000551
12.150000   0.000549
12.170000   0.000548
12.190000   0.000546
12.210000   0.000544
12.230000   0.000542
12.250000   0.000541
12.270000   0.000539
12.290000   0.000537
12.310000   0.000536
12.330000   0.000534
12.350000   0.000532
12.370000   0.000531
12.390000   0.000529
12.410000   0.000527
12.430000   0.000526
12.450000   0.000524
12.470000   0.000523
12.490000   0.000521
12.510000   0.000519
12.530000   0.000518
12.550000   0.000516
12.570000   0.000515
12.590000   0.000513
12.610000   0.000512
12.630000   0.000510
12.650000   0.000508
12.670000   0.000507
12.690000   0.000505
12.710000   0.000504
12.730000   0.000502
12.750000   0.000501
12.770000   0.000499
12.790000   0.000498
12.810000   0.000496
12.830000   0.000495
12.850000   0.000493
12.870000   0.000492
12.890000   0.000490
12.910000   0.000489
12.930000   0.000488
12.950000   0.000486
12.970000   0.000485
12.990000   0.000483
13.010000   0.000482
13.030000   0.000480
13.050000   0.000479
13.070000   0.000478
13.090000   0.000476
13.110000   0.000475
13.130000   0.000473
13.150000   0.000472
13.170000   0.000471
13.190000   0.000469
13.210000   0.000468
13.230000   0.000466
13.250000   0.000465
13.270000   0.000464
13.290000   0.000462
13.310000   0.000461
13.330000   0.000460
13.350000   0.000458
13.370000   0.000457
13.390000   0.000456
13.410000   0.000455
13.430000   0.000453
13.450000   0.000452
13.470000   0.000451
13.490000   0.000449
13.510000   0.000448
13.530000   0.000447
13.550000   0.000445
13.570000   0.000444
13.590000   0.000443
13.610000   0.000442
13.630000   0.000440
13.650000   0.000439
13.670000   0.000438
13.690000   0.000437
13.710000   0.000436
13.730000   0.000434
13.750000   0.000433
13.770000   0.000432
13.790000   0.000431
13.810000   0.000429
13.830000   0.000428
13.850000   0.000427
13.870000   0.000426
13.890000   0.000425
13.910000   0.000423
13.930000   0.000422
13.950000   0.000421
13.970000   0.000420
13.990000   0.000419
14.010000   0.000418
14.030000   0.000416
14.050000   0.000415
14.070000   0.000414
14.090000   0.000413
14.110000   0.000412
14.130000   0.000411
14.150000   0.000410
14.170000   0.000409
14.190000   0.000408
14.210000   0.000406
14.230000   0.000405
14.250000   0.000404
14.270000   0.000403
14.290000   0.000402
14.310000   0.000401
14.330000   0.000400
14.350000   0.000399
14.370000   0.000397
14.390000   0.000397
14.410000   0.000396
14.430000   0.000395
14.450000   0.000393
14.470000   0.000392
14.490000   0.000391
14.510000   0.000390
14.530000   0.000389
14.550000   0.000388
14.570000   0.000387
14.590000   0.000386
14.610000   0.000385
14.630000   0.000384
14.650000   0.000383
14.670000   0.000382
14.690000   0.000381
14.710000   0.000380
14.730000   0.000379
14.750000   0.000378
14.770000   0.000377
14.790000   0.000376
14.810000   0.000375
14.830000   0.000374
14.850000   0.000373
14.870000   0.000372
14.890000   0.000371
14.910000   0.000370
14.930000   0.000369
14.950000   0.000368
14.970000   0.000367
14.990000   0.000366
15.010000   0.000365
15.030000   0.000365
15.050000   0.000364
15.070000   0.000363
15.090000   0.000362
15.110000   0.000361
15.130000   0.000360
15.150000   0.000359
15.170000   0.000358
15.190000   0.000357
15.210000   0.000356
15.230000   0.000355
15.250000   0.000354
15.270000   0.000353
15.290000   0.000352
15.310000   0.000352
15.330000   0.000351
15.350000   0.000350
15.370000   0.000349
15.390000   0.000348
15.410000   0.000347
15.430000   0.000346
15.450000   0.000345
15.470000   0.000345
15.490000   0.000344
15.510000   0.000343
15.530000   0.000342
15.550000   0.000341
15.570000   0.000340
15.590000   0.000339
15.610000   0.000339
15.630000   0.000338
15.650000   0.000337
15.670000   0.000336
15.690000   0.000335
15.710000   0.000334
15.730000   0.000334
15.750000   0.000333
15.770000   0.000332
15.790000   0.000331
15.810000   0.000330
15.830000   0.000330
15.850000   0.000329
15.870000   0.000328
15.890000   0.000327
15.910000   0.000326
15.930000   0.000325
15.950000   0.000325
15.970000   0.000324
