1.000000000000000021e-02 -5.613333333332408557e-06
2.999999999999999889e-02 -8.497777777778380443e-06
5.000000000000000278e-02 -1.202222222222153829e-05
7.000000000000000666e-02 -1.622222222222018687e-05
8.999999999999999667e-02 -2.109555555555524779e-05
1.100000000000000006e-01 -2.669000000000032214e-05
1.300000000000000044e-01 -3.251333333333790660e-05
1.499999999999999944e-01 -3.861999999999661819e-05
1.700000000000000122e-01 -4.492777777777728118e-05
1.900000000000000022e-01 -5.148777777777939355e-05
2.099999999999999922e-01 -5.820555555555273594e-05
2.300000000000000100e-01 -6.515222222222350802e-05
2.500000000000000000e-01 -7.220888888889364038e-05
2.700000000000000178e-01 -7.935222222222106136e-05
2.899999999999999800e-01 -8.645999999999980578e-05
3.099999999999999978e-01 -9.356666666666950568e-05
3.300000000000000155e-01 -1.004822222222248113e-04
3.499999999999999778e-01 -1.072733333333266808e-04
3.699999999999999956e-01 -1.138033333333401590e-04
3.900000000000000133e-01 -1.201288888888870152e-04
4.099999999999999756e-01 -1.260455555555566672e-04
4.299999999999999933e-01 -1.316188888888874490e-04
4.500000000000000111e-01 -1.369155555555592516e-04
4.699999999999999734e-01 -1.417711111111039145e-04
4.899999999999999911e-01 -1.463444444444355393e-04
5.100000000000000089e-01 -1.505122222222311204e-04
5.300000000000000266e-01 -1.543877777777785134e-04
5.500000000000000444e-01 -1.577977777777755280e-04
5.699999999999999512e-01 -1.609366666666630415e-04
5.899999999999999689e-01 -1.637555555555529163e-04
6.099999999999999867e-01 -1.663222222222245604e-04
6.300000000000000044e-01 -1.684944444444368096e-04
6.500000000000000222e-01 -1.705233333333413777e-04
6.700000000000000400e-01 -1.722233333333392236e-04
6.899999999999999467e-01 -1.736966666666522603e-04
7.099999999999999645e-01 -1.748077777777890820e-04
7.299999999999999822e-01 -1.759377777777805280e-04
7.500000000000000000e-01 -1.766988888888911848e-04
7.700000000000000178e-01 -1.774199999999918334e-04
7.900000000000000355e-01 -1.778400000000098305e-04
8.100000000000000533e-01 -1.781322222222169003e-04
8.299999999999999600e-01 -1.783211111111082452e-04
8.499999999999999778e-01 -1.783077777777767529e-04
8.699999999999999956e-01 -1.781777777777899391e-04
8.900000000000000133e-01 -1.779355555555538410e-04
9.100000000000000311e-01 -1.776255555555526734e-04
9.300000000000000488e-01 -1.772122222222054775e-04
9.499999999999999556e-01 -1.766255555555776941e-04
9.699999999999999734e-01 -1.760588888888851193e-04
9.899999999999999911e-01 -1.753033333333199292e-04
1.010000000000000009e+00 -1.745000000000272809e-04
1.030000000000000027e+00 -1.735099999999584859e-04
1.050000000000000044e+00 -1.727100000000240335e-04
1.070000000000000062e+00 -1.718577777777438803e-04
1.090000000000000080e+00 -1.707377777777827055e-04
1.110000000000000098e+00 -1.695700000000578331e-04
1.129999999999999893e+00 -1.685133333332846847e-04
1.149999999999999911e+00 -1.671666666666962178e-04
1.169999999999999929e+00 -1.661999999999965588e-04
1.189999999999999947e+00 -1.648244444444133124e-04
1.209999999999999964e+00 -1.637077777778555448e-04
1.229999999999999982e+00 -1.623411111110417639e-04
1.250000000000000000e+00 -1.609755555555997838e-04
1.270000000000000018e+00 -1.596155555555517803e-04
1.290000000000000036e+00 -1.582655555555219590e-04
1.310000000000000053e+00 -1.569700000000118006e-04
1.330000000000000071e+00 -1.555166666666070842e-04
1.350000000000000089e+00 -1.539855555556145163e-04
1.370000000000000107e+00 -1.527799999999733397e-04
1.389999999999999902e+00 -1.511566666666559083e-04
1.409999999999999920e+00 -1.499144444445018058e-04
1.429999999999999938e+00 -1.482277777777266797e-04
1.449999999999999956e+00 -1.469377777778305908e-04
1.469999999999999973e+00 -1.455411111110402442e-04
1.489999999999999991e+00 -1.439033333334198883e-04
1.510000000000000009e+00 -1.426466666666767675e-04
1.530000000000000027e+00 -1.409699999999681791e-04
1.550000000000000044e+00 -1.395688888889311458e-04
1.570000000000000062e+00 -1.384122222221619795e-04
1.590000000000000080e+00 -1.364755555555261131e-04
1.610000000000000098e+00 -1.355188888889596161e-04
1.629999999999999893e+00 -1.337688888888038008e-04
1.649999999999999911e+00 -1.323011111111519692e-04
1.669999999999999929e+00 -1.309499999999664828e-04
1.689999999999999947e+00 -1.295233333333757262e-04
1.709999999999999964e+00 -1.283988888888965159e-04
1.729999999999999982e+00 -1.266399999999773881e-04
1.750000000000000000e+00 -1.252099999999980778e-04
1.770000000000000018e+00 -1.240777777777695692e-04
1.790000000000000036e+00 -1.223133333333266859e-04
1.810000000000000053e+00 -1.212733333333411835e-04
1.830000000000000071e+00 -1.199744444445376780e-04
1.850000000000000089e+00 -1.184122222221874058e-04
1.870000000000000107e+00 -1.172122222221129190e-04
1.889999999999999902e+00 -1.157466666667403662e-04
1.909999999999999920e+00 -1.146344444443725543e-04
1.929999999999999938e+00 -1.130511111112264468e-04
1.949999999999999956e+00 -1.118499999999701385e-04
1.969999999999999973e+00 -1.108122222221820169e-04
1.989999999999999991e+00 -1.092922222223026082e-04
2.009999999999999787e+00 -1.079377777777152189e-04
2.029999999999999805e+00 -1.069877777777260243e-04
2.049999999999999822e+00 -1.055444444445476977e-04
2.069999999999999840e+00 -1.042755555554454247e-04
2.089999999999999858e+00 -1.029644444445176866e-04
2.109999999999999876e+00 -1.020777777777019088e-04
2.129999999999999893e+00 -1.009277777778174975e-04
2.149999999999999911e+00 -9.949000000002673695e-05
2.169999999999999929e+00 -9.848999999997578225e-05
2.189999999999999947e+00 -9.745222222224687164e-05
2.209999999999999964e+00 -9.588777777778061508e-05
2.229999999999999982e+00 -9.503111111109782628e-05
2.250000000000000000e+00 -9.413888888896258388e-05
2.270000000000000018e+00 -9.295000000001508002e-05
2.290000000000000036e+00 -9.174333333328928055e-05
2.310000000000000053e+00 -9.049888888890033809e-05
2.330000000000000071e+00 -8.973222222224887679e-05
2.350000000000000089e+00 -8.868222222210656329e-05
2.370000000000000107e+00 -8.732444444438620739e-05
2.390000000000000124e+00 -8.673222222233137942e-05
2.410000000000000142e+00 -8.559555555552211435e-05
2.430000000000000160e+00 -8.442333333327716014e-05
2.450000000000000178e+00 -8.375777777777167644e-05
2.470000000000000195e+00 -8.251444444453545830e-05
2.490000000000000213e+00 -8.180666666668783287e-05
2.509999999999999787e+00 -8.051222222209256552e-05
2.529999999999999805e+00 -7.976222222239628653e-05
2.549999999999999822e+00 -7.896111111108436833e-05
2.569999999999999840e+00 -7.787444444443850729e-05
2.589999999999999858e+00 -7.705111111115591177e-05
2.609999999999999876e+00 -7.619666666663594482e-05
2.629999999999999893e+00 -7.502999999998482617e-05
2.649999999999999911e+00 -7.441666666662052215e-05
2.669999999999999929e+00 -7.350888888889842892e-05
2.689999999999999947e+00 -7.285777777788087525e-05
2.709999999999999964e+00 -7.190777777767700860e-05
2.729999999999999982e+00 -7.090666666661445204e-05
2.750000000000000000e+00 -7.052333333329613462e-05
2.770000000000000018e+00 -6.918333333331016415e-05
2.790000000000000036e+00 -6.876666666678853102e-05
2.810000000000000053e+00 -6.768111111115279461e-05
2.830000000000000071e+00 -6.723111111101884405e-05
2.850000000000000089e+00 -6.644888888890537781e-05
2.870000000000000107e+00 -6.563777777775540393e-05
2.890000000000000124e+00 -6.448777777781670116e-05
2.910000000000000142e+00 -6.461555555554128537e-05
2.930000000000000160e+00 -6.310888888889889441e-05
2.950000000000000178e+00 -6.287555555562027599e-05
2.970000000000000195e+00 -6.166111111094390955e-05
2.990000000000000213e+00 -6.174000000008462378e-05
3.009999999999999787e+00 -6.048333333332372882e-05
3.029999999999999805e+00 -5.988666666667381936e-05
3.049999999999999822e+00 -5.926333333334563123e-05
3.069999999999999840e+00 -5.896333333325040388e-05
3.089999999999999858e+00 -5.764222222235283207e-05
3.109999999999999876e+00 -5.766777777786754439e-05
3.129999999999999893e+00 -5.664111111100408679e-05
3.149999999999999911e+00 -5.630333333343567545e-05
3.169999999999999929e+00 -5.525888888880084080e-05
3.189999999999999947e+00 -5.525555555556620321e-05
3.209999999999999964e+00 -5.417333333331065176e-05
3.229999999999999982e+00 -5.379777777781263442e-05
3.250000000000000000e+00 -5.304777777781883680e-05
3.270000000000000018e+00 -5.264333333327344947e-05
3.290000000000000036e+00 -5.187999999995529494e-05
3.310000000000000053e+00 -5.144666666650809177e-05
3.330000000000000071e+00 -5.102888888896403509e-05
3.350000000000000089e+00 -5.058666666680483598e-05
3.370000000000000107e+00 -4.939333333325141538e-05
3.390000000000000124e+00 -4.969333333325782624e-05
3.410000000000000142e+00 -4.846222222244684914e-05
3.430000000000000160e+00 -4.837222222221666541e-05
3.450000000000000178e+00 -4.788777777783428187e-05
3.470000000000000195e+00 -4.700444444434195141e-05
3.490000000000000213e+00 -4.688777777795798536e-05
3.509999999999999787e+00 -4.638999999990684131e-05
3.529999999999999805e+00 -4.586777777757609508e-05
3.549999999999999822e+00 -4.532111111113796539e-05
3.569999999999999840e+00 -4.481000000028008965e-05
3.589999999999999858e+00 -4.464222222173673668e-05
3.609999999999999876e+00 -4.369222222227896375e-05
3.629999999999999893e+00 -4.353999999999993889e-05
3.649999999999999911e+00 -4.336555555549558472e-05
3.669999999999999929e+00 -4.279222222241665588e-05
3.689999999999999947e+00 -4.179555555557515139e-05
3.709999999999999964e+00 -4.161444444440319437e-05
3.729999999999999982e+00 -4.183444444477441970e-05
3.750000000000000000e+00 -4.039222222195486294e-05
3.770000000000000018e+00 -4.061222222231226469e-05
3.790000000000000036e+00 -4.040222222226514965e-05
3.810000000000000053e+00 -3.977777777769790082e-05
3.830000000000000071e+00 -3.912888888906864917e-05
3.850000000000000089e+00 -3.891222222196609183e-05
3.870000000000000107e+00 -3.867333333339809538e-05
3.890000000000000124e+00 -3.845222222222055509e-05
3.910000000000000142e+00 -3.734222222204763717e-05
3.930000000000000160e+00 -3.796777777765510402e-05
3.950000000000000178e+00 -3.684444444452693903e-05
3.970000000000000195e+00 -3.704444444453712862e-05
3.990000000000000213e+00 -3.588777777767325722e-05
4.009999999999999787e+00 -3.652222222218862180e-05
4.030000000000000249e+00 -3.535222222239515149e-05
4.049999999999999822e+00 -3.553222222199498091e-05
4.070000000000000284e+00 -3.481000000004582832e-05
4.089999999999999858e+00 -3.497000000005042787e-05
4.110000000000000320e+00 -3.423888888921508870e-05
4.129999999999999893e+00 -3.393111111096105980e-05
4.150000000000000355e+00 -3.366111111090555293e-05
4.169999999999999929e+00 -3.380111111130900694e-05
4.190000000000000391e+00 -3.257777777778691499e-05
4.209999999999999964e+00 -3.319444444452201206e-05
4.230000000000000426e+00 -3.193777777806950486e-05
4.250000000000000000e+00 -3.257888888882515434e-05
4.269999999999999574e+00 -3.177222222202796988e-05
4.290000000000000036e+00 -3.144666666640914652e-05
4.309999999999999609e+00 -3.158666666682642411e-05
4.330000000000000071e+00 -3.078666666669683573e-05
4.349999999999999645e+00 -3.043444444440761789e-05
4.370000000000000107e+00 -3.057444444440941903e-05
4.389999999999999680e+00 -3.023777777767793442e-05
4.410000000000000142e+00 -3.035777777767694732e-05
4.429999999999999716e+00 -2.903444444456818808e-05
4.450000000000000178e+00 -2.965777777797088801e-05
4.469999999999999751e+00 -2.878666666672024992e-05
4.490000000000000213e+00 -2.892666666672205107e-05
4.509999999999999787e+00 -2.855666666665257250e-05
4.530000000000000249e+00 -2.867666666665158540e-05
4.549999999999999822e+00 -2.778777777762068659e-05
4.570000000000000284e+00 -2.792777777762249451e-05
4.589999999999999858e+00 -2.752888888912094763e-05
4.610000000000000320e+00 -2.764888888865712141e-05
4.629999999999999893e+00 -2.674222222231076610e-05
4.650000000000000355e+00 -2.736777777793599693e-05
4.669999999999999929e+00 -2.645222222223470363e-05
4.690000000000000391e+00 -2.657222222223371653e-05
4.709999999999999964e+00 -2.562777777763949446e-05
4.730000000000000426e+00 -2.679666666667400234e-05
4.750000000000000000e+00 -2.532666666692742327e-05
4.769999999999999574e+00 -2.542666666646277053e-05
4.790000000000000036e+00 -2.500555555573787640e-05
4.809999999999999609e+00 -2.564888888867855355e-05
4.830000000000000071e+00 -2.467777777741393699e-05
4.849999999999999645e+00 -2.477777777789667705e-05
4.870000000000000107e+00 -2.434777777781881004e-05
4.889999999999999680e+00 -2.442777777781222952e-05
4.910000000000000142e+00 -2.401333333378453697e-05
4.929999999999999716e+00 -2.409333333280688061e-05
4.950000000000000178e+00 -2.363444444433248002e-05
4.969999999999999751e+00 -2.373444444482705821e-05
4.990000000000000213e+00 -2.272777777750157783e-05
5.009999999999999787e+00 -2.337333333363191793e-05
5.030000000000000249e+00 -2.290555555578875575e-05
5.049999999999999822e+00 -2.300555555527871221e-05
5.070000000000000284e+00 -2.251333333347815919e-05
5.089999999999999858e+00 -2.205888888845998057e-05
5.110000000000000320e+00 -2.213888888946000046e-05
5.129999999999999893e+00 -2.221888888895702814e-05
5.150000000000000355e+00 -2.173777777726253936e-05
5.169999999999999929e+00 -2.181777777827440077e-05
5.190000000000000391e+00 -2.133222222213089625e-05
5.209999999999999964e+00 -2.141222222162002958e-05
5.230000000000000426e+00 -2.092222222256406096e-05
5.250000000000000000e+00 -2.157444444435145295e-05
5.269999999999999574e+00 -2.048555555582056976e-05
5.290000000000000036e+00 -2.056555555530180198e-05
5.309999999999999609e+00 -2.064555555529522146e-05
5.330000000000000071e+00 -2.012444444462740137e-05
5.349999999999999645e+00 -2.080777777752038001e-05
5.370000000000000107e+00 -1.967666666677124552e-05
5.389999999999999680e+00 -1.975666666730447910e-05
5.410000000000000142e+00 -1.983666666623208380e-05
5.429999999999999716e+00 -1.930444444446146530e-05
5.450000000000000178e+00 -1.997888888900018050e-05
5.469999999999999751e+00 -1.944222222224073894e-05
5.490000000000000213e+00 -1.890333333325876648e-05
5.509999999999999787e+00 -1.896333333326715153e-05
5.530000000000000249e+00 -1.844000000039653302e-05
5.549999999999999822e+00 -1.910555555548951507e-05
5.570000000000000284e+00 -1.855777777707759137e-05
5.589999999999999858e+00 -1.863777777817234680e-05
5.610000000000000320e+00 -1.806555555587014097e-05
5.629999999999999893e+00 -1.814555555531782390e-05
5.650000000000000355e+00 -1.756888888855278892e-05
5.669999999999999929e+00 -1.826777777808905143e-05
5.690000000000000391e+00 -1.832777777809743987e-05
5.709999999999999964e+00 -1.712111111069071400e-05
5.730000000000000426e+00 -1.782666666690049505e-05
5.750000000000000000e+00 -1.723888888902279541e-05
5.769999999999999574e+00 -1.666888888894312048e-05
5.790000000000000036e+00 -1.801333333299619648e-05
5.809999999999999609e+00 -1.678444444449903671e-05
5.830000000000000071e+00 -1.682444444448686615e-05
5.849999999999999645e+00 -1.690444444449804622e-05
5.870000000000000107e+00 -1.630333333330291501e-05
5.889999999999999680e+00 -1.700666666671679501e-05
5.910000000000000142e+00 -1.575555555543080541e-05
5.929999999999999716e+00 -1.713111111116086971e-05
5.950000000000000178e+00 -1.585111111098195472e-05
5.969999999999999751e+00 -1.593111111097537421e-05
5.990000000000000213e+00 -1.597111111098096424e-05
6.009999999999999787e+00 -1.601111111156979406e-05
6.030000000000000249e+00 -1.541222222199421809e-05
6.049999999999999822e+00 -1.613333333320612618e-05
6.070000000000000284e+00 -1.551000000037482113e-05
6.089999999999999858e+00 -1.554999999977151306e-05
6.110000000000000320e+00 -1.494222222250189009e-05
6.129999999999999893e+00 -1.565222222198829334e-05
6.150000000000000355e+00 -1.434777777795856627e-05
6.169999999999999929e+00 -1.508222222250566991e-05
6.190000000000000391e+00 -1.512222222189249729e-05
6.209999999999999964e+00 -1.518222222250385799e-05
6.230000000000000426e+00 -1.454111111068042354e-05
6.250000000000000000e+00 -1.458111111068601357e-05
6.269999999999999574e+00 -1.462111111130050002e-05
6.290000000000000036e+00 -1.397333333343217591e-05
6.309999999999999609e+00 -1.472333333351924541e-05
6.330000000000000071e+00 -1.405111111120306111e-05
6.349999999999999645e+00 -1.411111111057689312e-05
6.370000000000000107e+00 -1.415111111120125089e-05
6.389999999999999680e+00 -1.349222222222026552e-05
6.410000000000000142e+00 -1.425333333406047517e-05
6.429999999999999716e+00 -1.356999999998917713e-05
6.450000000000000178e+00 -1.360999999999476886e-05
6.469999999999999751e+00 -1.437777777723346512e-05
6.490000000000000213e+00 -1.297777777766838590e-05
6.509999999999999787e+00 -1.372999999999575196e-05
6.530000000000000249e+00 -1.305555555609158980e-05
6.549999999999999822e+00 -1.383222222221252547e-05
6.570000000000000284e+00 -1.313333333322594498e-05
6.589999999999999858e+00 -1.245222222201963031e-05
6.610000000000000320e+00 -1.321555555544189706e-05
6.629999999999999893e+00 -1.325555555544748709e-05
6.650000000000000355e+00 -1.182000000033767002e-05
6.669999999999999929e+00 -1.334000000055013199e-05
6.690000000000000391e+00 -1.262777777756025194e-05
6.709999999999999964e+00 -1.266777777756584197e-05
6.730000000000000426e+00 -1.197111111078403350e-05
6.750000000000000000e+00 -1.275000000045582390e-05
6.769999999999999574e+00 -1.278999999978541050e-05
6.790000000000000036e+00 -1.206666666701118456e-05
6.809999999999999609e+00 -1.210666666633682398e-05
6.830000000000000071e+00 -1.289444444422471659e-05
6.849999999999999645e+00 -1.141444444401784466e-05
6.870000000000000107e+00 -1.220666666701890985e-05
6.889999999999999680e+00 -1.224666666702450158e-05
6.910000000000000142e+00 -1.151000000023710138e-05
6.929999999999999716e+00 -1.154999999956866494e-05
6.950000000000000178e+00 -1.158999999955649270e-05
6.969999999999999751e+00 -1.161000000025502702e-05
6.990000000000000213e+00 -1.165000000024285308e-05
7.009999999999999787e+00 -1.090222222236055389e-05
7.030000000000000249e+00 -1.171222222247377411e-05
7.049999999999999822e+00 -1.175222222177573219e-05
7.070000000000000284e+00 -1.099777777722583183e-05
7.089999999999999858e+00 -1.181444444469646838e-05
7.110000000000000320e+00 -1.105555555570150454e-05
7.129999999999999893e+00 -1.109555555640086199e-05
7.150000000000000355e+00 -1.111555555499441441e-05
7.169999999999999929e+00 -1.035000000002956400e-05
7.190000000000000391e+00 -1.117777777792304495e-05
7.209999999999999964e+00 -1.121777777720921433e-05
7.230000000000000426e+00 -1.044555555630408284e-05
7.250000000000000000e+00 -1.046555555486013373e-05
7.269999999999999574e+00 -1.050555555631641676e-05
7.290000000000000036e+00 -1.052555555559189508e-05
7.309999999999999609e+00 -1.056555555413889946e-05
7.330000000000000071e+00 -1.058555555558646502e-05
7.349999999999999645e+00 -1.060555555632250258e-05
7.370000000000000107e+00 -1.064555555485766375e-05
7.389999999999999680e+00 -9.855555556203850610e-06
7.410000000000000142e+00 -9.875555554746086388e-06
7.429999999999999716e+00 -1.073000000223897635e-05
7.450000000000000178e+00 -9.933333331780935720e-06
7.469999999999999751e+00 -1.079222222151719982e-05
7.490000000000000213e+00 -9.150000002018131022e-06
7.509999999999999787e+00 -1.001333333324281048e-05
7.530000000000000249e+00 -1.003333333176136153e-05
7.549999999999999822e+00 -1.007333333474333555e-05
7.570000000000000284e+00 -9.243333332380228301e-06
7.589999999999999858e+00 -1.011555555697738063e-05
7.610000000000000320e+00 -9.301111108660127332e-06
7.629999999999999893e+00 -1.017777777920040562e-05
7.650000000000000355e+00 -8.499999999662420034e-06
7.669999999999999929e+00 -1.022222222216089780e-05
7.690000000000000391e+00 -9.398888889443745900e-06
7.709999999999999964e+00 -9.418888889428778636e-06
7.730000000000000426e+00 -9.458888887928411853e-06
7.750000000000000000e+00 -9.458888889438315844e-06
7.769999999999999574e+00 -9.498888887930058102e-06
7.790000000000000036e+00 -9.518888889432885789e-06
7.809999999999999609e+00 -8.682222221906163995e-06
7.830000000000000071e+00 -9.561111111662985390e-06
7.849999999999999645e+00 -8.719999999687249546e-06
7.870000000000000107e+00 -8.739999999672282282e-06
7.889999999999999680e+00 -9.645555556123181203e-06
7.910000000000000142e+00 -7.910000000325032453e-06
7.929999999999999716e+00 -9.689999998992879918e-06
7.950000000000000178e+00 -7.945555555889506172e-06
7.969999999999999751e+00 -8.859999999649580650e-06
7.990000000000000213e+00 -8.879999999670139642e-06
8.009999999999999787e+00 -8.900000001251917576e-06
8.029999999999999361e+00 -8.018888887634367988e-06
8.050000000000000711e+00 -8.942222221881321418e-06
8.070000000000000284e+00 -8.076666667009074687e-06
8.089999999999999858e+00 -8.984444444107470457e-06
8.109999999999999432e+00 -8.114444446375065607e-06
8.130000000000000782e+00 -9.026666666329672323e-06
8.150000000000000355e+00 -8.152222222539665011e-06
8.169999999999999929e+00 -8.172222222560224003e-06
8.189999999999999503e+00 -8.192222220948508154e-06
8.210000000000000853e+00 -9.113333334607177420e-06
8.230000000000000426e+00 -8.230000000330287769e-06
8.250000000000000000e+00 -8.249999998706730400e-06
8.269999999999999574e+00 -7.342222221608332936e-06
8.289999999999999147e+00 -8.292222222584891842e-06
8.310000000000000497e+00 -8.312222220913963308e-06
8.330000000000000071e+00 -7.397777778813798120e-06
8.349999999999999645e+00 -8.354444444800020791e-06
8.369999999999999218e+00 -7.435555554931028053e-06
8.390000000000000568e+00 -8.396666667030118698e-06
8.410000000000000142e+00 -7.473333332712111909e-06
8.429999999999999716e+00 -7.493333334376788110e-06
8.449999999999999289e+00 -8.441111111445247659e-06
8.470000000000000639e+00 -7.531111110509810126e-06
8.490000000000000213e+00 -7.551111112150799897e-06
8.509999999999999787e+00 -8.505555554221030557e-06
8.529999999999999361e+00 -6.632222222325227762e-06
8.550000000000000711e+00 -8.550000000335541392e-06
8.570000000000000284e+00 -6.667777777885752614e-06
8.589999999999999858e+00 -7.631111110462600634e-06
8.609999999999999432e+00 -7.651111112198331887e-06
8.630000000000000782e+00 -7.671111110464245189e-06
8.650000000000000355e+00 -7.691111110484804181e-06
8.669999999999999929e+00 -6.738888888975225776e-06
8.689999999999999503e+00 -6.758888890691218621e-06
8.710000000000000853e+00 -7.735555554927565051e-06
8.730000000000000426e+00 -6.796666666741340674e-06
8.750000000000000000e+00 -7.777777777153714091e-06
8.769999999999999574e+00 -6.814444444505813559e-06
8.789999999999999147e+00 -7.819999999379866518e-06
8.810000000000000497e+00 -6.852222222290846283e-06
8.830000000000000071e+00 -6.872222222311405275e-06
8.849999999999999645e+00 -6.872222222311405275e-06
8.869999999999999218e+00 -7.886666666032166303e-06
8.890000000000000568e+00 -6.910000000096437999e-06
8.910000000000000142e+00 -6.930000000081469041e-06
8.929999999999999716e+00 -6.950000000102028033e-06
8.949999999999999289e+00 -6.950000001848779377e-06
8.970000000000000639e+00 -5.984444443514449062e-06
8.990000000000000213e+00 -6.992222222292650817e-06
9.009999999999999787e+00 -7.012222222313211503e-06
9.029999999999999361e+00 -7.012222222313211503e-06
9.050000000000000711e+00 -6.037777776831553298e-06
9.070000000000000284e+00 -7.054444444543309410e-06
9.089999999999999858e+00 -6.055555556401989365e-06
9.109999999999999432e+00 -7.096666666769460143e-06
9.130000000000000782e+00 -7.096666664951654593e-06
9.150000000000000355e+00 -6.091111111970408563e-06
9.169999999999999929e+00 -7.138888888964029253e-06
9.189999999999999503e+00 -6.128888889755441287e-06
9.210000000000000853e+00 -6.128888887921846196e-06
9.230000000000000426e+00 -7.183333333414686164e-06
9.250000000000000000e+00 -6.166666667544421185e-06
9.269999999999999574e+00 -6.166666665698983726e-06
9.289999999999999147e+00 -6.206666665704573761e-06
9.310000000000000497e+00 -6.206666667522379310e-06
9.330000000000000071e+00 -7.252222222330968098e-06
9.349999999999999645e+00 -5.196666666452563498e-06
9.369999999999999218e+00 -6.246666665702270295e-06
9.390000000000000568e+00 -7.298888890839725431e-06
9.410000000000000142e+00 -5.229999999788582171e-06
9.429999999999999716e+00 -6.286666665699966829e-06
9.449999999999999289e+00 -7.345555555641820001e-06
9.470000000000000639e+00 -5.263333335013459753e-06
9.490000000000000213e+00 -6.326666665662134567e-06
9.509999999999999787e+00 -5.281111110924600832e-06
9.529999999999999361e+00 -6.348888889764480411e-06
9.550000000000000711e+00 -6.368888889785039403e-06
9.570000000000000284e+00 -5.316666664576530061e-06
9.589999999999999858e+00 -6.391111111998525491e-06
9.609999999999999432e+00 -6.411111110106539992e-06
9.630000000000000782e+00 -5.352222223926616791e-06
9.650000000000000355e+00 -5.352222220121266218e-06
9.669999999999999929e+00 -6.455555556442110333e-06
9.689999999999999503e+00 -6.455555554549303404e-06
9.710000000000000853e+00 -5.387777779502931183e-06
9.730000000000000426e+00 -5.407777775651032571e-06
9.750000000000000000e+00 -6.500000000900661591e-06
9.769999999999999574e+00 -5.425555555351735528e-06
9.789999999999999147e+00 -5.445555557284838164e-06
9.810000000000000497e+00 -5.445555553416327733e-06
9.830000000000000071e+00 -6.546666667579772702e-06
9.849999999999999645e+00 -4.380000000610253773e-06
9.869999999999999218e+00 -5.485555555338411126e-06
9.890000000000000568e+00 -5.485555553406129073e-06
9.910000000000000142e+00 -4.395555556158114827e-06
9.929999999999999716e+00 -3.303333332813135950e-06
9.949999999999999289e+00 -3.303333332813135950e-06
