0.010000   0.000138
0.030000   0.007155
0.050000   0.018553
0.070000   0.031191
0.090000   0.044402
0.110000   0.057998
0.130000   0.071912
0.150000   0.086124
0.170000   0.100635
0.190000   0.115460
0.210000   0.130617
0.230000   0.146119
0.250000   0.161970
0.270000   0.178162
0.290000   0.194673
0.310000   0.211471
0.330000   0.228514
0.350000   0.245755
0.370000   0.263146
0.390000   0.280635
0.410000   0.298174
0.430000   0.315716
0.450000   0.333219
0.470000   0.350643
0.490000   0.367953
0.510000   0.385119
0.530000   0.402113
0.550000   0.418913
0.570000   0.435499
0.590000   0.451855
0.610000   0.467968
0.630000   0.483828
0.650000   0.499425
0.670000   0.514754
0.690000   0.529810
0.710000   0.544590
0.730000   0.559093
0.750000   0.573319
0.770000   0.587267
0.790000   0.600939
0.810000   0.614338
0.830000   0.627465
0.850000   0.640325
0.870000   0.652921
0.890000   0.665256
0.910000   0.677335
0.930000   0.689163
0.950000   0.700744
0.970000   0.712082
0.990000   0.723184
1.010000   0.734052
1.030000   0.744693
1.050000   0.755110
1.070000   0.765310
1.090000   0.775297
1.110000   0.785075
1.130000   0.794650
1.150000   0.804026
1.170000   0.813207
1.190000   0.822199
1.210000   0.831006
1.230000   0.839631
1.250000   0.848080
1.270000   0.856357
1.290000   0.864465
1.310000   0.872409
1.330000   0.880192
1.350000   0.887819
1.370000   0.895293
1.390000   0.902618
1.410000   0.909797
1.430000   0.916834
1.450000   0.923732
1.470000   0.930495
1.490000   0.937125
1.510000   0.943626
1.530000   0.950002
1.550000   0.956254
1.570000   0.962385
1.590000   0.968399
1.610000   0.974299
1.630000   0.980086
1.650000   0.985764
1.670000   0.991335
1.690000   0.996802
1.710000   1.002166
1.730000   1.007431
1.750000   1.012598
1.770000   1.017670
1.790000   1.022649
1.810000   1.027536
1.830000   1.032335
1.850000   1.037047
1.870000   1.041673
1.890000   1.046217
1.910000   1.050679
1.930000   1.055062
1.950000   1.059367
1.970000   1.063596
1.990000   1.067750
2.010000   1.071831
2.030000   1.075842
2.050000   1.079782
2.070000   1.083654
2.090000   1.087460
2.110000   1.091200
2.130000   1.094876
2.150000   1.098490
2.170000   1.102042
2.190000   1.105535
2.210000   1.108968
2.230000   1.112344
2.250000   1.115664
2.270000   1.118928
2.290000   1.122139
2.310000   1.125296
2.330000   1.128402
2.350000   1.131457
2.370000   1.134462
2.390000   1.137418
2.410000   1.140327
2.430000   1.143189
2.450000   1.146004
2.470000   1.148775
2.490000   1.151502
2.510000   1.154185
2.530000   1.156827
2.550000   1.159426
2.570000   1.161985
2.590000   1.164504
2.610000   1.166984
2.630000   1.169425
2.650000   1.171829
2.670000   1.174196
2.690000   1.176526
2.710000   1.178821
2.730000   1.181082
2.750000   1.183308
2.770000   1.185500
2.790000   1.187659
2.810000   1.189787
2.830000   1.191882
2.850000   1.193946
2.870000   1.195980
2.890000   1.197984
2.910000   1.199958
2.930000   1.201904
2.950000   1.203821
2.970000   1.205710
2.990000   1.207572
3.010000   1.209408
3.030000   1.211216
3.050000   1.212999
3.070000   1.214757
3.090000   1.216489
3.110000   1.218197
3.130000   1.219881
3.150000   1.221541
3.170000   1.223178
3.190000   1.224793
3.210000   1.226384
3.230000   1.227954
3.250000   1.229502
3.270000   1.231029
3.290000   1.232535
3.310000   1.234020
3.330000   1.235485
3.350000   1.236930
3.370000   1.238356
3.390000   1.239763
3.410000   1.241150
3.430000   1.242520
3.450000   1.243870
3.470000   1.245203
3.490000   1.246519
3.510000   1.247817
3.530000   1.249098
3.550000   1.250362
3.570000   1.251610
3.590000   1.252841
3.610000   1.254057
3.630000   1.255257
3.650000   1.256441
3.670000   1.257611
3.690000   1.258765
3.710000   1.259905
3.730000   1.261030
3.750000   1.262141
3.770000   1.263238
3.790000   1.264321
3.810000   1.265391
3.830000   1.266447
3.850000   1.267491
3.870000   1.268521
3.890000   1.269538
3.910000   1.270544
3.930000   1.271536
3.950000   1.272517
3.970000   1.273486
3.990000   1.274443
4.010000   1.275388
4.030000   1.276322
4.050000   1.277245
4.070000   1.278156
4.090000   1.279057
4.110000   1.279947
4.130000   1.280827
4.150000   1.281696
4.170000   1.282555
4.190000   1.283404
4.210000   1.284242
4.230000   1.285072
4.250000   1.285891
4.270000   1.286701
4.290000   1.287502
4.310000   1.288293
4.330000   1.289075
4.350000   1.289849
4.370000   1.290613
4.390000   1.291369
4.410000   1.292116
4.430000   1.292855
4.450000   1.293585
4.470000   1.294308
4.490000   1.295022
4.510000   1.295728
4.530000   1.296427
4.550000   1.297117
4.570000   1.297800
4.590000   1.298476
4.610000   1.299144
4.630000   1.299805
4.650000   1.300458
4.670000   1.301105
4.690000   1.301744
4.710000   1.302377
4.730000   1.303002
4.750000   1.303621
4.770000   1.304234
4.790000   1.304840
4.810000   1.305439
4.830000   1.306032
4.850000   1.306619
4.870000   1.307199
4.890000   1.307774
4.910000   1.308342
4.930000   1.308905
4.950000   1.309461
4.970000   1.310012
4.990000   1.310557
5.010000   1.311097
5.030000   1.311631
5.050000   1.312159
5.070000   1.312682
5.090000   1.313200
5.110000   1.313712
5.130000   1.314220
5.150000   1.314722
5.170000   1.315219
5.190000   1.315711
5.210000   1.316198
5.230000   1.316680
5.250000   1.317158
5.270000   1.317630
5.290000   1.318098
5.310000   1.318562
5.330000   1.319020
5.350000   1.319475
5.370000   1.319925
5.390000   1.320370
5.410000   1.320811
5.430000   1.321248
5.450000   1.321681
5.470000   1.322109
5.490000   1.322533
5.510000   1.322954
5.530000   1.323370
5.550000   1.323782
5.570000   1.324191
5.590000   1.324595
5.610000   1.324996
5.630000   1.325392
5.650000   1.325785
5.670000   1.326175
5.690000   1.326561
5.710000   1.326943
5.730000   1.327321
5.750000   1.327696
5.770000   1.328068
5.790000   1.328436
5.810000   1.328801
5.830000   1.329163
5.850000   1.329521
5.870000   1.329875
5.890000   1.330227
5.910000   1.330576
5.930000   1.330921
5.950000   1.331263
5.970000   1.331602
5.990000   1.331938
6.010000   1.332271
6.030000   1.332601
6.050000   1.332928
6.070000   1.333252
6.090000   1.333574
6.110000   1.333892
6.130000   1.334208
6.150000   1.334521
6.170000   1.334831
6.190000   1.335138
6.210000   1.335443
6.230000   1.335745
6.250000   1.336045
6.270000   1.336342
6.290000   1.336636
6.310000   1.336928
6.330000   1.337217
6.350000   1.337504
6.370000   1.337788
6.390000   1.338070
6.410000   1.338350
6.430000   1.338627
6.450000   1.338902
6.470000   1.339174
6.490000   1.339444
6.510000   1.339712
6.530000   1.339978
6.550000   1.340242
6.570000   1.340503
6.590000   1.340762
6.610000   1.341019
6.630000   1.341274
6.650000   1.341527
6.670000   1.341777
6.690000   1.342026
6.710000   1.342272
6.730000   1.342517
6.750000   1.342760
6.770000   1.343000
6.790000   1.343239
6.810000   1.343476
6.830000   1.343710
6.850000   1.343943
6.870000   1.344174
6.890000   1.344404
6.910000   1.344631
6.930000   1.344857
6.950000   1.345080
6.970000   1.345302
6.990000   1.345523
7.010000   1.345741
7.030000   1.345958
7.050000   1.346173
7.070000   1.346387
7.090000   1.346598
7.110000   1.346808
7.130000   1.347017
7.150000   1.347224
7.170000   1.347429
7.190000   1.347633
7.210000   1.347835
7.230000   1.348035
7.250000   1.348234
7.270000   1.348432
7.290000   1.348628
7.310000   1.348822
7.330000   1.349015
7.350000   1.349207
7.370000   1.349397
7.390000   1.349586
7.410000   1.349773
7.430000   1.349959
7.450000   1.350143
7.470000   1.350326
7.490000   1.350508
7.510000   1.350688
7.530000   1.350867
7.550000   1.351045
7.570000   1.351222
7.590000   1.351397
7.610000   1.351570
7.630000   1.351743
7.650000   1.351914
7.670000   1.352084
7.690000   1.352253
7.710000   1.352421
7.730000   1.352587
7.750000   1.352752
7.770000   1.352916
7.790000   1.353079
7.810000   1.353241
7.830000   1.353401
7.850000   1.353560
7.870000   1.353718
7.890000   1.353875
7.910000   1.354031
7.930000   1.354186
7.950000   1.354340
7.970000   1.354493
7.990000   1.354644
8.010000   1.354795
8.030000   1.354944
8.050000   1.355093
8.070000   1.355240
8.090000   1.355386
8.110000   1.355532
8.130000   1.355676
8.150000   1.355819
8.170000   1.355962
8.190000   1.356103
8.210000   1.356243
8.230000   1.356383
8.250000   1.356521
8.270000   1.356659
8.290000   1.356795
8.310000   1.356931
8.330000   1.357066
8.350000   1.357199
8.370000   1.357332
8.390000   1.357464
8.410000   1.357595
8.430000   1.357726
8.450000   1.357855
8.470000   1.357984
8.490000   1.358111
8.510000   1.358238
8.530000   1.358364
8.550000   1.358489
8.570000   1.358613
8.590000   1.358737
8.610000   1.358860
8.630000   1.358981
8.650000   1.359102
8.670000   1.359223
8.690000   1.359342
8.710000   1.359461
8.730000   1.359579
8.750000   1.359696
8.770000   1.359812
8.790000   1.359928
8.810000   1.360043
8.830000   1.360157
8.850000   1.360271
8.870000   1.360383
8.890000   1.360495
8.910000   1.360607
8.930000   1.360717
8.950000   1.360827
8.970000   1.360936
8.990000   1.361045
9.010000   1.361152
9.030000   1.361259
9.050000   1.361366
9.070000   1.361472
9.090000   1.361577
9.110000   1.361681
9.130000   1.361785
9.150000   1.361888
9.170000   1.361991
9.190000   1.362092
9.210000   1.362194
9.230000   1.362294
9.250000   1.362394
9.270000   1.362494
9.290000   1.362592
9.310000   1.362690
9.330000   1.362788
9.350000   1.362885
9.370000   1.362981
9.390000   1.363077
9.410000   1.363172
9.430000   1.363267
9.450000   1.363361
9.470000   1.363454
9.490000   1.363547
9.510000   1.363640
9.530000   1.363731
9.550000   1.363823
9.570000   1.363913
9.590000   1.364003
9.610000   1.364093
9.630000   1.364182
9.650000   1.364271
9.670000   1.364359
9.690000   1.364446
9.710000   1.364533
9.730000   1.364620
9.750000   1.364706
9.770000   1.364791
9.790000   1.364876
9.810000   1.364960
9.830000   1.365044
9.850000   1.365128
9.870000   1.365211
9.890000   1.365293
9.910000   1.365375
9.930000   1.365457
9.950000   1.365538
9.970000   1.365619
9.990000   1.365699
10.010000   1.365779
10.030000   1.365858
10.050000   1.365937
10.070000   1.366015
10.090000   1.366093
10.110000   1.366170
10.130000   1.366247
10.150000   1.366324
10.170000   1.366400
10.190000   1.366476
10.210000   1.366551
10.230000   1.366626
10.250000   1.366700
10.270000   1.366774
10.290000   1.366848
10.310000   1.366921
10.330000   1.366994
10.350000   1.367066
10.370000   1.367138
10.390000   1.367210
10.410000   1.367281
10.430000   1.367352
10.450000   1.367422
10.470000   1.367492
10.490000   1.367562
10.510000   1.367631
10.530000   1.367700
10.550000   1.367768
10.570000   1.367836
10.590000   1.367904
10.610000   1.367971
10.630000   1.368038
10.650000   1.368105
10.670000   1.368171
10.690000   1.368237
10.710000   1.368303
10.730000   1.368368
10.750000   1.368433
10.770000   1.368497
10.790000   1.368561
10.810000   1.368625
10.830000   1.368689
10.850000   1.368752
10.870000   1.368815
10.890000   1.368877
10.910000   1.368939
10.930000   1.369001
10.950000   1.369063
10.970000   1.369124
10.990000   1.369185
11.010000   1.369245
11.030000   1.369305
11.050000   1.369365
11.070000   1.369425
11.090000   1.369484
11.110000   1.369543
11.130000   1.369602
11.150000   1.369660
11.170000   1.369718
11.190000   1.369776
11.210000   1.369833
11.230000   1.369890
11.250000   1.369947
11.270000   1.370004
11.290000   1.370060
11.310000   1.370116
11.330000   1.370172
11.350000   1.370227
11.370000   1.370282
11.390000   1.370337
11.410000   1.370391
11.430000   1.370446
11.450000   1.370500
11.470000   1.370553
11.490000   1.370607
11.510000   1.370660
11.530000   1.370713
11.550000   1.370766
11.570000   1.370818
11.590000   1.370870
11.610000   1.370922
11.630000   1.370974
11.650000   1.371025
11.670000   1.371076
11.690000   1.371127
11.710000   1.371178
11.730000   1.371228
11.750000   1.371278
11.770000   1.371328
11.790000   1.371377
11.810000   1.371427
11.830000   1.371476
11.850000   1.371525
11.870000   1.371573
11.890000   1.371622
11.910000   1.371670
11.930000   1.371718
11.950000   1.371765
11.970000   1.371813
11.990000   1.371860
12.010000   1.371907
12.030000   1.371954
12.050000   1.372000
12.070000   1.372047
12.090000   1.372093
12.110000   1.372139
12.130000   1.372184
12.150000   1.372230
12.170000   1.372275
12.190000   1.372320
12.210000   1.372365
12.230000   1.372409
12.250000   1.372454
12.270000   1.372498
12.290000   1.372542
12.310000   1.372586
12.330000   1.372629
12.350000   1.372672
12.370000   1.372715
12.390000   1.372758
12.410000   1.372801
12.430000   1.372844
12.450000   1.372886
12.470000   1.372928
12.490000   1.372970
12.510000   1.373012
12.530000   1.373053
12.550000   1.373094
12.570000   1.373136
12.590000   1.373177
12.610000   1.373217
12.630000   1.373258
12.650000   1.373298
12.670000   1.373338
12.690000   1.373378
12.710000   1.373418
12.730000   1.373458
12.750000   1.373497
12.770000   1.373537
12.790000   1.373576
12.810000   1.373615
12.830000   1.373653
12.850000   1.373692
12.870000   1.373730
12.890000   1.373769
12.910000   1.373807
12.930000   1.373845
12.950000   1.373882
12.970000   1.373920
12.990000   1.373957
13.010000   1.373994
13.030000   1.374031
13.050000   1.374068
13.070000   1.374105
13.090000   1.374141
13.110000   1.374178
13.130000   1.374214
13.150000   1.374250
13.170000   1.374286
13.190000   1.374322
13.210000   1.374357
13.230000   1.374393
13.250000   1.374428
13.270000   1.374463
13.290000   1.374498
13.310000   1.374533
13.330000   1.374567
13.350000   1.374602
13.370000   1.374636
13.390000   1.374670
13.410000   1.374705
13.430000   1.374738
13.450000   1.374772
13.470000   1.374806
13.490000   1.374839
13.510000   1.374873
13.530000   1.374906
13.550000   1.374939
13.570000   1.374972
13.590000   1.375004
13.610000   1.375037
13.630000   1.375069
13.650000   1.375102
13.670000   1.375134
13.690000   1.375166
13.710000   1.375198
13.730000   1.375230
13.750000   1.375261
13.770000   1.375293
13.790000   1.375324
13.810000   1.375355
13.830000   1.375386
13.850000   1.375417
13.870000   1.375448
13.890000   1.375479
13.910000   1.375509
13.930000   1.375540
13.950000   1.375570
13.970000   1.375600
13.990000   1.375630
14.010000   1.375660
14.030000   1.375690
14.050000   1.375720
14.070000   1.375749
14.090000   1.375779
14.110000   1.375808
14.130000   1.375837
14.150000   1.375866
14.170000   1.375895
14.190000   1.375924
14.210000   1.375953
14.230000   1.375982
14.250000   1.376010
14.270000   1.376038
14.290000   1.376067
14.310000   1.376095
14.330000   1.376123
14.350000   1.376151
14.370000   1.376178
14.390000   1.376206
14.410000   1.376234
14.430000   1.376261
14.450000   1.376288
14.470000   1.376316
14.490000   1.376343
14.510000   1.376370
14.530000   1.376397
14.550000   1.376423
14.570000   1.376450
14.590000   1.376477
14.610000   1.376503
14.630000   1.376530
14.650000   1.376556
14.670000   1.376582
14.690000   1.376608
14.710000   1.376634
14.730000   1.376660
14.750000   1.376685
14.770000   1.376711
14.790000   1.376737
14.810000   1.376762
14.830000   1.376787
14.850000   1.376813
14.870000   1.376838
14.890000   1.376863
14.910000   1.376888
14.930000   1.376912
14.950000   1.376937
14.970000   1.376962
14.990000   1.376986
15.010000   1.377011
15.030000   1.377035
15.050000   1.377059
15.070000   1.377084
15.090000   1.377108
15.110000   1.377132
15.130000   1.377155
15.150000   1.377179
15.170000   1.377203
15.190000   1.377227
15.210000   1.377250
15.230000   1.377273
15.250000   1.377297
15.270000   1.377320
15.290000   1.377343
15.310000   1.377366
15.330000   1.377389
15.350000   1.377412
15.370000   1.377435
15.390000   1.377458
15.410000   1.377480
15.430000   1.377503
15.450000   1.377525
15.470000   1.377547
15.490000   1.377570
15.510000   1.377592
15.530000   1.377614
15.550000   1.377636
15.570000   1.377658
15.590000   1.377680
15.610000   1.377702
15.630000   1.377723
15.650000   1.377745
15.670000   1.377766
15.690000   1.377788
15.710000   1.377809
15.730000   1.377831
15.750000   1.377852
15.770000   1.377873
15.790000   1.377894
15.810000   1.377915
15.830000   1.377936
15.850000   1.377957
15.870000   1.377977
15.890000   1.377998
15.910000   1.378019
15.930000   1.378039
15.950000   1.378060
15.970000   1.378080
15.990000   1.378100
