0.010000   -1.361811   -1.361811
0.020000   -1.361770   -1.361743
0.030000   -1.361662   -1.361544
0.040000   -1.361520   -1.361244
0.050000   -1.361364   -1.360864
0.060000   -1.361202   -1.360412
0.070000   -1.361039   -1.359890
0.080000   -1.360875   -1.359302
0.090000   -1.360712   -1.358646
0.100000   -1.360551   -1.357924
0.110000   -1.360393   -1.357135
0.120000   -1.360237   -1.356278
0.130000   -1.360085   -1.355354
0.140000   -1.359937   -1.354361
0.150000   -1.359792   -1.353299
0.160000   -1.359651   -1.352166
0.170000   -1.359515   -1.350961
0.180000   -1.359383   -1.349684
0.190000   -1.359255   -1.348333
0.200000   -1.359132   -1.346907
0.210000   -1.359013   -1.345403
0.220000   -1.358900   -1.343821
0.230000   -1.358791   -1.342159
0.240000   -1.358688   -1.340417
0.250000   -1.358589   -1.338593
0.260000   -1.358496   -1.336685
0.270000   -1.358409   -1.334695
0.280000   -1.358326   -1.332620
0.290000   -1.358250   -1.330461
0.300000   -1.358179   -1.328218
0.310000   -1.358113   -1.325890
0.320000   -1.358054   -1.323479
0.330000   -1.358000   -1.320985
0.340000   -1.357953   -1.318408
0.350000   -1.357911   -1.315749
0.360000   -1.357876   -1.313010
0.370000   -1.357847   -1.310192
0.380000   -1.357824   -1.307297
0.390000   -1.357808   -1.304324
0.400000   -1.357798   -1.301277
0.410000   -1.357795   -1.298158
0.420000   -1.357799   -1.294966
0.430000   -1.357810   -1.291705
0.440000   -1.357827   -1.288377
0.450000   -1.357851   -1.284982
0.460000   -1.357883   -1.281524
0.470000   -1.357921   -1.278003
0.480000   -1.357967   -1.274423
0.490000   -1.358020   -1.270784
0.500000   -1.358080   -1.267089
0.510000   -1.358148   -1.263339
0.520000   -1.358223   -1.259537
0.530000   -1.358306   -1.255684
0.540000   -1.358397   -1.251782
0.550000   -1.358495   -1.247833
0.560000   -1.358601   -1.243838
0.570000   -1.358715   -1.239800
0.580000   -1.358837   -1.235719
0.590000   -1.358966   -1.231599
0.600000   -1.359104   -1.227439
0.610000   -1.359250   -1.223242
0.620000   -1.359404   -1.219010
0.630000   -1.359567   -1.214743
0.640000   -1.359737   -1.210444
0.650000   -1.359916   -1.206113
0.660000   -1.360103   -1.201752
0.670000   -1.360299   -1.197362
0.680000   -1.360503   -1.192945
0.690000   -1.360716   -1.188502
0.700000   -1.360938   -1.184033
0.710000   -1.361168   -1.179541
0.720000   -1.361406   -1.175026
0.730000   -1.361654   -1.170490
0.740000   -1.361910   -1.165933
0.750000   -1.362175   -1.161357
0.760000   -1.362449   -1.156762
0.770000   -1.362732   -1.152149
0.780000   -1.363023   -1.147520
0.790000   -1.363324   -1.142875
0.800000   -1.363634   -1.138215
0.810000   -1.363953   -1.133542
0.820000   -1.364280   -1.128855
0.830000   -1.364617   -1.124155
0.840000   -1.364963   -1.119444
0.850000   -1.365318   -1.114722
0.860000   -1.365683   -1.109990
0.870000   -1.366056   -1.105249
0.880000   -1.366439   -1.100498
0.890000   -1.366831   -1.095739
0.900000   -1.367233   -1.090973
0.910000   -1.367644   -1.086199
0.920000   -1.368064   -1.081420
0.930000   -1.368493   -1.076634
0.940000   -1.368932   -1.071843
0.950000   -1.369380   -1.067047
0.960000   -1.369838   -1.062247
0.970000   -1.370305   -1.057443
0.980000   -1.370781   -1.052636
0.990000   -1.371267   -1.047825
1.000000   -1.371762   -1.043013
1.010000   -1.372267   -1.038198
1.020000   -1.372782   -1.033382
1.030000   -1.373305   -1.028564
1.040000   -1.373839   -1.023746
1.050000   -1.374382   -1.018927
1.060000   -1.374934   -1.014108
1.070000   -1.375496   -1.009289
1.080000   -1.376068   -1.004471
1.090000   -1.376649   -0.999654
1.100000   -1.377240   -0.994838
1.110000   -1.377840   -0.990023
1.120000   -1.378450   -0.985211
1.130000   -1.379069   -0.980400
1.140000   -1.379698   -0.975592
1.150000   -1.380337   -0.970786
1.160000   -1.380985   -0.965983
1.170000   -1.381643   -0.961183
1.180000   -1.382310   -0.956387
1.190000   -1.382987   -0.951594
1.200000   -1.383673   -0.946805
1.210000   -1.384369   -0.942020
1.220000   -1.385075   -0.937239
1.230000   -1.385790   -0.932462
1.240000   -1.386515   -0.927690
1.250000   -1.387249   -0.922923
1.260000   -1.387993   -0.918161
1.270000   -1.388746   -0.913404
1.280000   -1.389509   -0.908652
1.290000   -1.390281   -0.903906
1.300000   -1.391063   -0.899165
1.310000   -1.391855   -0.894430
1.320000   -1.392656   -0.889701
1.330000   -1.393466   -0.884978
1.340000   -1.394286   -0.880261
1.350000   -1.395116   -0.875550
1.360000   -1.395955   -0.870846
1.370000   -1.396803   -0.866148
1.380000   -1.397661   -0.861457
1.390000   -1.398528   -0.856773
1.400000   -1.399404   -0.852095
1.410000   -1.400291   -0.847425
1.420000   -1.401186   -0.842761
1.430000   -1.402091   -0.838105
1.440000   -1.403005   -0.833456
1.450000   -1.403928   -0.828814
1.460000   -1.404861   -0.824180
1.470000   -1.405803   -0.819553
1.480000   -1.406755   -0.814934
1.490000   -1.407715   -0.810323
1.500000   -1.408685   -0.805719
1.510000   -1.409664   -0.801123
1.520000   -1.410653   -0.796535
1.530000   -1.411651   -0.791954
1.540000   -1.412657   -0.787382
1.550000   -1.413673   -0.782818
1.560000   -1.414698   -0.778261
1.570000   -1.415733   -0.773713
1.580000   -1.416776   -0.769173
1.590000   -1.417829   -0.764642
1.600000   -1.418890   -0.760118
1.610000   -1.419961   -0.755603
1.620000   -1.421040   -0.751097
1.630000   -1.422129   -0.746598
1.640000   -1.423227   -0.742108
1.650000   -1.424333   -0.737627
1.660000   -1.425449   -0.733154
1.670000   -1.426573   -0.728689
1.680000   -1.427706   -0.724233
1.690000   -1.428849   -0.719786
1.700000   -1.430000   -0.715347
1.710000   -1.431160   -0.710917
1.720000   -1.432328   -0.706496
1.730000   -1.433506   -0.702083
1.740000   -1.434692   -0.697679
1.750000   -1.435887   -0.693283
1.760000   -1.437091   -0.688897
1.770000   -1.438303   -0.684519
1.780000   -1.439524   -0.680149
1.790000   -1.440754   -0.675789
1.800000   -1.441992   -0.671437
1.810000   -1.443239   -0.667094
1.820000   -1.444494   -0.662760
1.830000   -1.445758   -0.658435
1.840000   -1.447031   -0.654118
1.850000   -1.448312   -0.649810
1.860000   -1.449601   -0.645511
1.870000   -1.450899   -0.641221
1.880000   -1.452205   -0.636940
1.890000   -1.453520   -0.632667
1.900000   -1.454842   -0.628403
1.910000   -1.456174   -0.624148
1.920000   -1.457513   -0.619902
1.930000   -1.458861   -0.615664
1.940000   -1.460217   -0.611436
1.950000   -1.461582   -0.607216
1.960000   -1.462954   -0.603005
1.970000   -1.464335   -0.598803
1.980000   -1.465724   -0.594609
1.990000   -1.467120   -0.590424
2.000000   -1.468525   -0.586248
2.010000   -1.469938   -0.582081
2.020000   -1.471360   -0.577922
2.030000   -1.472789   -0.573772
2.040000   -1.474226   -0.569631
2.050000   -1.475671   -0.565499
2.060000   -1.477123   -0.561375
2.070000   -1.478584   -0.557260
2.080000   -1.480053   -0.553153
2.090000   -1.481529   -0.549055
2.100000   -1.483014   -0.544966
2.110000   -1.484506   -0.540885
2.120000   -1.486005   -0.536813
2.130000   -1.487513   -0.532750
2.140000   -1.489028   -0.528695
2.150000   -1.490551   -0.524648
2.160000   -1.492081   -0.520611
2.170000   -1.493619   -0.516581
2.180000   -1.495165   -0.512560
2.190000   -1.496718   -0.508548
2.200000   -1.498279   -0.504544
2.210000   -1.499847   -0.500548
2.220000   -1.501423   -0.496561
2.230000   -1.503006   -0.492582
2.240000   -1.504596   -0.488612
2.250000   -1.506194   -0.484650
2.260000   -1.507799   -0.480696
2.270000   -1.509412   -0.476750
2.280000   -1.511032   -0.472813
2.290000   -1.512659   -0.468884
2.300000   -1.514293   -0.464963
2.310000   -1.515935   -0.461051
2.320000   -1.517583   -0.457146
2.330000   -1.519239   -0.453250
2.340000   -1.520902   -0.449362
2.350000   -1.522572   -0.445482
2.360000   -1.524249   -0.441610
2.370000   -1.525934   -0.437747
2.380000   -1.527625   -0.433891
2.390000   -1.529323   -0.430043
2.400000   -1.531028   -0.426203
2.410000   -1.532740   -0.422371
2.420000   -1.534459   -0.418547
2.430000   -1.536185   -0.414732
2.440000   -1.537917   -0.410923
2.450000   -1.539657   -0.407123
2.460000   -1.541403   -0.403331
2.470000   -1.543156   -0.399546
2.480000   -1.544916   -0.395769
2.490000   -1.546682   -0.392000
2.500000   -1.548455   -0.388239
2.510000   -1.550235   -0.384485
2.520000   -1.552021   -0.380739
2.530000   -1.553814   -0.377001
2.540000   -1.555613   -0.373270
2.550000   -1.557419   -0.369547
2.560000   -1.559232   -0.365832
2.570000   -1.561051   -0.362124
2.580000   -1.562876   -0.358423
2.590000   -1.564708   -0.354730
2.600000   -1.566546   -0.351045
2.610000   -1.568390   -0.347367
2.620000   -1.570241   -0.343696
2.630000   -1.572099   -0.340033
2.640000   -1.573962   -0.336377
2.650000   -1.575832   -0.332728
2.660000   -1.577708   -0.329087
2.670000   -1.579590   -0.325453
2.680000   -1.581478   -0.321826
2.690000   -1.583373   -0.318206
2.700000   -1.585273   -0.314594
2.710000   -1.587180   -0.310989
2.720000   -1.589093   -0.307391
2.730000   -1.591012   -0.303800
2.740000   -1.592937   -0.300216
2.750000   -1.594867   -0.296639
2.760000   -1.596804   -0.293069
2.770000   -1.598747   -0.289506
2.780000   -1.600696   -0.285950
2.790000   -1.602650   -0.282401
2.800000   -1.604611   -0.278859
2.810000   -1.606577   -0.275324
2.820000   -1.608549   -0.271795
2.830000   -1.610527   -0.268274
2.840000   -1.612510   -0.264759
2.850000   -1.614500   -0.261251
2.860000   -1.616495   -0.257750
2.870000   -1.618495   -0.254255
2.880000   -1.620502   -0.250768
2.890000   -1.622514   -0.247286
2.900000   -1.624531   -0.243812
2.910000   -1.626554   -0.240344
2.920000   -1.628583   -0.236883
2.930000   -1.630617   -0.233428
2.940000   -1.632657   -0.229980
2.950000   -1.634702   -0.226538
2.960000   -1.636753   -0.223103
2.970000   -1.638809   -0.219674
2.980000   -1.640871   -0.216251
2.990000   -1.642938   -0.212835
3.000000   -1.645010   -0.209426
3.010000   -1.647088   -0.206022
3.020000   -1.649170   -0.202625
3.030000   -1.651259   -0.199234
3.040000   -1.653352   -0.195850
3.050000   -1.655451   -0.192472
3.060000   -1.657555   -0.189100
3.070000   -1.659664   -0.185734
3.080000   -1.661778   -0.182374
3.090000   -1.663898   -0.179020
3.100000   -1.666022   -0.175673
3.110000   -1.668152   -0.172331
3.120000   -1.670286   -0.168996
3.130000   -1.672426   -0.165667
3.140000   -1.674571   -0.162343
3.150000   -1.676721   -0.159026
3.160000   -1.678876   -0.155714
3.170000   -1.681035   -0.152409
3.180000   -1.683200   -0.149109
3.190000   -1.685370   -0.145815
3.200000   -1.687544   -0.142527
3.210000   -1.689724   -0.139245
3.220000   -1.691908   -0.135969
3.230000   -1.694097   -0.132698
3.240000   -1.696291   -0.129433
3.250000   -1.698489   -0.126174
3.260000   -1.700693   -0.122920
3.270000   -1.702901   -0.119673
3.280000   -1.705114   -0.116430
3.290000   -1.707331   -0.113194
3.300000   -1.709553   -0.109963
3.310000   -1.711780   -0.106737
3.320000   -1.714012   -0.103517
3.330000   -1.716248   -0.100303
3.340000   -1.718488   -0.097094
3.350000   -1.720734   -0.093891
3.360000   -1.722983   -0.090693
3.370000   -1.725238   -0.087500
3.380000   -1.727497   -0.084313
3.390000   -1.729760   -0.081131
3.400000   -1.732028   -0.077955
3.410000   -1.734300   -0.074783
3.420000   -1.736576   -0.071618
3.430000   -1.738857   -0.068457
3.440000   -1.741143   -0.065302
3.450000   -1.743433   -0.062151
3.460000   -1.745727   -0.059007
3.470000   -1.748025   -0.055867
3.480000   -1.750328   -0.052732
3.490000   -1.752635   -0.049603
3.500000   -1.754946   -0.046478
3.510000   -1.757262   -0.043359
3.520000   -1.759581   -0.040245
3.530000   -1.761905   -0.037136
3.540000   -1.764234   -0.034032
3.550000   -1.766566   -0.030932
3.560000   -1.768902   -0.027838
3.570000   -1.771243   -0.024749
3.580000   -1.773588   -0.021665
3.590000   -1.775936   -0.018585
3.600000   -1.778289   -0.015511
3.610000   -1.780646   -0.012441
3.620000   -1.783007   -0.009376
3.630000   -1.785372   -0.006316
3.640000   -1.787741   -0.003261
3.650000   -1.790114   -0.000211
3.660000   -1.792491   0.002835
3.670000   -1.794871   0.005876
3.680000   -1.797256   0.008912
3.690000   -1.799645   0.011943
3.700000   -1.802037   0.014970
3.710000   -1.804434   0.017992
3.720000   -1.806834   0.021010
3.730000   -1.809238   0.024023
3.740000   -1.811646   0.027031
3.750000   -1.814057   0.030035
3.760000   -1.816473   0.033034
3.770000   -1.818892   0.036029
3.780000   -1.821315   0.039019
3.790000   -1.823742   0.042005
3.800000   -1.826172   0.044987
3.810000   -1.828606   0.047963
3.820000   -1.831044   0.050936
3.830000   -1.833485   0.053904
3.840000   -1.835930   0.056867
3.850000   -1.838379   0.059827
3.860000   -1.840831   0.062782
3.870000   -1.843287   0.065732
3.880000   -1.845747   0.068679
3.890000   -1.848210   0.071621
3.900000   -1.850677   0.074558
3.910000   -1.853147   0.077492
3.920000   -1.855620   0.080421
3.930000   -1.858097   0.083346
3.940000   -1.860578   0.086267
3.950000   -1.863062   0.089184
3.960000   -1.865550   0.092097
3.970000   -1.868041   0.095005
3.980000   -1.870535   0.097909
3.990000   -1.873033   0.100810
4.000000   -1.875534   0.103706
4.010000   -1.878038   0.106598
4.020000   -1.880546   0.109486
4.030000   -1.883057   0.112370
4.040000   -1.885572   0.115250
4.050000   -1.888090   0.118126
4.060000   -1.890611   0.120998
4.070000   -1.893135   0.123866
4.080000   -1.895663   0.126731
4.090000   -1.898194   0.129591
4.100000   -1.900728   0.132447
4.110000   -1.903266   0.135300
4.120000   -1.905806   0.138148
4.130000   -1.908350   0.140993
4.140000   -1.910897   0.143834
4.150000   -1.913447   0.146671
4.160000   -1.916001   0.149505
4.170000   -1.918557   0.152334
4.180000   -1.921116   0.155160
4.190000   -1.923679   0.157982
4.200000   -1.926245   0.160801
4.210000   -1.928814   0.163615
4.220000   -1.931386   0.166426
4.230000   -1.933961   0.169234
4.240000   -1.936538   0.172037
4.250000   -1.939119   0.174837
4.260000   -1.941703   0.177634
4.270000   -1.944290   0.180426
4.280000   -1.946880   0.183215
4.290000   -1.949473   0.186001
4.300000   -1.952069   0.188783
4.310000   -1.954668   0.191562
4.320000   -1.957270   0.194336
4.330000   -1.959875   0.197108
4.340000   -1.962482   0.199876
4.350000   -1.965093   0.202640
4.360000   -1.967706   0.205401
4.370000   -1.970322   0.208159
4.380000   -1.972941   0.210913
4.390000   -1.975563   0.213664
4.400000   -1.978188   0.216411
4.410000   -1.980815   0.219155
4.420000   -1.983446   0.221895
4.430000   -1.986079   0.224632
4.440000   -1.988715   0.227366
4.450000   -1.991354   0.230097
4.460000   -1.993995   0.232824
4.470000   -1.996639   0.235547
4.480000   -1.999286   0.238268
4.490000   -2.001936   0.240985
4.500000   -2.004588   0.243699
4.510000   -2.007243   0.246410
4.520000   -2.009901   0.249118
4.530000   -2.012561   0.251822
4.540000   -2.015224   0.254523
4.550000   -2.017890   0.257221
4.560000   -2.020558   0.259916
4.570000   -2.023229   0.262607
4.580000   -2.025902   0.265296
4.590000   -2.028578   0.267981
4.600000   -2.031257   0.270663
4.610000   -2.033938   0.273342
4.620000   -2.036622   0.276018
4.630000   -2.039308   0.278691
4.640000   -2.041997   0.281361
4.650000   -2.044689   0.284028
4.660000   -2.047383   0.286692
4.670000   -2.050079   0.289353
4.680000   -2.052778   0.292010
4.690000   -2.055480   0.294665
4.700000   -2.058183   0.297317
4.710000   -2.060890   0.299966
4.720000   -2.063599   0.302611
4.730000   -2.066310   0.305254
4.740000   -2.069024   0.307894
4.750000   -2.071740   0.310531
4.760000   -2.074458   0.313165
4.770000   -2.077179   0.315797
4.780000   -2.079902   0.318425
4.790000   -2.082628   0.321050
4.800000   -2.085356   0.323673
4.810000   -2.088087   0.326293
4.820000   -2.090819   0.328910
4.830000   -2.093554   0.331524
4.840000   -2.096292   0.334135
4.850000   -2.099032   0.336744
4.860000   -2.101774   0.339349
4.870000   -2.104518   0.341952
4.880000   -2.107265   0.344553
4.890000   -2.110014   0.347150
4.900000   -2.112765   0.349745
4.910000   -2.115518   0.352337
4.920000   -2.118274   0.354926
4.930000   -2.121032   0.357513
4.940000   -2.123792   0.360096
4.950000   -2.126554   0.362678
4.960000   -2.129319   0.365256
4.970000   -2.132086   0.367832
4.980000   -2.134855   0.370405
4.990000   -2.137626   0.372976
