0.010000   1.355468
0.030000   1.355363
0.050000   1.355296
0.070000   1.355393
0.090000   1.355688
0.110000   1.356197
0.130000   1.356932
0.150000   1.357903
0.170000   1.359118
0.190000   1.360585
0.210000   1.362310
0.230000   1.364302
0.250000   1.366567
0.270000   1.369114
0.290000   1.371948
0.310000   1.375076
0.330000   1.378502
0.350000   1.382232
0.370000   1.386269
0.390000   1.390615
0.410000   1.395271
0.430000   1.400238
0.450000   1.405515
0.470000   1.411101
0.490000   1.416994
0.510000   1.423192
0.530000   1.429691
0.550000   1.436487
0.570000   1.443577
0.590000   1.450955
0.610000   1.458618
0.630000   1.466560
0.650000   1.474777
0.670000   1.483262
0.690000   1.492011
0.710000   1.501018
0.730000   1.510278
0.750000   1.519785
0.770000   1.529534
0.790000   1.539520
0.810000   1.549737
0.830000   1.560179
0.850000   1.570842
0.870000   1.581720
0.890000   1.592809
0.910000   1.604103
0.930000   1.615597
0.950000   1.627287
0.970000   1.639168
0.990000   1.651235
1.010000   1.663483
1.030000   1.675909
1.050000   1.688508
1.070000   1.701276
1.090000   1.714209
1.110000   1.727302
1.130000   1.740552
1.150000   1.753954
1.170000   1.767506
1.190000   1.781204
1.210000   1.795044
1.230000   1.809022
1.250000   1.823136
1.270000   1.837381
1.290000   1.851756
1.310000   1.866256
1.330000   1.880879
1.350000   1.895622
1.370000   1.910482
1.390000   1.925456
1.410000   1.940541
1.430000   1.955736
1.450000   1.971036
1.470000   1.986440
1.490000   2.001946
1.510000   2.017550
1.530000   2.033252
1.550000   2.049047
1.570000   2.064935
1.590000   2.080913
1.610000   2.096979
1.630000   2.113131
1.650000   2.129366
1.670000   2.145684
1.690000   2.162083
1.710000   2.178559
1.730000   2.195113
1.750000   2.211741
1.770000   2.228442
1.790000   2.245215
1.810000   2.262058
1.830000   2.278970
1.850000   2.295948
1.870000   2.312992
1.890000   2.330100
1.910000   2.347270
1.930000   2.364502
1.950000   2.381794
1.970000   2.399144
1.990000   2.416552
2.010000   2.434016
2.030000   2.451535
2.050000   2.469107
2.070000   2.486732
2.090000   2.504409
2.110000   2.522136
2.130000   2.539912
2.150000   2.557737
2.170000   2.575609
2.190000   2.593527
2.210000   2.611490
2.230000   2.629498
2.250000   2.647550
2.270000   2.665644
2.290000   2.683780
2.310000   2.701957
2.330000   2.720173
2.350000   2.738429
2.370000   2.756724
2.390000   2.775056
2.410000   2.793425
2.430000   2.811830
2.450000   2.830271
2.470000   2.848747
2.490000   2.867256
2.510000   2.885799
2.530000   2.904375
2.550000   2.922983
2.570000   2.941623
2.590000   2.960293
2.610000   2.978994
2.630000   2.997724
2.650000   3.016484
2.670000   3.035272
2.690000   3.054088
2.710000   3.072932
2.730000   3.091803
2.750000   3.110700
2.770000   3.129623
2.790000   3.148572
2.810000   3.167546
2.830000   3.186545
2.850000   3.205567
2.870000   3.224614
2.890000   3.243683
2.910000   3.262776
2.930000   3.281890
2.950000   3.301027
2.970000   3.320186
2.990000   3.339366
3.010000   3.358566
3.030000   3.377788
3.050000   3.397029
3.070000   3.416290
3.090000   3.435570
3.110000   3.454870
3.130000   3.474188
3.150000   3.493525
3.170000   3.512880
3.190000   3.532253
3.210000   3.551643
3.230000   3.571051
3.250000   3.590475
3.270000   3.609916
3.290000   3.629373
3.310000   3.648847
3.330000   3.668336
3.350000   3.687841
3.370000   3.707361
3.390000   3.726896
3.410000   3.746446
3.430000   3.766010
3.450000   3.785589
3.470000   3.805182
3.490000   3.824788
3.510000   3.844409
3.530000   3.864042
3.550000   3.883689
3.570000   3.903349
3.590000   3.923021
3.610000   3.942706
3.630000   3.962404
3.650000   3.982114
3.670000   4.001835
3.690000   4.021569
3.710000   4.041314
3.730000   4.061070
3.750000   4.080838
3.770000   4.100617
3.790000   4.120407
3.810000   4.140207
3.830000   4.160018
3.850000   4.179840
3.870000   4.199671
3.890000   4.219513
3.910000   4.239365
3.930000   4.259227
3.950000   4.279098
3.970000   4.298979
3.990000   4.318869
4.010000   4.338769
4.030000   4.358677
4.050000   4.378595
4.070000   4.398521
4.090000   4.418457
4.110000   4.438400
4.130000   4.458353
4.150000   4.478313
4.170000   4.498282
4.190000   4.518259
4.210000   4.538244
4.230000   4.558237
4.250000   4.578237
4.270000   4.598246
4.290000   4.618262
4.310000   4.638285
4.330000   4.658316
4.350000   4.678353
4.370000   4.698399
4.390000   4.718451
4.410000   4.738510
4.430000   4.758576
4.450000   4.778649
4.470000   4.798728
4.490000   4.818814
4.510000   4.838907
4.530000   4.859006
4.550000   4.879111
4.570000   4.899223
4.590000   4.919340
4.610000   4.939464
4.630000   4.959594
4.650000   4.979730
4.670000   4.999871
4.690000   5.020019
4.710000   5.040172
4.730000   5.060331
4.750000   5.080495
4.770000   5.100665
4.790000   5.120840
4.810000   5.141021
4.830000   5.161206
4.850000   5.181398
4.870000   5.201594
4.890000   5.221795
4.910000   5.242001
4.930000   5.262213
4.950000   5.282429
4.970000   5.302650
4.990000   5.322876
5.010000   5.343107
5.030000   5.363342
5.050000   5.383582
5.070000   5.403826
5.090000   5.424075
5.110000   5.444328
5.130000   5.464586
5.150000   5.484848
5.170000   5.505115
5.190000   5.525385
5.210000   5.545660
5.230000   5.565939
5.250000   5.586222
5.270000   5.606509
5.290000   5.626800
5.310000   5.647095
5.330000   5.667394
5.350000   5.687697
5.370000   5.708004
5.390000   5.728314
5.410000   5.748628
5.430000   5.768946
5.450000   5.789267
5.470000   5.809593
5.490000   5.829921
5.510000   5.850253
5.530000   5.870589
5.550000   5.890928
5.570000   5.911271
5.590000   5.931617
5.610000   5.951966
5.630000   5.972318
5.650000   5.992674
5.670000   6.013033
5.690000   6.033395
5.710000   6.053761
5.730000   6.074129
5.750000   6.094501
5.770000   6.114875
5.790000   6.135253
5.810000   6.155634
5.830000   6.176017
5.850000   6.196404
5.870000   6.216793
5.890000   6.237185
5.910000   6.257581
5.930000   6.277979
5.950000   6.298379
5.970000   6.318783
5.990000   6.339189
6.010000   6.359598
6.030000   6.380009
6.050000   6.400424
6.070000   6.420840
6.090000   6.441260
6.110000   6.461682
6.130000   6.482106
6.150000   6.502533
6.170000   6.522963
6.190000   6.543395
6.210000   6.563829
6.230000   6.584266
6.250000   6.604705
6.270000   6.625146
6.290000   6.645590
6.310000   6.666036
6.330000   6.686485
6.350000   6.706936
6.370000   6.727389
6.390000   6.747844
6.410000   6.768301
6.430000   6.788761
6.450000   6.809222
6.470000   6.829686
6.490000   6.850152
6.510000   6.870621
6.530000   6.891091
6.550000   6.911563
6.570000   6.932037
6.590000   6.952514
6.610000   6.972992
6.630000   6.993472
6.650000   7.013954
6.670000   7.034439
6.690000   7.054925
6.710000   7.075413
6.730000   7.095903
6.750000   7.116395
6.770000   7.136888
6.790000   7.157384
6.810000   7.177881
6.830000   7.198380
6.850000   7.218881
6.870000   7.239384
6.890000   7.259889
6.910000   7.280395
6.930000   7.300903
6.950000   7.321413
6.970000   7.341924
6.990000   7.362437
7.010000   7.382952
7.030000   7.403468
7.050000   7.423986
7.070000   7.444506
7.090000   7.465027
7.110000   7.485550
7.130000   7.506074
7.150000   7.526600
7.170000   7.547128
7.190000   7.567657
7.210000   7.588188
7.230000   7.608720
7.250000   7.629254
7.270000   7.649789
7.290000   7.670325
7.310000   7.690863
7.330000   7.711403
7.350000   7.731944
7.370000   7.752486
7.390000   7.773030
7.410000   7.793575
7.430000   7.814122
7.450000   7.834670
7.470000   7.855219
7.490000   7.875770
7.510000   7.896322
7.530000   7.916875
7.550000   7.937430
7.570000   7.957986
7.590000   7.978544
7.610000   7.999102
7.630000   8.019662
7.650000   8.040223
7.670000   8.060786
7.690000   8.081349
7.710000   8.101914
7.730000   8.122480
7.750000   8.143048
7.770000   8.163616
7.790000   8.184186
7.810000   8.204757
7.830000   8.225329
7.850000   8.245903
7.870000   8.266477
7.890000   8.287053
7.910000   8.307630
7.930000   8.328208
7.950000   8.348787
7.970000   8.369367
7.990000   8.389948
8.010000   8.410531
8.030000   8.431114
8.050000   8.451699
8.070000   8.472284
8.090000   8.492871
8.110000   8.513459
8.130000   8.534048
8.150000   8.554637
8.170000   8.575228
8.190000   8.595820
8.210000   8.616413
8.230000   8.637007
8.250000   8.657602
8.270000   8.678198
8.290000   8.698795
8.310000   8.719393
8.330000   8.739992
8.350000   8.760592
8.370000   8.781193
8.390000   8.801794
8.410000   8.822397
8.430000   8.843001
8.450000   8.863605
8.470000   8.884211
8.490000   8.904817
8.510000   8.925425
8.530000   8.946033
8.550000   8.966642
8.570000   8.987252
8.590000   9.007863
8.610000   9.028475
8.630000   9.049088
8.650000   9.069701
8.670000   9.090316
8.690000   9.110931
8.710000   9.131547
8.730000   9.152164
8.750000   9.172782
8.770000   9.193401
8.790000   9.214020
8.810000   9.234640
8.830000   9.255261
8.850000   9.275883
8.870000   9.296506
8.890000   9.317129
8.910000   9.337754
8.930000   9.358379
8.950000   9.379005
8.970000   9.399631
8.990000   9.420259
9.010000   9.440887
9.030000   9.461516
9.050000   9.482145
9.070000   9.502776
9.090000   9.523407
9.110000   9.544039
9.130000   9.564672
9.150000   9.585305
9.170000   9.605939
9.190000   9.626574
9.210000   9.647209
9.230000   9.667846
9.250000   9.688483
9.270000   9.709120
9.290000   9.729759
9.310000   9.750398
9.330000   9.771037
9.350000   9.791678
9.370000   9.812319
9.390000   9.832960
9.410000   9.853603
9.430000   9.874246
9.450000   9.894890
9.470000   9.915534
9.490000   9.936179
9.510000   9.956825
9.530000   9.977471
9.550000   9.998118
9.570000   10.018766
9.590000   10.039414
9.610000   10.060063
9.630000   10.080712
9.650000   10.101362
9.670000   10.122013
9.690000   10.142664
9.710000   10.163316
9.730000   10.183969
9.750000   10.204622
9.770000   10.225275
9.790000   10.245930
9.810000   10.266585
9.830000   10.287240
9.850000   10.307896
9.870000   10.328553
9.890000   10.349210
9.910000   10.369868
9.930000   10.390526
9.950000   10.411185
9.970000   10.431844
9.990000   10.452504
