0.010000   -1.611811   -1.611811
0.020000   -1.611770   -1.611752
0.030000   -1.611662   -1.611583
0.040000   -1.611520   -1.611336
0.050000   -1.611364   -1.611031
0.060000   -1.611202   -1.610675
0.070000   -1.611039   -1.610273
0.080000   -1.610875   -1.609826
0.090000   -1.610712   -1.609335
0.100000   -1.610551   -1.608800
0.110000   -1.610393   -1.608221
0.120000   -1.610237   -1.607598
0.130000   -1.610085   -1.606931
0.140000   -1.609937   -1.606220
0.150000   -1.609792   -1.605463
0.160000   -1.609651   -1.604661
0.170000   -1.609515   -1.603813
0.180000   -1.609383   -1.602917
0.190000   -1.609255   -1.601974
0.200000   -1.609132   -1.600982
0.210000   -1.609013   -1.599940
0.220000   -1.608900   -1.598847
0.230000   -1.608791   -1.597703
0.240000   -1.608688   -1.596507
0.250000   -1.608589   -1.595258
0.260000   -1.608496   -1.593956
0.270000   -1.608409   -1.592599
0.280000   -1.608326   -1.591189
0.290000   -1.608250   -1.589724
0.300000   -1.608179   -1.588205
0.310000   -1.608113   -1.586631
0.320000   -1.608054   -1.585004
0.330000   -1.608000   -1.583323
0.340000   -1.607953   -1.581589
0.350000   -1.607911   -1.579803
0.360000   -1.607876   -1.577966
0.370000   -1.607847   -1.576077
0.380000   -1.607824   -1.574139
0.390000   -1.607808   -1.572152
0.400000   -1.607798   -1.570118
0.410000   -1.607795   -1.568037
0.420000   -1.607799   -1.565911
0.430000   -1.607810   -1.563740
0.440000   -1.607827   -1.561527
0.450000   -1.607851   -1.559272
0.460000   -1.607883   -1.556977
0.470000   -1.607921   -1.554643
0.480000   -1.607967   -1.552271
0.490000   -1.608020   -1.549863
0.500000   -1.608080   -1.547419
0.510000   -1.608148   -1.544942
0.520000   -1.608223   -1.542432
0.530000   -1.608306   -1.539891
0.540000   -1.608397   -1.537320
0.550000   -1.608495   -1.534720
0.560000   -1.608601   -1.532092
0.570000   -1.608715   -1.529438
0.580000   -1.608837   -1.526758
0.590000   -1.608966   -1.524055
0.600000   -1.609104   -1.521327
0.610000   -1.609250   -1.518578
0.620000   -1.609404   -1.515808
0.630000   -1.609567   -1.513018
0.640000   -1.609737   -1.510208
0.650000   -1.609916   -1.507380
0.660000   -1.610103   -1.504536
0.670000   -1.610299   -1.501674
0.680000   -1.610503   -1.498798
0.690000   -1.610716   -1.495906
0.700000   -1.610938   -1.493001
0.710000   -1.611168   -1.490083
0.720000   -1.611406   -1.487153
0.730000   -1.611654   -1.484211
0.740000   -1.611910   -1.481259
0.750000   -1.612175   -1.478296
0.760000   -1.612449   -1.475324
0.770000   -1.612732   -1.472343
0.780000   -1.613023   -1.469354
0.790000   -1.613324   -1.466358
0.800000   -1.613634   -1.463355
0.810000   -1.613953   -1.460345
0.820000   -1.614280   -1.457330
0.830000   -1.614617   -1.454309
0.840000   -1.614963   -1.451284
0.850000   -1.615318   -1.448254
0.860000   -1.615683   -1.445221
0.870000   -1.616056   -1.442185
0.880000   -1.616439   -1.439145
0.890000   -1.616831   -1.436103
0.900000   -1.617233   -1.433059
0.910000   -1.617644   -1.430014
0.920000   -1.618064   -1.426968
0.930000   -1.618493   -1.423920
0.940000   -1.618932   -1.420873
0.950000   -1.619380   -1.417825
0.960000   -1.619838   -1.414777
0.970000   -1.620305   -1.411730
0.980000   -1.620781   -1.408684
0.990000   -1.621267   -1.405639
1.000000   -1.621762   -1.402596
1.010000   -1.622267   -1.399554
1.020000   -1.622782   -1.396515
1.030000   -1.623305   -1.393478
1.040000   -1.623839   -1.390444
1.050000   -1.624382   -1.387412
1.060000   -1.624934   -1.384384
1.070000   -1.625496   -1.381358
1.080000   -1.626068   -1.378337
1.090000   -1.626649   -1.375319
1.100000   -1.627240   -1.372305
1.110000   -1.627840   -1.369296
1.120000   -1.628450   -1.366290
1.130000   -1.629069   -1.363290
1.140000   -1.629698   -1.360294
1.150000   -1.630337   -1.357303
1.160000   -1.630985   -1.354317
1.170000   -1.631643   -1.351336
1.180000   -1.632310   -1.348361
1.190000   -1.632987   -1.345391
1.200000   -1.633673   -1.342427
1.210000   -1.634369   -1.339469
1.220000   -1.635075   -1.336517
1.230000   -1.635790   -1.333571
1.240000   -1.636515   -1.330632
1.250000   -1.637249   -1.327698
1.260000   -1.637993   -1.324771
1.270000   -1.638746   -1.321851
1.280000   -1.639509   -1.318938
1.290000   -1.640281   -1.316031
1.300000   -1.641063   -1.313131
1.310000   -1.641855   -1.310238
1.320000   -1.642656   -1.307352
1.330000   -1.643466   -1.304474
1.340000   -1.644286   -1.301602
1.350000   -1.645116   -1.298739
1.360000   -1.645955   -1.295882
1.370000   -1.646803   -1.293033
1.380000   -1.647661   -1.290192
1.390000   -1.648528   -1.287358
1.400000   -1.649404   -1.284532
1.410000   -1.650291   -1.281713
1.420000   -1.651186   -1.278903
1.430000   -1.652091   -1.276100
1.440000   -1.653005   -1.273306
1.450000   -1.653928   -1.270519
1.460000   -1.654861   -1.267741
1.470000   -1.655803   -1.264970
1.480000   -1.656755   -1.262208
1.490000   -1.657715   -1.259454
1.500000   -1.658685   -1.256708
1.510000   -1.659664   -1.253970
1.520000   -1.660653   -1.251241
1.530000   -1.661651   -1.248520
1.540000   -1.662657   -1.245807
1.550000   -1.663673   -1.243103
1.560000   -1.664698   -1.240407
1.570000   -1.665733   -1.237720
1.580000   -1.666776   -1.235041
1.590000   -1.667829   -1.232371
1.600000   -1.668890   -1.229709
1.610000   -1.669961   -1.227056
1.620000   -1.671040   -1.224411
1.630000   -1.672129   -1.221775
1.640000   -1.673227   -1.219148
1.650000   -1.674333   -1.216529
1.660000   -1.675449   -1.213919
1.670000   -1.676573   -1.211317
1.680000   -1.677706   -1.208724
1.690000   -1.678849   -1.206140
1.700000   -1.680000   -1.203565
1.710000   -1.681160   -1.200998
1.720000   -1.682328   -1.198440
1.730000   -1.683506   -1.195890
1.740000   -1.684692   -1.193350
1.750000   -1.685887   -1.190818
1.760000   -1.687091   -1.188295
1.770000   -1.688303   -1.185780
1.780000   -1.689524   -1.183274
1.790000   -1.690754   -1.180777
1.800000   -1.691992   -1.178289
1.810000   -1.693239   -1.175809
1.820000   -1.694494   -1.173338
1.830000   -1.695758   -1.170876
1.840000   -1.697031   -1.168422
1.850000   -1.698312   -1.165977
1.860000   -1.699601   -1.163541
1.870000   -1.700899   -1.161114
1.880000   -1.702205   -1.158695
1.890000   -1.703520   -1.156284
1.900000   -1.704842   -1.153883
1.910000   -1.706174   -1.151490
1.920000   -1.707513   -1.149106
1.930000   -1.708861   -1.146730
1.940000   -1.710217   -1.144363
1.950000   -1.711582   -1.142004
1.960000   -1.712954   -1.139655
1.970000   -1.714335   -1.137313
1.980000   -1.715724   -1.134981
1.990000   -1.717120   -1.132656
2.000000   -1.718525   -1.130341
2.010000   -1.719938   -1.128033
2.020000   -1.721360   -1.125735
2.030000   -1.722789   -1.123444
2.040000   -1.724226   -1.121163
2.050000   -1.725671   -1.118889
2.060000   -1.727123   -1.116624
2.070000   -1.728584   -1.114368
2.080000   -1.730053   -1.112120
2.090000   -1.731529   -1.109880
2.100000   -1.733014   -1.107649
2.110000   -1.734506   -1.105425
2.120000   -1.736005   -1.103211
2.130000   -1.737513   -1.101004
2.140000   -1.739028   -1.098806
2.150000   -1.740551   -1.096616
2.160000   -1.742081   -1.094434
2.170000   -1.743619   -1.092261
2.180000   -1.745165   -1.090095
2.190000   -1.746718   -1.087938
2.200000   -1.748279   -1.085789
2.210000   -1.749847   -1.083648
2.220000   -1.751423   -1.081515
2.230000   -1.753006   -1.079390
2.240000   -1.754596   -1.077273
2.250000   -1.756194   -1.075165
2.260000   -1.757799   -1.073064
2.270000   -1.759412   -1.070971
2.280000   -1.761032   -1.068886
2.290000   -1.762659   -1.066809
2.300000   -1.764293   -1.064740
2.310000   -1.765935   -1.062679
2.320000   -1.767583   -1.060625
2.330000   -1.769239   -1.058580
2.340000   -1.770902   -1.056542
2.350000   -1.772572   -1.054512
2.360000   -1.774249   -1.052490
2.370000   -1.775934   -1.050476
2.380000   -1.777625   -1.048469
2.390000   -1.779323   -1.046470
2.400000   -1.781028   -1.044478
2.410000   -1.782740   -1.042494
2.420000   -1.784459   -1.040518
2.430000   -1.786185   -1.038549
2.440000   -1.787917   -1.036588
2.450000   -1.789657   -1.034634
2.460000   -1.791403   -1.032688
2.470000   -1.793156   -1.030749
2.480000   -1.794916   -1.028818
2.490000   -1.796682   -1.026894
2.500000   -1.798455   -1.024978
2.510000   -1.800235   -1.023068
2.520000   -1.802021   -1.021167
2.530000   -1.803814   -1.019272
2.540000   -1.805613   -1.017385
2.550000   -1.807419   -1.015505
2.560000   -1.809232   -1.013632
2.570000   -1.811051   -1.011766
2.580000   -1.812876   -1.009908
2.590000   -1.814708   -1.008056
2.600000   -1.816546   -1.006212
2.610000   -1.818390   -1.004375
2.620000   -1.820241   -1.002545
2.630000   -1.822099   -1.000721
2.640000   -1.823962   -0.998905
2.650000   -1.825832   -0.997096
2.660000   -1.827708   -0.995294
2.670000   -1.829590   -0.993499
2.680000   -1.831478   -0.991710
2.690000   -1.833373   -0.989929
2.700000   -1.835273   -0.988154
2.710000   -1.837180   -0.986386
2.720000   -1.839093   -0.984625
2.730000   -1.841012   -0.982870
2.740000   -1.842937   -0.981123
2.750000   -1.844867   -0.979382
2.760000   -1.846804   -0.977647
2.770000   -1.848747   -0.975920
2.780000   -1.850696   -0.974199
2.790000   -1.852650   -0.972484
2.800000   -1.854611   -0.970776
2.810000   -1.856577   -0.969075
2.820000   -1.858549   -0.967380
2.830000   -1.860527   -0.965691
2.840000   -1.862510   -0.964010
2.850000   -1.864500   -0.962334
2.860000   -1.866495   -0.960665
2.870000   -1.868495   -0.959002
2.880000   -1.870502   -0.957346
2.890000   -1.872514   -0.955696
2.900000   -1.874531   -0.954052
2.910000   -1.876554   -0.952414
2.920000   -1.878583   -0.950783
2.930000   -1.880617   -0.949158
2.940000   -1.882657   -0.947539
2.950000   -1.884702   -0.945926
2.960000   -1.886753   -0.944319
2.970000   -1.888809   -0.942719
2.980000   -1.890871   -0.941124
2.990000   -1.892938   -0.939536
3.000000   -1.895010   -0.937954
3.010000   -1.897088   -0.936377
3.020000   -1.899170   -0.934807
3.030000   -1.901259   -0.933243
3.040000   -1.903352   -0.931684
3.050000   -1.905451   -0.930131
3.060000   -1.907555   -0.928585
3.070000   -1.909664   -0.927044
3.080000   -1.911778   -0.925509
3.090000   -1.913898   -0.923979
3.100000   -1.916022   -0.922456
3.110000   -1.918152   -0.920938
3.120000   -1.920286   -0.919426
3.130000   -1.922426   -0.917920
3.140000   -1.924571   -0.916419
3.150000   -1.926721   -0.914924
3.160000   -1.928876   -0.913435
3.170000   -1.931035   -0.911951
3.180000   -1.933200   -0.910473
3.190000   -1.935370   -0.909000
3.200000   -1.937544   -0.907533
3.210000   -1.939724   -0.906071
3.220000   -1.941908   -0.904615
3.230000   -1.944097   -0.903164
3.240000   -1.946291   -0.901719
3.250000   -1.948489   -0.900279
3.260000   -1.950693   -0.898844
3.270000   -1.952901   -0.897415
3.280000   -1.955114   -0.895991
3.290000   -1.957331   -0.894573
3.300000   -1.959553   -0.893160
3.310000   -1.961780   -0.891752
3.320000   -1.964012   -0.890349
3.330000   -1.966248   -0.888951
3.340000   -1.968488   -0.887559
3.350000   -1.970734   -0.886172
3.360000   -1.972983   -0.884790
3.370000   -1.975238   -0.883413
3.380000   -1.977497   -0.882041
3.390000   -1.979760   -0.880674
3.400000   -1.982028   -0.879312
3.410000   -1.984300   -0.877956
3.420000   -1.986576   -0.876604
3.430000   -1.988857   -0.875257
3.440000   -1.991143   -0.873915
3.450000   -1.993433   -0.872579
3.460000   -1.995727   -0.871247
3.470000   -1.998025   -0.869920
3.480000   -2.000328   -0.868597
3.490000   -2.002635   -0.867280
3.500000   -2.004946   -0.865968
3.510000   -2.007262   -0.864660
3.520000   -2.009581   -0.863357
3.530000   -2.011905   -0.862059
3.540000   -2.014234   -0.860766
3.550000   -2.016566   -0.859477
3.560000   -2.018902   -0.858193
3.570000   -2.021243   -0.856914
3.580000   -2.023588   -0.855639
3.590000   -2.025936   -0.854369
3.600000   -2.028289   -0.853104
3.610000   -2.030646   -0.851843
3.620000   -2.033007   -0.850587
3.630000   -2.035372   -0.849335
3.640000   -2.037741   -0.848088
3.650000   -2.040114   -0.846845
3.660000   -2.042491   -0.845607
3.670000   -2.044871   -0.844373
3.680000   -2.047256   -0.843144
3.690000   -2.049645   -0.841919
3.700000   -2.052037   -0.840699
3.710000   -2.054434   -0.839483
3.720000   -2.056834   -0.838271
3.730000   -2.059238   -0.837064
3.740000   -2.061646   -0.835861
3.750000   -2.064057   -0.834662
3.760000   -2.066473   -0.833468
3.770000   -2.068892   -0.832278
3.780000   -2.071315   -0.831092
3.790000   -2.073742   -0.829910
3.800000   -2.076172   -0.828733
3.810000   -2.078606   -0.827560
3.820000   -2.081044   -0.826391
3.830000   -2.083485   -0.825226
3.840000   -2.085930   -0.824065
3.850000   -2.088379   -0.822909
3.860000   -2.090831   -0.821756
3.870000   -2.093287   -0.820608
3.880000   -2.095747   -0.819463
3.890000   -2.098210   -0.818323
3.900000   -2.100677   -0.817187
3.910000   -2.103147   -0.816054
3.920000   -2.105620   -0.814926
3.930000   -2.108097   -0.813802
3.940000   -2.110578   -0.812681
3.950000   -2.113062   -0.811565
3.960000   -2.115550   -0.810452
3.970000   -2.118041   -0.809343
3.980000   -2.120535   -0.808239
3.990000   -2.123033   -0.807138
4.000000   -2.125534   -0.806041
4.010000   -2.128038   -0.804948
4.020000   -2.130546   -0.803858
4.030000   -2.133057   -0.802773
4.040000   -2.135572   -0.801691
4.050000   -2.138090   -0.800613
4.060000   -2.140611   -0.799538
4.070000   -2.143135   -0.798468
4.080000   -2.145663   -0.797401
4.090000   -2.148194   -0.796338
4.100000   -2.150728   -0.795278
4.110000   -2.153266   -0.794222
4.120000   -2.155806   -0.793170
4.130000   -2.158350   -0.792121
4.140000   -2.160897   -0.791076
4.150000   -2.163447   -0.790035
4.160000   -2.166001   -0.788997
4.170000   -2.168557   -0.787963
4.180000   -2.171116   -0.786932
4.190000   -2.173679   -0.785905
4.200000   -2.176245   -0.784881
4.210000   -2.178814   -0.783861
4.220000   -2.181386   -0.782844
4.230000   -2.183961   -0.781831
4.240000   -2.186538   -0.780821
4.250000   -2.189119   -0.779815
4.260000   -2.191703   -0.778812
4.270000   -2.194290   -0.777813
4.280000   -2.196880   -0.776817
4.290000   -2.199473   -0.775824
4.300000   -2.202069   -0.774834
4.310000   -2.204668   -0.773848
4.320000   -2.207270   -0.772866
4.330000   -2.209875   -0.771886
4.340000   -2.212482   -0.770910
4.350000   -2.215093   -0.769937
4.360000   -2.217706   -0.768968
4.370000   -2.220322   -0.768002
4.380000   -2.222941   -0.767039
4.390000   -2.225563   -0.766079
4.400000   -2.228188   -0.765122
4.410000   -2.230815   -0.764169
4.420000   -2.233446   -0.763218
4.430000   -2.236079   -0.762271
4.440000   -2.238715   -0.761328
4.450000   -2.241354   -0.760387
4.460000   -2.243995   -0.759449
4.470000   -2.246639   -0.758515
4.480000   -2.249286   -0.757583
4.490000   -2.251936   -0.756655
4.500000   -2.254588   -0.755730
4.510000   -2.257243   -0.754808
4.520000   -2.259901   -0.753888
4.530000   -2.262561   -0.752972
4.540000   -2.265224   -0.752059
4.550000   -2.267890   -0.751149
4.560000   -2.270558   -0.750242
4.570000   -2.273229   -0.749338
4.580000   -2.275902   -0.748437
4.590000   -2.278578   -0.747539
4.600000   -2.281257   -0.746643
4.610000   -2.283938   -0.745751
4.620000   -2.286622   -0.744862
4.630000   -2.289308   -0.743975
4.640000   -2.291997   -0.743092
4.650000   -2.294689   -0.742211
4.660000   -2.297383   -0.741333
4.670000   -2.300079   -0.740458
4.680000   -2.302778   -0.739586
4.690000   -2.305480   -0.738717
4.700000   -2.308183   -0.737850
4.710000   -2.310890   -0.736986
4.720000   -2.313599   -0.736125
4.730000   -2.316310   -0.735267
4.740000   -2.319024   -0.734412
4.750000   -2.321740   -0.733559
4.760000   -2.324458   -0.732709
4.770000   -2.327179   -0.731862
4.780000   -2.329902   -0.731018
4.790000   -2.332628   -0.730176
4.800000   -2.335356   -0.729337
4.810000   -2.338087   -0.728500
4.820000   -2.340819   -0.727667
4.830000   -2.343554   -0.726836
4.840000   -2.346292   -0.726007
4.850000   -2.349032   -0.725181
4.860000   -2.351774   -0.724358
4.870000   -2.354518   -0.723538
4.880000   -2.357265   -0.722720
4.890000   -2.360014   -0.721905
4.900000   -2.362765   -0.721092
4.910000   -2.365518   -0.720282
4.920000   -2.368274   -0.719474
4.930000   -2.371032   -0.718669
4.940000   -2.373792   -0.717866
4.950000   -2.376554   -0.717066
4.960000   -2.379319   -0.716269
4.970000   -2.382086   -0.715474
4.980000   -2.384855   -0.714681
4.990000   -2.387626   -0.713891
