0.010000   1.605468
0.030000   1.605363
0.050000   1.605296
0.070000   1.605393
0.090000   1.605688
0.110000   1.606197
0.130000   1.606932
0.150000   1.607903
0.170000   1.609118
0.190000   1.610585
0.210000   1.612310
0.230000   1.614302
0.250000   1.616567
0.270000   1.619114
0.290000   1.621948
0.310000   1.625076
0.330000   1.628502
0.350000   1.632232
0.370000   1.636269
0.390000   1.640615
0.410000   1.645271
0.430000   1.650238
0.450000   1.655515
0.470000   1.661101
0.490000   1.666994
0.510000   1.673192
0.530000   1.679691
0.550000   1.686487
0.570000   1.693577
0.590000   1.700955
0.610000   1.708618
0.630000   1.716560
0.650000   1.724777
0.670000   1.733262
0.690000   1.742011
0.710000   1.751018
0.730000   1.760278
0.750000   1.769785
0.770000   1.779534
0.790000   1.789520
0.810000   1.799737
0.830000   1.810179
0.850000   1.820842
0.870000   1.831720
0.890000   1.842809
0.910000   1.854103
0.930000   1.865597
0.950000   1.877287
0.970000   1.889168
0.990000   1.901235
1.010000   1.913483
1.030000   1.925909
1.050000   1.938508
1.070000   1.951276
1.090000   1.964209
1.110000   1.977302
1.130000   1.990552
1.150000   2.003954
1.170000   2.017506
1.190000   2.031204
1.210000   2.045044
1.230000   2.059022
1.250000   2.073136
1.270000   2.087381
1.290000   2.101756
1.310000   2.116256
1.330000   2.130879
1.350000   2.145622
1.370000   2.160482
1.390000   2.175456
1.410000   2.190541
1.430000   2.205736
1.450000   2.221036
1.470000   2.236440
1.490000   2.251946
1.510000   2.267550
1.530000   2.283252
1.550000   2.299047
1.570000   2.314935
1.590000   2.330913
1.610000   2.346979
1.630000   2.363131
1.650000   2.379366
1.670000   2.395684
1.690000   2.412083
1.710000   2.428559
1.730000   2.445113
1.750000   2.461741
1.770000   2.478442
1.790000   2.495215
1.810000   2.512058
1.830000   2.528970
1.850000   2.545948
1.870000   2.562992
1.890000   2.580100
1.910000   2.597270
1.930000   2.614502
1.950000   2.631794
1.970000   2.649144
1.990000   2.666552
2.010000   2.684016
2.030000   2.701535
2.050000   2.719107
2.070000   2.736732
2.090000   2.754409
2.110000   2.772136
2.130000   2.789912
2.150000   2.807737
2.170000   2.825609
2.190000   2.843527
2.210000   2.861490
2.230000   2.879498
2.250000   2.897550
2.270000   2.915644
2.290000   2.933780
2.310000   2.951957
2.330000   2.970173
2.350000   2.988429
2.370000   3.006724
2.390000   3.025056
2.410000   3.043425
2.430000   3.061830
2.450000   3.080271
2.470000   3.098747
2.490000   3.117256
2.510000   3.135799
2.530000   3.154375
2.550000   3.172983
2.570000   3.191623
2.590000   3.210293
2.610000   3.228994
2.630000   3.247724
2.650000   3.266484
2.670000   3.285272
2.690000   3.304088
2.710000   3.322932
2.730000   3.341803
2.750000   3.360700
2.770000   3.379623
2.790000   3.398572
2.810000   3.417546
2.830000   3.436545
2.850000   3.455567
2.870000   3.474614
2.890000   3.493683
2.910000   3.512776
2.930000   3.531890
2.950000   3.551027
2.970000   3.570186
2.990000   3.589366
3.010000   3.608566
3.030000   3.627788
3.050000   3.647029
3.070000   3.666290
3.090000   3.685570
3.110000   3.704870
3.130000   3.724188
3.150000   3.743525
3.170000   3.762880
3.190000   3.782253
3.210000   3.801643
3.230000   3.821051
3.250000   3.840475
3.270000   3.859916
3.290000   3.879373
3.310000   3.898847
3.330000   3.918336
3.350000   3.937841
3.370000   3.957361
3.390000   3.976896
3.410000   3.996446
3.430000   4.016010
3.450000   4.035589
3.470000   4.055182
3.490000   4.074788
3.510000   4.094409
3.530000   4.114042
3.550000   4.133689
3.570000   4.153349
3.590000   4.173021
3.610000   4.192706
3.630000   4.212404
3.650000   4.232114
3.670000   4.251835
3.690000   4.271569
3.710000   4.291314
3.730000   4.311070
3.750000   4.330838
3.770000   4.350617
3.790000   4.370407
3.810000   4.390207
3.830000   4.410018
3.850000   4.429840
3.870000   4.449671
3.890000   4.469513
3.910000   4.489365
3.930000   4.509227
3.950000   4.529098
3.970000   4.548979
3.990000   4.568869
4.010000   4.588769
4.030000   4.608677
4.050000   4.628595
4.070000   4.648521
4.090000   4.668457
4.110000   4.688400
4.130000   4.708353
4.150000   4.728313
4.170000   4.748282
4.190000   4.768259
4.210000   4.788244
4.230000   4.808237
4.250000   4.828237
4.270000   4.848246
4.290000   4.868262
4.310000   4.888285
4.330000   4.908316
4.350000   4.928353
4.370000   4.948399
4.390000   4.968451
4.410000   4.988510
4.430000   5.008576
4.450000   5.028649
4.470000   5.048728
4.490000   5.068814
4.510000   5.088907
4.530000   5.109006
4.550000   5.129111
4.570000   5.149223
4.590000   5.169340
4.610000   5.189464
4.630000   5.209594
4.650000   5.229730
4.670000   5.249871
4.690000   5.270019
4.710000   5.290172
4.730000   5.310331
4.750000   5.330495
4.770000   5.350665
4.790000   5.370840
4.810000   5.391021
4.830000   5.411206
4.850000   5.431398
4.870000   5.451594
4.890000   5.471795
4.910000   5.492001
4.930000   5.512213
4.950000   5.532429
4.970000   5.552650
4.990000   5.572876
5.010000   5.593106
5.030000   5.613342
5.050000   5.633582
5.070000   5.653826
5.090000   5.674075
5.110000   5.694328
5.130000   5.714586
5.150000   5.734848
5.170000   5.755115
5.190000   5.775385
5.210000   5.795660
5.230000   5.815939
5.250000   5.836222
5.270000   5.856509
5.290000   5.876800
5.310000   5.897095
5.330000   5.917394
5.350000   5.937697
5.370000   5.958004
5.390000   5.978314
5.410000   5.998628
5.430000   6.018946
5.450000   6.039267
5.470000   6.059593
5.490000   6.079921
5.510000   6.100253
5.530000   6.120589
5.550000   6.140928
5.570000   6.161271
5.590000   6.181617
5.610000   6.201966
5.630000   6.222318
5.650000   6.242674
5.670000   6.263033
5.690000   6.283395
5.710000   6.303761
5.730000   6.324129
5.750000   6.344501
5.770000   6.364875
5.790000   6.385253
5.810000   6.405634
5.830000   6.426017
5.850000   6.446404
5.870000   6.466793
5.890000   6.487185
5.910000   6.507581
5.930000   6.527979
5.950000   6.548379
5.970000   6.568783
5.990000   6.589189
6.010000   6.609598
6.030000   6.630009
6.050000   6.650424
6.070000   6.670840
6.090000   6.691260
6.110000   6.711682
6.130000   6.732106
6.150000   6.752533
6.170000   6.772963
6.190000   6.793395
6.210000   6.813829
6.230000   6.834266
6.250000   6.854705
6.270000   6.875146
6.290000   6.895590
6.310000   6.916036
6.330000   6.936485
6.350000   6.956936
6.370000   6.977389
6.390000   6.997844
6.410000   7.018301
6.430000   7.038761
6.450000   7.059222
6.470000   7.079686
6.490000   7.100152
6.510000   7.120620
6.530000   7.141091
6.550000   7.161563
6.570000   7.182037
6.590000   7.202514
6.610000   7.222992
6.630000   7.243472
6.650000   7.263954
6.670000   7.284439
6.690000   7.304925
6.710000   7.325413
6.730000   7.345903
6.750000   7.366395
6.770000   7.386888
6.790000   7.407384
6.810000   7.427881
6.830000   7.448380
6.850000   7.468881
6.870000   7.489384
6.890000   7.509889
6.910000   7.530395
6.930000   7.550903
6.950000   7.571413
6.970000   7.591924
6.990000   7.612437
7.010000   7.632952
7.030000   7.653468
7.050000   7.673986
7.070000   7.694506
7.090000   7.715027
7.110000   7.735550
7.130000   7.756074
7.150000   7.776600
7.170000   7.797128
7.190000   7.817657
7.210000   7.838188
7.230000   7.858720
7.250000   7.879254
7.270000   7.899789
7.290000   7.920325
7.310000   7.940863
7.330000   7.961403
7.350000   7.981944
7.370000   8.002486
7.390000   8.023030
7.410000   8.043575
7.430000   8.064122
7.450000   8.084670
7.470000   8.105219
7.490000   8.125770
7.510000   8.146322
7.530000   8.166875
7.550000   8.187430
7.570000   8.207986
7.590000   8.228544
7.610000   8.249102
7.630000   8.269662
7.650000   8.290223
7.670000   8.310786
7.690000   8.331349
7.710000   8.351914
7.730000   8.372480
7.750000   8.393048
7.770000   8.413616
7.790000   8.434186
7.810000   8.454757
7.830000   8.475329
7.850000   8.495903
7.870000   8.516477
7.890000   8.537053
7.910000   8.557630
7.930000   8.578208
7.950000   8.598787
7.970000   8.619367
7.990000   8.639948
8.010000   8.660531
8.030000   8.681114
8.050000   8.701699
8.070000   8.722284
8.090000   8.742871
8.110000   8.763459
8.130000   8.784048
8.150000   8.804637
8.170000   8.825228
8.190000   8.845820
8.210000   8.866413
8.230000   8.887007
8.250000   8.907602
8.270000   8.928198
8.290000   8.948795
8.310000   8.969393
8.330000   8.989992
8.350000   9.010592
8.370000   9.031193
8.390000   9.051794
8.410000   9.072397
8.430000   9.093001
8.450000   9.113605
8.470000   9.134211
8.490000   9.154817
8.510000   9.175425
8.530000   9.196033
8.550000   9.216642
8.570000   9.237252
8.590000   9.257863
8.610000   9.278475
8.630000   9.299088
8.650000   9.319701
8.670000   9.340316
8.690000   9.360931
8.710000   9.381547
8.730000   9.402164
8.750000   9.422782
8.770000   9.443401
8.790000   9.464020
8.810000   9.484640
8.830000   9.505261
8.850000   9.525883
8.870000   9.546506
8.890000   9.567129
8.910000   9.587754
8.930000   9.608379
8.950000   9.629005
8.970000   9.649631
8.990000   9.670259
9.010000   9.690887
9.030000   9.711516
9.050000   9.732146
9.070000   9.752776
9.090000   9.773407
9.110000   9.794039
9.130000   9.814672
9.150000   9.835305
9.170000   9.855939
9.190000   9.876574
9.210000   9.897209
9.230000   9.917846
9.250000   9.938483
9.270000   9.959120
9.290000   9.979759
9.310000   10.000398
9.330000   10.021037
9.350000   10.041678
9.370000   10.062319
9.390000   10.082960
9.410000   10.103603
9.430000   10.124246
9.450000   10.144890
9.470000   10.165534
9.490000   10.186179
9.510000   10.206825
9.530000   10.227471
9.550000   10.248118
9.570000   10.268766
9.590000   10.289414
9.610000   10.310063
9.630000   10.330712
9.650000   10.351362
9.670000   10.372013
9.690000   10.392664
9.710000   10.413316
9.730000   10.433969
9.750000   10.454622
9.770000   10.475275
9.790000   10.495930
9.810000   10.516585
9.830000   10.537240
9.850000   10.557896
9.870000   10.578553
9.890000   10.599210
9.910000   10.619868
9.930000   10.640526
9.950000   10.661185
9.970000   10.681844
9.990000   10.702504
