0.010000   -0.000034
0.030000   -0.003585
0.050000   -0.011024
0.070000   -0.020285
0.090000   -0.030618
0.110000   -0.041694
0.130000   -0.053340
0.150000   -0.065458
0.170000   -0.077986
0.190000   -0.090882
0.210000   -0.104122
0.230000   -0.117687
0.250000   -0.131562
0.270000   -0.145737
0.290000   -0.160198
0.310000   -0.174931
0.330000   -0.189920
0.350000   -0.205146
0.370000   -0.220591
0.390000   -0.236232
0.410000   -0.252049
0.430000   -0.268018
0.450000   -0.284117
0.470000   -0.300326
0.490000   -0.316622
0.510000   -0.332985
0.530000   -0.349395
0.550000   -0.365835
0.570000   -0.382288
0.590000   -0.398736
0.610000   -0.415166
0.630000   -0.431563
0.650000   -0.447915
0.670000   -0.464210
0.690000   -0.480438
0.710000   -0.496589
0.730000   -0.512655
0.750000   -0.528626
0.770000   -0.544496
0.790000   -0.560259
0.810000   -0.575908
0.830000   -0.591439
0.850000   -0.606847
0.870000   -0.622127
0.890000   -0.637277
0.910000   -0.652292
0.930000   -0.667170
0.950000   -0.681909
0.970000   -0.696506
0.990000   -0.710960
1.010000   -0.725269
1.030000   -0.739432
1.050000   -0.753448
1.070000   -0.767317
1.090000   -0.781037
1.110000   -0.794608
1.130000   -0.808030
1.150000   -0.821304
1.170000   -0.834428
1.190000   -0.847404
1.210000   -0.860232
1.230000   -0.872912
1.250000   -0.885444
1.270000   -0.897830
1.290000   -0.910070
1.310000   -0.922165
1.330000   -0.934115
1.350000   -0.945922
1.370000   -0.957587
1.390000   -0.969110
1.410000   -0.980493
1.430000   -0.991737
1.450000   -1.002843
1.470000   -1.013813
1.490000   -1.024646
1.510000   -1.035346
1.530000   -1.045912
1.550000   -1.056347
1.570000   -1.066651
1.590000   -1.076826
1.610000   -1.086873
1.630000   -1.096793
1.650000   -1.106589
1.670000   -1.116261
1.690000   -1.125810
1.710000   -1.135238
1.730000   -1.144547
1.750000   -1.153737
1.770000   -1.162811
1.790000   -1.171769
1.810000   -1.180613
1.830000   -1.189344
1.850000   -1.197963
1.870000   -1.206472
1.890000   -1.214873
1.910000   -1.223166
1.930000   -1.231354
1.950000   -1.239436
1.970000   -1.247415
1.990000   -1.255292
2.010000   -1.263068
2.030000   -1.270745
2.050000   -1.278324
2.070000   -1.285805
2.090000   -1.293191
2.110000   -1.300482
2.130000   -1.307681
2.150000   -1.314787
2.170000   -1.321802
2.190000   -1.328728
2.210000   -1.335566
2.230000   -1.342317
2.250000   -1.348981
2.270000   -1.355561
2.290000   -1.362057
2.310000   -1.368470
2.330000   -1.374802
2.350000   -1.381054
2.370000   -1.387226
2.390000   -1.393321
2.410000   -1.399338
2.430000   -1.405279
2.450000   -1.411145
2.470000   -1.416937
2.490000   -1.422657
2.510000   -1.428304
2.530000   -1.433880
2.550000   -1.439387
2.570000   -1.444824
2.590000   -1.450194
2.610000   -1.455496
2.630000   -1.460733
2.650000   -1.465904
2.670000   -1.471010
2.690000   -1.476054
2.710000   -1.481034
2.730000   -1.485953
2.750000   -1.490812
2.770000   -1.495610
2.790000   -1.500349
2.810000   -1.505030
2.830000   -1.509653
2.850000   -1.514220
2.870000   -1.518731
2.890000   -1.523187
2.910000   -1.527588
2.930000   -1.531936
2.950000   -1.536231
2.970000   -1.540474
2.990000   -1.544665
3.010000   -1.548806
3.030000   -1.552897
3.050000   -1.556938
3.070000   -1.560931
3.090000   -1.564876
3.110000   -1.568774
3.130000   -1.572626
3.150000   -1.576431
3.170000   -1.580191
3.190000   -1.583907
3.210000   -1.587578
3.230000   -1.591207
3.250000   -1.594792
3.270000   -1.598335
3.290000   -1.601836
3.310000   -1.605297
3.330000   -1.608717
3.350000   -1.612096
3.370000   -1.615437
3.390000   -1.618739
3.410000   -1.622002
3.430000   -1.625228
3.450000   -1.628416
3.470000   -1.631568
3.490000   -1.634683
3.510000   -1.637763
3.530000   -1.640807
3.550000   -1.643817
3.570000   -1.646792
3.590000   -1.649733
3.610000   -1.652641
3.630000   -1.655516
3.650000   -1.658359
3.670000   -1.661170
3.690000   -1.663949
3.710000   -1.666697
3.730000   -1.669414
3.750000   -1.672100
3.770000   -1.674757
3.790000   -1.677385
3.810000   -1.679983
3.830000   -1.682552
3.850000   -1.685093
3.870000   -1.687606
3.890000   -1.690092
3.910000   -1.692550
3.930000   -1.694981
3.950000   -1.697386
3.970000   -1.699765
3.990000   -1.702118
4.010000   -1.704445
4.030000   -1.706747
4.050000   -1.709025
4.070000   -1.711278
4.090000   -1.713507
4.110000   -1.715712
4.130000   -1.717893
4.150000   -1.720051
4.170000   -1.722186
4.190000   -1.724299
4.210000   -1.726389
4.230000   -1.728458
4.250000   -1.730504
4.270000   -1.732529
4.290000   -1.734533
4.310000   -1.736516
4.330000   -1.738478
4.350000   -1.740420
4.370000   -1.742342
4.390000   -1.744244
4.410000   -1.746126
4.430000   -1.747989
4.450000   -1.749833
4.470000   -1.751658
4.490000   -1.753464
4.510000   -1.755252
4.530000   -1.757021
4.550000   -1.758773
4.570000   -1.760507
4.590000   -1.762224
4.610000   -1.763923
4.630000   -1.765605
4.650000   -1.767271
4.670000   -1.768919
4.690000   -1.770552
4.710000   -1.772168
4.730000   -1.773768
4.750000   -1.775352
4.770000   -1.776921
4.790000   -1.778474
4.810000   -1.780012
4.830000   -1.781534
4.850000   -1.783042
4.870000   -1.784536
4.890000   -1.786014
4.910000   -1.787479
4.930000   -1.788929
4.950000   -1.790365
4.970000   -1.791788
4.990000   -1.793196
5.010000   -1.794592
5.030000   -1.795973
5.050000   -1.797342
5.070000   -1.798698
5.090000   -1.800041
5.110000   -1.801371
5.130000   -1.802689
5.150000   -1.803994
5.170000   -1.805287
5.190000   -1.806568
5.210000   -1.807836
5.230000   -1.809093
5.250000   -1.810339
5.270000   -1.811573
5.290000   -1.812795
5.310000   -1.814006
5.330000   -1.815206
5.350000   -1.816395
5.370000   -1.817573
5.390000   -1.818740
5.410000   -1.819897
5.430000   -1.821043
5.450000   -1.822178
5.470000   -1.823304
5.490000   -1.824419
5.510000   -1.825524
5.530000   -1.826619
5.550000   -1.827705
5.570000   -1.828780
5.590000   -1.829846
5.610000   -1.830903
5.630000   -1.831950
5.650000   -1.832988
5.670000   -1.834017
5.690000   -1.835036
5.710000   -1.836047
5.730000   -1.837049
5.750000   -1.838042
5.770000   -1.839027
5.790000   -1.840002
5.810000   -1.840970
5.830000   -1.841929
5.850000   -1.842879
5.870000   -1.843822
5.890000   -1.844756
5.910000   -1.845682
5.930000   -1.846601
5.950000   -1.847511
5.970000   -1.848414
5.990000   -1.849309
6.010000   -1.850197
6.030000   -1.851077
6.050000   -1.851949
6.070000   -1.852814
6.090000   -1.853672
6.110000   -1.854523
6.130000   -1.855366
6.150000   -1.856203
6.170000   -1.857033
6.190000   -1.857855
6.210000   -1.858671
6.230000   -1.859480
6.250000   -1.860283
6.270000   -1.861079
6.290000   -1.861868
6.310000   -1.862651
6.330000   -1.863427
6.350000   -1.864197
6.370000   -1.864961
6.390000   -1.865719
6.410000   -1.866470
6.430000   -1.867215
6.450000   -1.867955
6.470000   -1.868688
6.490000   -1.869416
6.510000   -1.870138
6.530000   -1.870854
6.550000   -1.871564
6.570000   -1.872268
6.590000   -1.872968
6.610000   -1.873661
6.630000   -1.874349
6.650000   -1.875032
6.670000   -1.875709
6.690000   -1.876381
6.710000   -1.877047
6.730000   -1.877709
6.750000   -1.878365
6.770000   -1.879016
6.790000   -1.879662
6.810000   -1.880304
6.830000   -1.880940
6.850000   -1.881571
6.870000   -1.882197
6.890000   -1.882819
6.910000   -1.883436
6.930000   -1.884048
6.950000   -1.884656
6.970000   -1.885258
6.990000   -1.885857
7.010000   -1.886450
7.030000   -1.887040
7.050000   -1.887625
7.070000   -1.888205
7.090000   -1.888781
7.110000   -1.889353
7.130000   -1.889920
7.150000   -1.890484
7.170000   -1.891043
7.190000   -1.891598
7.210000   -1.892148
7.230000   -1.892695
7.250000   -1.893238
7.270000   -1.893777
7.290000   -1.894311
7.310000   -1.894842
7.330000   -1.895369
7.350000   -1.895892
7.370000   -1.896412
7.390000   -1.896927
7.410000   -1.897439
7.430000   -1.897947
7.450000   -1.898451
7.470000   -1.898952
7.490000   -1.899449
7.510000   -1.899943
7.530000   -1.900433
7.550000   -1.900920
7.570000   -1.901403
7.590000   -1.901883
7.610000   -1.902359
7.630000   -1.902832
7.650000   -1.903302
7.670000   -1.903768
7.690000   -1.904231
7.710000   -1.904691
7.730000   -1.905147
7.750000   -1.905600
7.770000   -1.906051
7.790000   -1.906498
7.810000   -1.906942
7.830000   -1.907382
7.850000   -1.907820
7.870000   -1.908255
7.890000   -1.908687
7.910000   -1.909116
7.930000   -1.909542
7.950000   -1.909964
7.970000   -1.910385
7.990000   -1.910802
8.010000   -1.911216
8.030000   -1.911628
8.050000   -1.912036
8.070000   -1.912442
8.090000   -1.912846
8.110000   -1.913246
8.130000   -1.913644
8.150000   -1.914039
8.170000   -1.914432
8.190000   -1.914822
8.210000   -1.915209
8.230000   -1.915594
8.250000   -1.915976
8.270000   -1.916356
8.290000   -1.916733
8.310000   -1.917107
8.330000   -1.917480
8.350000   -1.917849
8.370000   -1.918217
8.390000   -1.918581
8.410000   -1.918944
8.430000   -1.919304
8.450000   -1.919662
8.470000   -1.920017
8.490000   -1.920371
8.510000   -1.920721
8.530000   -1.921070
8.550000   -1.921416
8.570000   -1.921761
8.590000   -1.922103
8.610000   -1.922442
8.630000   -1.922780
8.650000   -1.923115
8.670000   -1.923449
8.690000   -1.923780
8.710000   -1.924109
8.730000   -1.924436
8.750000   -1.924761
8.770000   -1.925084
8.790000   -1.925404
8.810000   -1.925723
8.830000   -1.926040
8.850000   -1.926355
8.870000   -1.926668
8.890000   -1.926979
8.910000   -1.927288
8.930000   -1.927595
8.950000   -1.927900
8.970000   -1.928203
8.990000   -1.928504
9.010000   -1.928804
9.030000   -1.929102
9.050000   -1.929397
9.070000   -1.929691
9.090000   -1.929984
9.110000   -1.930274
9.130000   -1.930563
9.150000   -1.930850
9.170000   -1.931135
9.190000   -1.931418
9.210000   -1.931700
9.230000   -1.931980
9.250000   -1.932259
9.270000   -1.932535
9.290000   -1.932810
9.310000   -1.933084
9.330000   -1.933355
9.350000   -1.933625
9.370000   -1.933894
9.390000   -1.934161
9.410000   -1.934426
9.430000   -1.934690
9.450000   -1.934952
9.470000   -1.935213
9.490000   -1.935472
9.510000   -1.935729
9.530000   -1.935985
9.550000   -1.936240
9.570000   -1.936493
9.590000   -1.936745
9.610000   -1.936995
9.630000   -1.937243
9.650000   -1.937491
9.670000   -1.937736
9.690000   -1.937981
9.710000   -1.938224
9.730000   -1.938465
9.750000   -1.938705
9.770000   -1.938944
9.790000   -1.939182
9.810000   -1.939418
9.830000   -1.939652
9.850000   -1.939886
9.870000   -1.940118
9.890000   -1.940348
9.910000   -1.940578
9.930000   -1.940806
9.950000   -1.941033
9.970000   -1.941258
9.990000   -1.941482
