0.010000   1.000641
0.020000   1.000682
0.030000   1.000796
0.040000   1.000953
0.050000   1.001138
0.060000   1.001342
0.070000   1.001563
0.080000   1.001799
0.090000   1.002049
0.100000   1.002311
0.110000   1.002586
0.120000   1.002872
0.130000   1.003170
0.140000   1.003480
0.150000   1.003800
0.160000   1.004132
0.170000   1.004474
0.180000   1.004826
0.190000   1.005189
0.200000   1.005562
0.210000   1.005946
0.220000   1.006340
0.230000   1.006744
0.240000   1.007158
0.250000   1.007582
0.260000   1.008016
0.270000   1.008460
0.280000   1.008915
0.290000   1.009379
0.300000   1.009854
0.310000   1.010338
0.320000   1.010833
0.330000   1.011338
0.340000   1.011852
0.350000   1.012377
0.360000   1.012912
0.370000   1.013458
0.380000   1.014013
0.390000   1.014578
0.400000   1.015154
0.410000   1.015740
0.420000   1.016336
0.430000   1.016942
0.440000   1.017558
0.450000   1.018185
0.460000   1.018822
0.470000   1.019469
0.480000   1.020126
0.490000   1.020794
0.500000   1.021472
0.510000   1.022160
0.520000   1.022858
0.530000   1.023567
0.540000   1.024286
0.550000   1.025015
0.560000   1.025755
0.570000   1.026504
0.580000   1.027264
0.590000   1.028034
0.600000   1.028815
0.610000   1.029605
0.620000   1.030406
0.630000   1.031217
0.640000   1.032038
0.650000   1.032870
0.660000   1.033711
0.670000   1.034563
0.680000   1.035425
0.690000   1.036297
0.700000   1.037179
0.710000   1.038071
0.720000   1.038973
0.730000   1.039886
0.740000   1.040808
0.750000   1.041741
0.760000   1.042683
0.770000   1.043636
0.780000   1.044598
0.790000   1.045571
0.800000   1.046553
0.810000   1.047545
0.820000   1.048548
0.830000   1.049560
0.840000   1.050582
0.850000   1.051614
0.860000   1.052655
0.870000   1.053707
0.880000   1.054768
0.890000   1.055839
0.900000   1.056920
0.910000   1.058010
0.920000   1.059110
0.930000   1.060220
0.940000   1.061339
0.950000   1.062468
0.960000   1.063607
0.970000   1.064755
0.980000   1.065913
0.990000   1.067080
1.000000   1.068257
1.010000   1.069443
1.020000   1.070638
1.030000   1.071843
1.040000   1.073058
1.050000   1.074282
1.060000   1.075515
1.070000   1.076757
1.080000   1.078008
1.090000   1.079269
1.100000   1.080539
1.110000   1.081819
1.120000   1.083107
1.130000   1.084405
1.140000   1.085711
1.150000   1.087027
1.160000   1.088352
1.170000   1.089685
1.180000   1.091028
1.190000   1.092380
1.200000   1.093740
1.210000   1.095110
1.220000   1.096488
1.230000   1.097875
1.240000   1.099271
1.250000   1.100676
1.260000   1.102089
1.270000   1.103512
1.280000   1.104943
1.290000   1.106382
1.300000   1.107830
1.310000   1.109287
1.320000   1.110752
1.330000   1.112226
1.340000   1.113709
1.350000   1.115199
1.360000   1.116699
1.370000   1.118206
1.380000   1.119722
1.390000   1.121247
1.400000   1.122779
1.410000   1.124320
1.420000   1.125870
1.430000   1.127427
1.440000   1.128993
1.450000   1.130567
1.460000   1.132149
1.470000   1.133739
1.480000   1.135337
1.490000   1.136943
1.500000   1.138557
1.510000   1.140179
1.520000   1.141809
1.530000   1.143447
1.540000   1.145093
1.550000   1.146746
1.560000   1.148408
1.570000   1.150077
1.580000   1.151754
1.590000   1.153439
1.600000   1.155131
1.610000   1.156831
1.620000   1.158539
1.630000   1.160254
1.640000   1.161977
1.650000   1.163707
1.660000   1.165445
1.670000   1.167190
1.680000   1.168943
1.690000   1.170703
1.700000   1.172471
1.710000   1.174245
1.720000   1.176028
1.730000   1.177817
1.740000   1.179614
1.750000   1.181417
1.760000   1.183229
1.770000   1.185047
1.780000   1.186872
1.790000   1.188705
1.800000   1.190544
1.810000   1.192391
1.820000   1.194244
1.830000   1.196105
1.840000   1.197972
1.850000   1.199846
1.860000   1.201727
1.870000   1.203616
1.880000   1.205510
1.890000   1.207412
1.900000   1.209320
1.910000   1.211236
1.920000   1.213157
1.930000   1.215086
1.940000   1.217021
1.950000   1.218963
1.960000   1.220911
1.970000   1.222866
1.980000   1.224827
1.990000   1.226795
2.000000   1.228769
2.010000   1.230750
2.020000   1.232737
2.030000   1.234730
2.040000   1.236730
2.050000   1.238736
2.060000   1.240749
2.070000   1.242767
2.080000   1.244792
2.090000   1.246823
2.100000   1.248860
2.110000   1.250904
2.120000   1.252953
2.130000   1.255009
2.140000   1.257070
2.150000   1.259138
2.160000   1.261211
2.170000   1.263291
2.180000   1.265376
2.190000   1.267468
2.200000   1.269565
2.210000   1.271668
2.220000   1.273777
2.230000   1.275892
2.240000   1.278012
2.250000   1.280138
2.260000   1.282270
2.270000   1.284408
2.280000   1.286551
2.290000   1.288700
2.300000   1.290854
2.310000   1.293014
2.320000   1.295180
2.330000   1.297351
2.340000   1.299528
2.350000   1.301710
2.360000   1.303897
2.370000   1.306090
2.380000   1.308289
2.390000   1.310492
2.400000   1.312701
2.410000   1.314916
2.420000   1.317135
2.430000   1.319360
2.440000   1.321590
2.450000   1.323826
2.460000   1.326066
2.470000   1.328312
2.480000   1.330563
2.490000   1.332819
2.500000   1.335080
2.510000   1.337346
2.520000   1.339617
2.530000   1.341893
2.540000   1.344174
2.550000   1.346460
2.560000   1.348751
2.570000   1.351047
2.580000   1.353348
2.590000   1.355653
2.600000   1.357964
2.610000   1.360279
2.620000   1.362599
2.630000   1.364924
2.640000   1.367253
2.650000   1.369588
2.660000   1.371927
2.670000   1.374270
2.680000   1.376619
2.690000   1.378972
2.700000   1.381329
2.710000   1.383691
2.720000   1.386058
2.730000   1.388429
2.740000   1.390805
2.750000   1.393185
2.760000   1.395570
2.770000   1.397959
2.780000   1.400353
2.790000   1.402750
2.800000   1.405153
2.810000   1.407560
2.820000   1.409971
2.830000   1.412386
2.840000   1.414806
2.850000   1.417229
2.860000   1.419658
2.870000   1.422090
2.880000   1.424527
2.890000   1.426967
2.900000   1.429412
2.910000   1.431861
2.920000   1.434315
2.930000   1.436772
2.940000   1.439233
2.950000   1.441699
2.960000   1.444168
2.970000   1.446642
2.980000   1.449119
2.990000   1.451601
3.000000   1.454086
3.010000   1.456576
3.020000   1.459069
3.030000   1.461567
3.040000   1.464068
3.050000   1.466573
3.060000   1.469082
3.070000   1.471594
3.080000   1.474111
3.090000   1.476631
3.100000   1.479155
3.110000   1.481683
3.120000   1.484214
3.130000   1.486750
3.140000   1.489289
3.150000   1.491831
3.160000   1.494377
3.170000   1.496927
3.180000   1.499481
3.190000   1.502038
3.200000   1.504599
3.210000   1.507163
3.220000   1.509731
3.230000   1.512302
3.240000   1.514877
3.250000   1.517455
3.260000   1.520037
3.270000   1.522623
3.280000   1.525211
3.290000   1.527804
3.300000   1.530399
3.310000   1.532998
3.320000   1.535601
3.330000   1.538206
3.340000   1.540815
3.350000   1.543428
3.360000   1.546044
3.370000   1.548663
3.380000   1.551285
3.390000   1.553910
3.400000   1.556539
3.410000   1.559171
3.420000   1.561806
3.430000   1.564445
3.440000   1.567087
3.450000   1.569731
3.460000   1.572379
3.470000   1.575030
3.480000   1.577685
3.490000   1.580342
3.500000   1.583002
3.510000   1.585666
3.520000   1.588332
3.530000   1.591002
3.540000   1.593674
3.550000   1.596350
3.560000   1.599028
3.570000   1.601710
3.580000   1.604395
3.590000   1.607082
3.600000   1.609773
3.610000   1.612466
3.620000   1.615162
3.630000   1.617861
3.640000   1.620563
3.650000   1.623268
3.660000   1.625976
3.670000   1.628687
3.680000   1.631400
3.690000   1.634116
3.700000   1.636835
3.710000   1.639557
3.720000   1.642282
3.730000   1.645009
3.740000   1.647739
3.750000   1.650472
3.760000   1.653208
3.770000   1.655946
3.780000   1.658687
3.790000   1.661431
3.800000   1.664177
3.810000   1.666926
3.820000   1.669677
3.830000   1.672432
3.840000   1.675188
3.850000   1.677948
3.860000   1.680710
3.870000   1.683474
3.880000   1.686242
3.890000   1.689011
3.900000   1.691783
3.910000   1.694558
3.920000   1.697336
3.930000   1.700115
3.940000   1.702898
3.950000   1.705682
3.960000   1.708470
3.970000   1.711259
3.980000   1.714051
3.990000   1.716846
4.000000   1.719643
4.010000   1.722442
4.020000   1.725244
4.030000   1.728048
4.040000   1.730855
4.050000   1.733663
4.060000   1.736475
4.070000   1.739288
4.080000   1.742104
4.090000   1.744922
4.100000   1.747743
4.110000   1.750566
4.120000   1.753391
4.130000   1.756218
4.140000   1.759048
4.150000   1.761880
4.160000   1.764714
4.170000   1.767550
4.180000   1.770389
4.190000   1.773230
4.200000   1.776072
4.210000   1.778918
4.220000   1.781765
4.230000   1.784615
4.240000   1.787466
4.250000   1.790320
4.260000   1.793176
4.270000   1.796034
4.280000   1.798894
4.290000   1.801757
4.300000   1.804621
4.310000   1.807487
4.320000   1.810356
4.330000   1.813227
4.340000   1.816099
4.350000   1.818974
4.360000   1.821851
4.370000   1.824730
4.380000   1.827610
4.390000   1.830493
4.400000   1.833378
4.410000   1.836265
4.420000   1.839154
4.430000   1.842045
4.440000   1.844937
4.450000   1.847832
4.460000   1.850729
4.470000   1.853627
4.480000   1.856528
4.490000   1.859430
4.500000   1.862335
4.510000   1.865241
4.520000   1.868149
4.530000   1.871059
4.540000   1.873971
4.550000   1.876885
4.560000   1.879800
4.570000   1.882718
4.580000   1.885637
4.590000   1.888558
4.600000   1.891481
4.610000   1.894406
4.620000   1.897332
4.630000   1.900261
4.640000   1.903191
4.650000   1.906123
4.660000   1.909057
4.670000   1.911992
4.680000   1.914930
4.690000   1.917869
4.700000   1.920809
4.710000   1.923752
4.720000   1.926696
4.730000   1.929642
4.740000   1.932590
4.750000   1.935539
4.760000   1.938490
4.770000   1.941443
4.780000   1.944397
4.790000   1.947353
4.800000   1.950311
4.810000   1.953270
4.820000   1.956231
4.830000   1.959194
4.840000   1.962159
4.850000   1.965125
4.860000   1.968092
4.870000   1.971061
4.880000   1.974032
4.890000   1.977005
4.900000   1.979979
4.910000   1.982954
4.920000   1.985931
4.930000   1.988910
4.940000   1.991890
4.950000   1.994872
4.960000   1.997856
4.970000   2.000841
4.980000   2.003827
4.990000   2.006815
