0.010000   0.800496
0.030000   0.800627
0.050000   0.800884
0.070000   0.801203
0.090000   0.801571
0.110000   0.801983
0.130000   0.802433
0.150000   0.802920
0.170000   0.803442
0.190000   0.803997
0.210000   0.804585
0.230000   0.805205
0.250000   0.805857
0.270000   0.806540
0.290000   0.807256
0.310000   0.808002
0.330000   0.808780
0.350000   0.809590
0.370000   0.810432
0.390000   0.811306
0.410000   0.812211
0.430000   0.813149
0.450000   0.814119
0.470000   0.815121
0.490000   0.816155
0.510000   0.817222
0.530000   0.818321
0.550000   0.819452
0.570000   0.820616
0.590000   0.821812
0.610000   0.823041
0.630000   0.824302
0.650000   0.825595
0.670000   0.826921
0.690000   0.828278
0.710000   0.829668
0.730000   0.831090
0.750000   0.832544
0.770000   0.834030
0.790000   0.835547
0.810000   0.837097
0.830000   0.838678
0.850000   0.840290
0.870000   0.841933
0.890000   0.843608
0.910000   0.845314
0.930000   0.847051
0.950000   0.848819
0.970000   0.850617
0.990000   0.852446
1.010000   0.854305
1.030000   0.856195
1.050000   0.858114
1.070000   0.860064
1.090000   0.862043
1.110000   0.864052
1.130000   0.866090
1.150000   0.868157
1.170000   0.870254
1.190000   0.872379
1.210000   0.874533
1.230000   0.876716
1.250000   0.878927
1.270000   0.881166
1.290000   0.883433
1.310000   0.885728
1.330000   0.888051
1.350000   0.890401
1.370000   0.892778
1.390000   0.895182
1.410000   0.897614
1.430000   0.900071
1.450000   0.902556
1.470000   0.905066
1.490000   0.907603
1.510000   0.910166
1.530000   0.912754
1.550000   0.915368
1.570000   0.918007
1.590000   0.920671
1.610000   0.923360
1.630000   0.926074
1.650000   0.928812
1.670000   0.931574
1.690000   0.934361
1.710000   0.937172
1.730000   0.940006
1.750000   0.942864
1.770000   0.945745
1.790000   0.948649
1.810000   0.951576
1.830000   0.954526
1.850000   0.957499
1.870000   0.960493
1.890000   0.963510
1.910000   0.966549
1.930000   0.969610
1.950000   0.972692
1.970000   0.975795
1.990000   0.978920
2.010000   0.982066
2.030000   0.985232
2.050000   0.988419
2.070000   0.991627
2.090000   0.994855
2.110000   0.998102
2.130000   1.001370
2.150000   1.004657
2.170000   1.007964
2.190000   1.011290
2.210000   1.014635
2.230000   1.018000
2.250000   1.021383
2.270000   1.024784
2.290000   1.028204
2.310000   1.031642
2.330000   1.035098
2.350000   1.038573
2.370000   1.042064
2.390000   1.045574
2.410000   1.049100
2.430000   1.052644
2.450000   1.056205
2.470000   1.059783
2.490000   1.063378
2.510000   1.066989
2.530000   1.070616
2.550000   1.074260
2.570000   1.077920
2.590000   1.081595
2.610000   1.085287
2.630000   1.088994
2.650000   1.092716
2.670000   1.096454
2.690000   1.100207
2.710000   1.103975
2.730000   1.107757
2.750000   1.111555
2.770000   1.115367
2.790000   1.119193
2.810000   1.123033
2.830000   1.126888
2.850000   1.130756
2.870000   1.134639
2.890000   1.138535
2.910000   1.142444
2.930000   1.146368
2.950000   1.150304
2.970000   1.154253
2.990000   1.158216
3.010000   1.162191
3.030000   1.166179
3.050000   1.170180
3.070000   1.174193
3.090000   1.178219
3.110000   1.182257
3.130000   1.186306
3.150000   1.190368
3.170000   1.194442
3.190000   1.198528
3.210000   1.202625
3.230000   1.206734
3.250000   1.210854
3.270000   1.214986
3.290000   1.219128
3.310000   1.223282
3.330000   1.227447
3.350000   1.231622
3.370000   1.235808
3.390000   1.240005
3.410000   1.244213
3.430000   1.248431
3.450000   1.252659
3.470000   1.256897
3.490000   1.261146
3.510000   1.265404
3.530000   1.269673
3.550000   1.273951
3.570000   1.278239
3.590000   1.282536
3.610000   1.286844
3.630000   1.291160
3.650000   1.295486
3.670000   1.299821
3.690000   1.304165
3.710000   1.308519
3.730000   1.312881
3.750000   1.317252
3.770000   1.321632
3.790000   1.326021
3.810000   1.330418
3.830000   1.334824
3.850000   1.339238
3.870000   1.343661
3.890000   1.348092
3.910000   1.352531
3.930000   1.356979
3.950000   1.361434
3.970000   1.365897
3.990000   1.370369
4.010000   1.374848
4.030000   1.379334
4.050000   1.383829
4.070000   1.388331
4.090000   1.392841
4.110000   1.397358
4.130000   1.401882
4.150000   1.406414
4.170000   1.410953
4.190000   1.415499
4.210000   1.420052
4.230000   1.424612
4.250000   1.429180
4.270000   1.433754
4.290000   1.438335
4.310000   1.442922
4.330000   1.447517
4.350000   1.452118
4.370000   1.456725
4.390000   1.461340
4.410000   1.465960
4.430000   1.470587
4.450000   1.475220
4.470000   1.479860
4.490000   1.484506
4.510000   1.489158
4.530000   1.493816
4.550000   1.498480
4.570000   1.503150
4.590000   1.507826
4.610000   1.512508
4.630000   1.517196
4.650000   1.521889
4.670000   1.526588
4.690000   1.531293
4.710000   1.536004
4.730000   1.540720
4.750000   1.545441
4.770000   1.550168
4.790000   1.554901
4.810000   1.559639
4.830000   1.564382
4.850000   1.569130
4.870000   1.573884
4.890000   1.578642
4.910000   1.583406
4.930000   1.588175
4.950000   1.592949
4.970000   1.597728
4.990000   1.602512
5.010000   1.607301
5.030000   1.612094
5.050000   1.616893
5.070000   1.621696
5.090000   1.626504
5.110000   1.631316
5.130000   1.636134
5.150000   1.640956
5.170000   1.645782
5.190000   1.650613
5.210000   1.655448
5.230000   1.660288
5.250000   1.665132
5.270000   1.669981
5.290000   1.674834
5.310000   1.679691
5.330000   1.684553
5.350000   1.689418
5.370000   1.694288
5.390000   1.699162
5.410000   1.704041
5.430000   1.708923
5.450000   1.713809
5.470000   1.718699
5.490000   1.723594
5.510000   1.728492
5.530000   1.733394
5.550000   1.738300
5.570000   1.743210
5.590000   1.748123
5.610000   1.753040
5.630000   1.757962
5.650000   1.762886
5.670000   1.767815
5.690000   1.772747
5.710000   1.777683
5.730000   1.782622
5.750000   1.787565
5.770000   1.792511
5.790000   1.797461
5.810000   1.802415
5.830000   1.807371
5.850000   1.812332
5.870000   1.817295
5.890000   1.822262
5.910000   1.827233
5.930000   1.832206
5.950000   1.837183
5.970000   1.842163
5.990000   1.847147
6.010000   1.852133
6.030000   1.857123
6.050000   1.862116
6.070000   1.867112
6.090000   1.872111
6.110000   1.877113
6.130000   1.882118
6.150000   1.887127
6.170000   1.892138
6.190000   1.897152
6.210000   1.902169
6.230000   1.907189
6.250000   1.912212
6.270000   1.917238
6.290000   1.922267
6.310000   1.927299
6.330000   1.932333
6.350000   1.937370
6.370000   1.942410
6.390000   1.947453
6.410000   1.952498
6.430000   1.957546
6.450000   1.962597
6.470000   1.967651
6.490000   1.972707
6.510000   1.977766
6.530000   1.982827
6.550000   1.987891
6.570000   1.992957
6.590000   1.998027
6.610000   2.003098
6.630000   2.008172
6.650000   2.013249
6.670000   2.018328
6.690000   2.023409
6.710000   2.028493
6.730000   2.033580
6.750000   2.038668
6.770000   2.043760
6.790000   2.048853
6.810000   2.053949
6.830000   2.059047
6.850000   2.064147
6.870000   2.069250
6.890000   2.074355
6.910000   2.079463
6.930000   2.084572
6.950000   2.089684
6.970000   2.094798
6.990000   2.099914
7.010000   2.105032
7.030000   2.110153
7.050000   2.115275
7.070000   2.120400
7.090000   2.125527
7.110000   2.130656
7.130000   2.135787
7.150000   2.140920
7.170000   2.146055
7.190000   2.151192
7.210000   2.156332
7.230000   2.161473
7.250000   2.166616
7.270000   2.171761
7.290000   2.176909
7.310000   2.182058
7.330000   2.187209
7.350000   2.192362
7.370000   2.197517
7.390000   2.202674
7.410000   2.207832
7.430000   2.212993
7.450000   2.218155
7.470000   2.223319
7.490000   2.228486
7.510000   2.233654
7.530000   2.238823
7.550000   2.243995
7.570000   2.249168
7.590000   2.254343
7.610000   2.259520
7.630000   2.264699
7.650000   2.269879
7.670000   2.275061
7.690000   2.280245
7.710000   2.285430
7.730000   2.290617
7.750000   2.295806
7.770000   2.300997
7.790000   2.306189
7.810000   2.311382
7.830000   2.316578
7.850000   2.321775
7.870000   2.326974
7.890000   2.332174
7.910000   2.337376
7.930000   2.342579
7.950000   2.347784
7.970000   2.352990
7.990000   2.358198
8.010000   2.363408
8.030000   2.368619
8.050000   2.373832
8.070000   2.379046
8.090000   2.384262
8.110000   2.389479
8.130000   2.394697
8.150000   2.399917
8.170000   2.405139
8.190000   2.410362
8.210000   2.415586
8.230000   2.420812
8.250000   2.426039
8.270000   2.431268
8.290000   2.436498
8.310000   2.441730
8.330000   2.446962
8.350000   2.452197
8.370000   2.457432
8.390000   2.462669
8.410000   2.467908
8.430000   2.473147
8.450000   2.478388
8.470000   2.483630
8.490000   2.488874
8.510000   2.494119
8.530000   2.499365
8.550000   2.504613
8.570000   2.509861
8.590000   2.515111
8.610000   2.520363
8.630000   2.525615
8.650000   2.530869
8.670000   2.536124
8.690000   2.541380
8.710000   2.546638
8.730000   2.551897
8.750000   2.557157
8.770000   2.562418
8.790000   2.567680
8.810000   2.572944
8.830000   2.578208
8.850000   2.583474
8.870000   2.588741
8.890000   2.594010
8.910000   2.599279
8.930000   2.604550
8.950000   2.609821
8.970000   2.615094
8.990000   2.620368
9.010000   2.625643
9.030000   2.630919
9.050000   2.636196
9.070000   2.641475
9.090000   2.646754
9.110000   2.652035
9.130000   2.657316
9.150000   2.662599
9.170000   2.667883
9.190000   2.673168
9.210000   2.678454
9.230000   2.683740
9.250000   2.689028
9.270000   2.694317
9.290000   2.699607
9.310000   2.704898
9.330000   2.710191
9.350000   2.715484
9.370000   2.720778
9.390000   2.726073
9.410000   2.731369
9.430000   2.736666
9.450000   2.741964
9.470000   2.747263
9.490000   2.752563
9.510000   2.757864
9.530000   2.763166
9.550000   2.768469
9.570000   2.773773
9.590000   2.779077
9.610000   2.784383
9.630000   2.789690
9.650000   2.794997
9.670000   2.800306
9.690000   2.805615
9.710000   2.810925
9.730000   2.816237
9.750000   2.821549
9.770000   2.826862
9.790000   2.832176
9.810000   2.837490
9.830000   2.842806
9.850000   2.848123
9.870000   2.853440
9.890000   2.858758
9.910000   2.864077
9.930000   2.869397
9.950000   2.874718
9.970000   2.880040
9.990000   2.885363
