0.010000   1.000620
0.030000   1.000784
0.050000   1.001105
0.070000   1.001504
0.090000   1.001964
0.110000   1.002479
0.130000   1.003042
0.150000   1.003650
0.170000   1.004303
0.190000   1.004997
0.210000   1.005731
0.230000   1.006506
0.250000   1.007321
0.270000   1.008176
0.290000   1.009069
0.310000   1.010003
0.330000   1.010975
0.350000   1.011988
0.370000   1.013040
0.390000   1.014132
0.410000   1.015264
0.430000   1.016436
0.450000   1.017648
0.470000   1.018901
0.490000   1.020194
0.510000   1.021527
0.530000   1.022901
0.550000   1.024315
0.570000   1.025770
0.590000   1.027265
0.610000   1.028801
0.630000   1.030377
0.650000   1.031994
0.670000   1.033651
0.690000   1.035348
0.710000   1.037085
0.730000   1.038863
0.750000   1.040680
0.770000   1.042537
0.790000   1.044434
0.810000   1.046371
0.830000   1.048347
0.850000   1.050362
0.870000   1.052417
0.890000   1.054510
0.910000   1.056643
0.930000   1.058814
0.950000   1.061023
0.970000   1.063271
0.990000   1.065557
1.010000   1.067882
1.030000   1.070243
1.050000   1.072643
1.070000   1.075080
1.090000   1.077554
1.110000   1.080065
1.130000   1.082612
1.150000   1.085197
1.170000   1.087817
1.190000   1.090474
1.210000   1.093167
1.230000   1.095895
1.250000   1.098659
1.270000   1.101458
1.290000   1.104292
1.310000   1.107160
1.330000   1.110064
1.350000   1.113001
1.370000   1.115973
1.390000   1.118978
1.410000   1.122017
1.430000   1.125089
1.450000   1.128195
1.470000   1.131333
1.490000   1.134504
1.510000   1.137707
1.530000   1.140942
1.550000   1.144209
1.570000   1.147508
1.590000   1.150838
1.610000   1.154200
1.630000   1.157592
1.650000   1.161015
1.670000   1.164468
1.690000   1.167951
1.710000   1.171464
1.730000   1.175007
1.750000   1.178580
1.770000   1.182181
1.790000   1.185811
1.810000   1.189470
1.830000   1.193158
1.850000   1.196873
1.870000   1.200617
1.890000   1.204388
1.910000   1.208186
1.930000   1.212012
1.950000   1.215865
1.970000   1.219744
1.990000   1.223650
2.010000   1.227582
2.030000   1.231540
2.050000   1.235524
2.070000   1.239534
2.090000   1.243568
2.110000   1.247628
2.130000   1.251712
2.150000   1.255822
2.170000   1.259955
2.190000   1.264113
2.210000   1.268294
2.230000   1.272499
2.250000   1.276728
2.270000   1.280980
2.290000   1.285255
2.310000   1.289553
2.330000   1.293873
2.350000   1.298216
2.370000   1.302580
2.390000   1.306967
2.410000   1.311376
2.430000   1.315805
2.450000   1.320257
2.470000   1.324729
2.490000   1.329222
2.510000   1.333736
2.530000   1.338270
2.550000   1.342825
2.570000   1.347400
2.590000   1.351994
2.610000   1.356609
2.630000   1.361242
2.650000   1.365895
2.670000   1.370568
2.690000   1.375259
2.710000   1.379968
2.730000   1.384697
2.750000   1.389443
2.770000   1.394208
2.790000   1.398991
2.810000   1.403792
2.830000   1.408610
2.850000   1.413446
2.870000   1.418299
2.890000   1.423169
2.910000   1.428056
2.930000   1.432959
2.950000   1.437880
2.970000   1.442817
2.990000   1.447770
3.010000   1.452739
3.030000   1.457724
3.050000   1.462725
3.070000   1.467741
3.090000   1.472773
3.110000   1.477821
3.130000   1.482883
3.150000   1.487961
3.170000   1.493053
3.190000   1.498160
3.210000   1.503281
3.230000   1.508417
3.250000   1.513568
3.270000   1.518732
3.290000   1.523910
3.310000   1.529102
3.330000   1.534308
3.350000   1.539528
3.370000   1.544761
3.390000   1.550007
3.410000   1.555266
3.430000   1.560538
3.450000   1.565824
3.470000   1.571122
3.490000   1.576432
3.510000   1.581755
3.530000   1.587091
3.550000   1.592439
3.570000   1.597799
3.590000   1.603171
3.610000   1.608554
3.630000   1.613950
3.650000   1.619358
3.670000   1.624776
3.690000   1.630207
3.710000   1.635648
3.730000   1.641101
3.750000   1.646565
3.770000   1.652040
3.790000   1.657526
3.810000   1.663023
3.830000   1.668530
3.850000   1.674048
3.870000   1.679576
3.890000   1.685115
3.910000   1.690664
3.930000   1.696223
3.950000   1.701792
3.970000   1.707372
3.990000   1.712961
4.010000   1.718560
4.030000   1.724168
4.050000   1.729786
4.070000   1.735414
4.090000   1.741051
4.110000   1.746697
4.130000   1.752353
4.150000   1.758017
4.170000   1.763691
4.190000   1.769374
4.210000   1.775065
4.230000   1.780765
4.250000   1.786474
4.270000   1.792192
4.290000   1.797918
4.310000   1.803653
4.330000   1.809396
4.350000   1.815147
4.370000   1.820907
4.390000   1.826674
4.410000   1.832450
4.430000   1.838234
4.450000   1.844026
4.470000   1.849825
4.490000   1.855632
4.510000   1.861447
4.530000   1.867270
4.550000   1.873100
4.570000   1.878938
4.590000   1.884783
4.610000   1.890635
4.630000   1.896495
4.650000   1.902361
4.670000   1.908236
4.690000   1.914117
4.710000   1.920005
4.730000   1.925900
4.750000   1.931802
4.770000   1.937710
4.790000   1.943626
4.810000   1.949548
4.830000   1.955477
4.850000   1.961412
4.870000   1.967354
4.890000   1.973303
4.910000   1.979258
4.930000   1.985219
4.950000   1.991186
4.970000   1.997160
4.990000   2.003140
5.010000   2.009126
5.030000   2.015118
5.050000   2.021116
5.070000   2.027120
5.090000   2.033130
5.110000   2.039146
5.130000   2.045167
5.150000   2.051194
5.170000   2.057227
5.190000   2.063266
5.210000   2.069310
5.230000   2.075360
5.250000   2.081416
5.270000   2.087476
5.290000   2.093543
5.310000   2.099614
5.330000   2.105691
5.350000   2.111773
5.370000   2.117860
5.390000   2.123953
5.410000   2.130051
5.430000   2.136153
5.450000   2.142261
5.470000   2.148374
5.490000   2.154492
5.510000   2.160615
5.530000   2.166742
5.550000   2.172875
5.570000   2.179012
5.590000   2.185154
5.610000   2.191301
5.630000   2.197452
5.650000   2.203608
5.670000   2.209769
5.690000   2.215934
5.710000   2.222103
5.730000   2.228278
5.750000   2.234456
5.770000   2.240639
5.790000   2.246827
5.810000   2.253018
5.830000   2.259214
5.850000   2.265415
5.870000   2.271619
5.890000   2.277828
5.910000   2.284041
5.930000   2.290258
5.950000   2.296479
5.970000   2.302704
5.990000   2.308933
6.010000   2.315167
6.030000   2.321404
6.050000   2.327645
6.070000   2.333890
6.090000   2.340139
6.110000   2.346391
6.130000   2.352648
6.150000   2.358908
6.170000   2.365172
6.190000   2.371440
6.210000   2.377712
6.230000   2.383987
6.250000   2.390265
6.270000   2.396548
6.290000   2.402834
6.310000   2.409123
6.330000   2.415416
6.350000   2.421713
6.370000   2.428013
6.390000   2.434316
6.410000   2.440623
6.430000   2.446933
6.450000   2.453247
6.470000   2.459563
6.490000   2.465884
6.510000   2.472207
6.530000   2.478534
6.550000   2.484864
6.570000   2.491197
6.590000   2.497533
6.610000   2.503873
6.630000   2.510215
6.650000   2.516561
6.670000   2.522910
6.690000   2.529262
6.710000   2.535617
6.730000   2.541975
6.750000   2.548336
6.770000   2.554699
6.790000   2.561066
6.810000   2.567436
6.830000   2.573809
6.850000   2.580184
6.870000   2.586563
6.890000   2.592944
6.910000   2.599328
6.930000   2.605715
6.950000   2.612105
6.970000   2.618497
6.990000   2.624892
7.010000   2.631290
7.030000   2.637691
7.050000   2.644094
7.070000   2.650500
7.090000   2.656909
7.110000   2.663320
7.130000   2.669734
7.150000   2.676150
7.170000   2.682569
7.190000   2.688991
7.210000   2.695415
7.230000   2.701841
7.250000   2.708270
7.270000   2.714702
7.290000   2.721136
7.310000   2.727572
7.330000   2.734011
7.350000   2.740452
7.370000   2.746896
7.390000   2.753342
7.410000   2.759790
7.430000   2.766241
7.450000   2.772694
7.470000   2.779149
7.490000   2.785607
7.510000   2.792067
7.530000   2.798529
7.550000   2.804993
7.570000   2.811460
7.590000   2.817929
7.610000   2.824400
7.630000   2.830873
7.650000   2.837349
7.670000   2.843826
7.690000   2.850306
7.710000   2.856788
7.730000   2.863272
7.750000   2.869758
7.770000   2.876246
7.790000   2.882736
7.810000   2.889228
7.830000   2.895722
7.850000   2.902219
7.870000   2.908717
7.890000   2.915217
7.910000   2.921719
7.930000   2.928224
7.950000   2.934730
7.970000   2.941238
7.990000   2.947748
8.010000   2.954260
8.030000   2.960774
8.050000   2.967290
8.070000   2.973808
8.090000   2.980327
8.110000   2.986848
8.130000   2.993372
8.150000   2.999897
8.170000   3.006424
8.190000   3.012952
8.210000   3.019483
8.230000   3.026015
8.250000   3.032549
8.270000   3.039085
8.290000   3.045623
8.310000   3.052162
8.330000   3.058703
8.350000   3.065246
8.370000   3.071790
8.390000   3.078337
8.410000   3.084884
8.430000   3.091434
8.450000   3.097985
8.470000   3.104538
8.490000   3.111092
8.510000   3.117649
8.530000   3.124206
8.550000   3.130766
8.570000   3.137327
8.590000   3.143889
8.610000   3.150453
8.630000   3.157019
8.650000   3.163586
8.670000   3.170155
8.690000   3.176726
8.710000   3.183297
8.730000   3.189871
8.750000   3.196446
8.770000   3.203022
8.790000   3.209600
8.810000   3.216180
8.830000   3.222761
8.850000   3.229343
8.870000   3.235927
8.890000   3.242512
8.910000   3.249099
8.930000   3.255687
8.950000   3.262277
8.970000   3.268868
8.990000   3.275460
9.010000   3.282054
9.030000   3.288649
9.050000   3.295246
9.070000   3.301843
9.090000   3.308443
9.110000   3.315043
9.130000   3.321645
9.150000   3.328249
9.170000   3.334854
9.190000   3.341460
9.210000   3.348067
9.230000   3.354676
9.250000   3.361286
9.270000   3.367897
9.290000   3.374509
9.310000   3.381123
9.330000   3.387738
9.350000   3.394355
9.370000   3.400972
9.390000   3.407591
9.410000   3.414211
9.430000   3.420832
9.450000   3.427455
9.470000   3.434079
9.490000   3.440704
9.510000   3.447330
9.530000   3.453957
9.550000   3.460586
9.570000   3.467216
9.590000   3.473847
9.610000   3.480479
9.630000   3.487112
9.650000   3.493746
9.670000   3.500382
9.690000   3.507019
9.710000   3.513657
9.730000   3.520296
9.750000   3.526936
9.770000   3.533577
9.790000   3.540220
9.810000   3.546863
9.830000   3.553508
9.850000   3.560153
9.870000   3.566800
9.890000   3.573448
9.910000   3.580097
9.930000   3.586747
9.950000   3.593398
9.970000   3.600050
9.990000   3.606703
