0.010000   0.800512
0.020000   0.800546
0.030000   0.800637
0.040000   0.800763
0.050000   0.800910
0.060000   0.801074
0.070000   0.801250
0.080000   0.801439
0.090000   0.801639
0.100000   0.801849
0.110000   0.802069
0.120000   0.802298
0.130000   0.802536
0.140000   0.802784
0.150000   0.803040
0.160000   0.803305
0.170000   0.803579
0.180000   0.803861
0.190000   0.804151
0.200000   0.804450
0.210000   0.804757
0.220000   0.805072
0.230000   0.805395
0.240000   0.805726
0.250000   0.806066
0.260000   0.806413
0.270000   0.806768
0.280000   0.807132
0.290000   0.807503
0.300000   0.807883
0.310000   0.808271
0.320000   0.808666
0.330000   0.809070
0.340000   0.809482
0.350000   0.809902
0.360000   0.810330
0.370000   0.810766
0.380000   0.811210
0.390000   0.811663
0.400000   0.812123
0.410000   0.812592
0.420000   0.813069
0.430000   0.813554
0.440000   0.814047
0.450000   0.814548
0.460000   0.815058
0.470000   0.815575
0.480000   0.816101
0.490000   0.816635
0.500000   0.817178
0.510000   0.817728
0.520000   0.818287
0.530000   0.818854
0.540000   0.819429
0.550000   0.820012
0.560000   0.820604
0.570000   0.821203
0.580000   0.821811
0.590000   0.822427
0.600000   0.823052
0.610000   0.823684
0.620000   0.824325
0.630000   0.824974
0.640000   0.825631
0.650000   0.826296
0.660000   0.826969
0.670000   0.827650
0.680000   0.828340
0.690000   0.829037
0.700000   0.829743
0.710000   0.830457
0.720000   0.831179
0.730000   0.831909
0.740000   0.832647
0.750000   0.833393
0.760000   0.834147
0.770000   0.834909
0.780000   0.835679
0.790000   0.836456
0.800000   0.837242
0.810000   0.838036
0.820000   0.838838
0.830000   0.839648
0.840000   0.840465
0.850000   0.841291
0.860000   0.842124
0.870000   0.842965
0.880000   0.843814
0.890000   0.844671
0.900000   0.845536
0.910000   0.846408
0.920000   0.847288
0.930000   0.848176
0.940000   0.849071
0.950000   0.849975
0.960000   0.850886
0.970000   0.851804
0.980000   0.852730
0.990000   0.853664
1.000000   0.854605
1.010000   0.855554
1.020000   0.856511
1.030000   0.857475
1.040000   0.858446
1.050000   0.859425
1.060000   0.860412
1.070000   0.861406
1.080000   0.862407
1.090000   0.863415
1.100000   0.864431
1.110000   0.865455
1.120000   0.866486
1.130000   0.867524
1.140000   0.868569
1.150000   0.869621
1.160000   0.870681
1.170000   0.871748
1.180000   0.872822
1.190000   0.873904
1.200000   0.874992
1.210000   0.876088
1.220000   0.877190
1.230000   0.878300
1.240000   0.879417
1.250000   0.880541
1.260000   0.881672
1.270000   0.882809
1.280000   0.883954
1.290000   0.885106
1.300000   0.886264
1.310000   0.887430
1.320000   0.888602
1.330000   0.889781
1.340000   0.890967
1.350000   0.892160
1.360000   0.893359
1.370000   0.894565
1.380000   0.895778
1.390000   0.896997
1.400000   0.898224
1.410000   0.899456
1.420000   0.900696
1.430000   0.901942
1.440000   0.903194
1.450000   0.904453
1.460000   0.905719
1.470000   0.906991
1.480000   0.908269
1.490000   0.909554
1.500000   0.910845
1.510000   0.912143
1.520000   0.913447
1.530000   0.914757
1.540000   0.916074
1.550000   0.917397
1.560000   0.918726
1.570000   0.920062
1.580000   0.921403
1.590000   0.922751
1.600000   0.924105
1.610000   0.925465
1.620000   0.926831
1.630000   0.928203
1.640000   0.929581
1.650000   0.930966
1.660000   0.932356
1.670000   0.933752
1.680000   0.935154
1.690000   0.936562
1.700000   0.937976
1.710000   0.939396
1.720000   0.940822
1.730000   0.942254
1.740000   0.943691
1.750000   0.945134
1.760000   0.946583
1.770000   0.948037
1.780000   0.949498
1.790000   0.950964
1.800000   0.952435
1.810000   0.953912
1.820000   0.955395
1.830000   0.956884
1.840000   0.958378
1.850000   0.959877
1.860000   0.961382
1.870000   0.962892
1.880000   0.964408
1.890000   0.965930
1.900000   0.967456
1.910000   0.968988
1.920000   0.970526
1.930000   0.972069
1.940000   0.973617
1.950000   0.975170
1.960000   0.976729
1.970000   0.978293
1.980000   0.979862
1.990000   0.981436
2.000000   0.983015
2.010000   0.984600
2.020000   0.986190
2.030000   0.987784
2.040000   0.989384
2.050000   0.990989
2.060000   0.992599
2.070000   0.994214
2.080000   0.995834
2.090000   0.997459
2.100000   0.999088
2.110000   1.000723
2.120000   1.002363
2.130000   1.004007
2.140000   1.005656
2.150000   1.007310
2.160000   1.008969
2.170000   1.010633
2.180000   1.012301
2.190000   1.013974
2.200000   1.015652
2.210000   1.017334
2.220000   1.019021
2.230000   1.020713
2.240000   1.022410
2.250000   1.024111
2.260000   1.025816
2.270000   1.027526
2.280000   1.029241
2.290000   1.030960
2.300000   1.032683
2.310000   1.034411
2.320000   1.036144
2.330000   1.037881
2.340000   1.039622
2.350000   1.041368
2.360000   1.043118
2.370000   1.044872
2.380000   1.046631
2.390000   1.048394
2.400000   1.050161
2.410000   1.051933
2.420000   1.053708
2.430000   1.055488
2.440000   1.057272
2.450000   1.059061
2.460000   1.060853
2.470000   1.062650
2.480000   1.064450
2.490000   1.066255
2.500000   1.068064
2.510000   1.069877
2.520000   1.071693
2.530000   1.073514
2.540000   1.075339
2.550000   1.077168
2.560000   1.079001
2.570000   1.080837
2.580000   1.082678
2.590000   1.084523
2.600000   1.086371
2.610000   1.088223
2.620000   1.090079
2.630000   1.091939
2.640000   1.093803
2.650000   1.095670
2.660000   1.097541
2.670000   1.099416
2.680000   1.101295
2.690000   1.103177
2.700000   1.105063
2.710000   1.106953
2.720000   1.108846
2.730000   1.110743
2.740000   1.112644
2.750000   1.114548
2.760000   1.116456
2.770000   1.118367
2.780000   1.120282
2.790000   1.122200
2.800000   1.124122
2.810000   1.126048
2.820000   1.127976
2.830000   1.129909
2.840000   1.131844
2.850000   1.133784
2.860000   1.135726
2.870000   1.137672
2.880000   1.139621
2.890000   1.141574
2.900000   1.143530
2.910000   1.145489
2.920000   1.147452
2.930000   1.149418
2.940000   1.151387
2.950000   1.153359
2.960000   1.155335
2.970000   1.157314
2.980000   1.159296
2.990000   1.161281
3.000000   1.163269
3.010000   1.165261
3.020000   1.167255
3.030000   1.169253
3.040000   1.171254
3.050000   1.173258
3.060000   1.175265
3.070000   1.177275
3.080000   1.179289
3.090000   1.181305
3.100000   1.183324
3.110000   1.185346
3.120000   1.187371
3.130000   1.189400
3.140000   1.191431
3.150000   1.193465
3.160000   1.195502
3.170000   1.197542
3.180000   1.199585
3.190000   1.201630
3.200000   1.203679
3.210000   1.205730
3.220000   1.207785
3.230000   1.209842
3.240000   1.211902
3.250000   1.213964
3.260000   1.216030
3.270000   1.218098
3.280000   1.220169
3.290000   1.222243
3.300000   1.224319
3.310000   1.226399
3.320000   1.228480
3.330000   1.230565
3.340000   1.232652
3.350000   1.234742
3.360000   1.236835
3.370000   1.238930
3.380000   1.241028
3.390000   1.243128
3.400000   1.245231
3.410000   1.247337
3.420000   1.249445
3.430000   1.251556
3.440000   1.253669
3.450000   1.255785
3.460000   1.257903
3.470000   1.260024
3.480000   1.262148
3.490000   1.264273
3.500000   1.266402
3.510000   1.268533
3.520000   1.270666
3.530000   1.272801
3.540000   1.274939
3.550000   1.277080
3.560000   1.279223
3.570000   1.281368
3.580000   1.283516
3.590000   1.285666
3.600000   1.287818
3.610000   1.289973
3.620000   1.292130
3.630000   1.294289
3.640000   1.296451
3.650000   1.298615
3.660000   1.300781
3.670000   1.302949
3.680000   1.305120
3.690000   1.307293
3.700000   1.309468
3.710000   1.311646
3.720000   1.313825
3.730000   1.316007
3.740000   1.318191
3.750000   1.320378
3.760000   1.322566
3.770000   1.324757
3.780000   1.326950
3.790000   1.329144
3.800000   1.331341
3.810000   1.333541
3.820000   1.335742
3.830000   1.337945
3.840000   1.340151
3.850000   1.342358
3.860000   1.344568
3.870000   1.346780
3.880000   1.348993
3.890000   1.351209
3.900000   1.353427
3.910000   1.355647
3.920000   1.357868
3.930000   1.360092
3.940000   1.362318
3.950000   1.364546
3.960000   1.366776
3.970000   1.369007
3.980000   1.371241
3.990000   1.373477
4.000000   1.375714
4.010000   1.377954
4.020000   1.380195
4.030000   1.382438
4.040000   1.384684
4.050000   1.386931
4.060000   1.389180
4.070000   1.391431
4.080000   1.393683
4.090000   1.395938
4.100000   1.398194
4.110000   1.400453
4.120000   1.402713
4.130000   1.404975
4.140000   1.407238
4.150000   1.409504
4.160000   1.411771
4.170000   1.414040
4.180000   1.416311
4.190000   1.418584
4.200000   1.420858
4.210000   1.423134
4.220000   1.425412
4.230000   1.427692
4.240000   1.429973
4.250000   1.432256
4.260000   1.434541
4.270000   1.436827
4.280000   1.439115
4.290000   1.441405
4.300000   1.443697
4.310000   1.445990
4.320000   1.448285
4.330000   1.450581
4.340000   1.452879
4.350000   1.455179
4.360000   1.457481
4.370000   1.459784
4.380000   1.462088
4.390000   1.464395
4.400000   1.466703
4.410000   1.469012
4.420000   1.471323
4.430000   1.473636
4.440000   1.475950
4.450000   1.478266
4.460000   1.480583
4.470000   1.482902
4.480000   1.485222
4.490000   1.487544
4.500000   1.489868
4.510000   1.492193
4.520000   1.494519
4.530000   1.496847
4.540000   1.499177
4.550000   1.501508
4.560000   1.503840
4.570000   1.506174
4.580000   1.508510
4.590000   1.510847
4.600000   1.513185
4.610000   1.515525
4.620000   1.517866
4.630000   1.520209
4.640000   1.522553
4.650000   1.524898
4.660000   1.527245
4.670000   1.529594
4.680000   1.531944
4.690000   1.534295
4.700000   1.536647
4.710000   1.539001
4.720000   1.541357
4.730000   1.543714
4.740000   1.546072
4.750000   1.548431
4.760000   1.550792
4.770000   1.553154
4.780000   1.555518
4.790000   1.557883
4.800000   1.560249
4.810000   1.562616
4.820000   1.564985
4.830000   1.567355
4.840000   1.569727
4.850000   1.572100
4.860000   1.574474
4.870000   1.576849
4.880000   1.579226
4.890000   1.581604
4.900000   1.583983
4.910000   1.586363
4.920000   1.588745
4.930000   1.591128
4.940000   1.593512
4.950000   1.595898
4.960000   1.598285
4.970000   1.600672
4.980000   1.603062
4.990000   1.605452
