0.010000   0.648438
0.030000   0.648438
0.050000   0.648438
0.070000   0.648438
0.090000   0.648438
0.110000   0.648438
0.130000   0.648438
0.150000   0.648438
0.170000   0.648438
0.190000   0.648438
0.210000   0.648438
0.230000   0.648438
0.250000   0.648438
0.270000   0.648438
0.290000   0.648438
0.310000   0.648438
0.330000   0.648438
0.350000   0.648438
0.370000   0.648438
0.390000   0.648438
0.410000   0.648438
0.430000   0.648438
0.450000   0.648438
0.470000   0.648438
0.490000   0.648438
0.510000   0.648438
0.530000   0.648438
0.550000   0.648438
0.570000   0.648438
0.590000   0.648438
0.610000   0.648438
0.630000   0.648438
0.650000   0.648438
0.670000   0.648438
0.690000   0.648438
0.710000   0.648438
0.730000   0.648438
0.750000   0.648438
0.770000   0.648438
0.790000   0.648438
0.810000   0.648438
0.830000   0.648438
0.850000   0.648438
0.870000   0.648438
0.890000   0.648438
0.910000   0.648438
0.930000   0.648438
0.950000   0.648438
0.970000   0.648438
0.990000   0.648438
1.010000   0.648438
1.030000   0.648438
1.050000   0.648438
1.070000   0.648438
1.090000   0.648438
1.110000   0.648438
1.130000   0.648438
1.150000   0.648438
1.170000   0.648438
1.190000   0.648438
1.210000   0.648438
1.230000   0.648438
1.250000   0.648438
1.270000   0.648438
1.290000   0.648438
1.310000   0.648438
1.330000   0.648438
1.350000   0.648438
1.370000   0.648438
1.390000   0.648438
1.410000   0.648438
1.430000   0.648438
1.450000   0.648438
1.470000   0.648438
1.490000   0.648438
1.510000   0.648438
1.530000   0.648438
1.550000   0.648438
1.570000   0.648438
1.590000   0.648438
1.610000   0.648438
1.630000   0.648438
1.650000   0.648438
1.670000   0.648438
1.690000   0.648438
1.710000   0.648438
1.730000   0.648438
1.750000   0.648438
1.770000   0.648438
1.790000   0.648438
1.810000   0.648438
1.830000   0.648438
1.850000   0.648438
1.870000   0.648438
1.890000   0.648438
1.910000   0.648438
1.930000   0.648438
1.950000   0.648438
1.970000   0.648438
1.990000   0.648438
2.010000   0.648438
2.030000   0.648438
2.050000   0.648438
2.070000   0.648438
2.090000   0.648438
2.110000   0.648438
2.130000   0.648438
2.150000   0.648438
2.170000   0.648438
2.190000   0.648438
2.210000   0.648438
2.230000   0.648438
2.250000   0.648438
2.270000   0.648438
2.290000   0.648438
2.310000   0.648438
2.330000   0.648438
2.350000   0.648438
2.370000   0.648438
2.390000   0.648438
2.410000   0.648438
2.430000   0.648438
2.450000   0.648438
2.470000   0.648438
2.490000   0.648438
2.510000   0.648438
2.530000   0.648438
2.550000   0.648438
2.570000   0.648438
2.590000   0.648438
2.610000   0.648438
2.630000   0.648438
2.650000   0.648438
2.670000   0.648438
2.690000   0.648438
2.710000   0.648438
2.730000   0.648438
2.750000   0.648438
2.770000   0.648438
2.790000   0.648438
2.810000   0.648438
2.830000   0.648438
2.850000   0.648438
2.870000   0.648438
2.890000   0.648438
2.910000   0.648438
2.930000   0.648438
2.950000   0.648438
2.970000   0.648438
2.990000   0.648438
3.010000   0.648438
3.030000   0.648438
3.050000   0.648438
3.070000   0.648438
3.090000   0.648438
3.110000   0.648438
3.130000   0.648438
3.150000   0.648438
3.170000   0.648438
3.190000   0.648438
3.210000   0.648438
3.230000   0.648438
3.250000   0.648438
3.270000   0.648438
3.290000   0.648438
3.310000   0.648438
3.330000   0.648438
3.350000   0.648438
3.370000   0.648438
3.390000   0.648438
3.410000   0.648438
3.430000   0.648438
3.450000   0.648438
3.470000   0.648438
3.490000   0.648438
3.510000   0.648438
3.530000   0.648438
3.550000   0.648438
3.570000   0.648438
3.590000   0.648438
3.610000   0.648438
3.630000   0.648438
3.650000   0.648438
3.670000   0.648438
3.690000   0.648438
3.710000   0.648438
3.730000   0.648438
3.750000   0.648438
3.770000   0.648438
3.790000   0.648438
3.810000   0.648438
3.830000   0.648438
3.850000   0.648438
3.870000   0.648438
3.890000   0.648438
3.910000   0.648438
3.930000   0.648438
3.950000   0.648438
3.970000   0.648438
3.990000   0.648438
