#T	β	c	e	chiz	chic	s
100	0.01	1.86547e-05	-0.251861	0.00248762	0.0024875	0.693138
50	0.02	7.49831e-05	-0.253731	0.0049505	0.00495	0.69311
33.3333	0.03	0.00016952	-0.25561	0.00738863	0.00738751	0.693063
25	0.04	0.000302787	-0.257498	0.00980201	0.00980003	0.692997
20	0.05	0.000475287	-0.259395	0.0121907	0.0121876	0.692911
16.6667	0.06	0.000687507	-0.2613	0.0145546	0.0145501	0.692807
14.2857	0.07	0.00093992	-0.263214	0.0168938	0.0168878	0.692682
12.5	0.08	0.00123298	-0.265137	0.0192083	0.0192004	0.692538
11.1111	0.09	0.00156711	-0.267067	0.0214981	0.0214882	0.692374
10	0.1	0.00194274	-0.269006	0.0237633	0.0237511	0.69219
9.09091	0.11	0.00236026	-0.270953	0.0260038	0.0259891	0.691985
8.33333	0.12	0.00282004	-0.272907	0.0282197	0.0282022	0.69176
7.69231	0.13	0.00332244	-0.274869	0.030411	0.0303906	0.691515
7.14286	0.14	0.00386778	-0.276839	0.0325778	0.0325542	0.691249
6.66667	0.15	0.00445639	-0.278816	0.03472	0.034693	0.690963
6.25	0.16	0.00508855	-0.2808	0.0368378	0.0368072	0.690655
5.88235	0.17	0.00576452	-0.282791	0.0389311	0.0388966	0.690327
5.55556	0.18	0.00648455	-0.284789	0.0410001	0.0409615	0.689977
5.26316	0.19	0.00724884	-0.286794	0.0430447	0.0430018	0.689606
5	0.2	0.0080576	-0.288805	0.0450649	0.0450176	0.689214
3.33333	0.3	0.0186146	-0.309235	0.0639443	0.0638411	0.684102
2.5	0.4	0.033634	-0.330104	0.08047	0.0802928	0.676795
2	0.5	0.0528619	-0.351205	0.0947404	0.0944738	0.667298
1.66667	0.6	0.0757768	-0.372321	0.106882	0.106513	0.655686
1.42857	0.7	0.101628	-0.393233	0.117043	0.116563	0.642095
1.25	0.8	0.1295	-0.413736	0.125393	0.124795	0.626722
1.11111	0.9	0.158389	-0.433643	0.132112	0.131392	0.609807
1	1	0.187293	-0.452796	0.137387	0.136543	0.591619
0.909091	1.1	0.215278	-0.471064	0.141401	0.140434	0.572445
0.833333	1.2	0.241544	-0.488352	0.144334	0.143248	0.552572
0.769231	1.3	0.265456	-0.504596	0.146356	0.145153	0.532276
0.714286	1.4	0.286562	-0.51976	0.147619	0.146306	0.511813
0.666667	1.5	0.304586	-0.533838	0.148264	0.146845	0.49141
0.625	1.6	0.319417	-0.546842	0.148412	0.146894	0.471261
0.588235	1.7	0.331076	-0.558805	0.148169	0.146559	0.451531
0.555556	1.8	0.339694	-0.569771	0.147625	0.145929	0.43235
0.526316	1.9	0.345476	-0.579793	0.146856	0.14508	0.413816
0.5	2	0.348681	-0.588931	0.145924	0.144075	0.396004
0.47619	2.1	0.349592	-0.597248	0.14488	0.142962	0.378961
0.454545	2.2	0.348505	-0.604807	0.143765	0.141784	0.362715
0.434783	2.3	0.345712	-0.61167	0.142611	0.140572	0.34728
0.416667	2.4	0.34149	-0.617897	0.141444	0.139351	0.332651
0.4	2.5	0.336097	-0.623546	0.140284	0.13814	0.318816
0.384615	2.6	0.329766	-0.628669	0.139144	0.136953	0.305755
0.37037	2.7	0.322707	-0.633318	0.138036	0.135801	0.29344
0.357143	2.8	0.315102	-0.637537	0.136967	0.13469	0.28184
0.344828	2.9	0.30711	-0.64137	0.135942	0.133627	0.270921
0.333333	3	0.298866	-0.644853	0.134965	0.132612	0.260648
0.322581	3.1	0.290485	-0.648022	0.134036	0.131649	0.250985
0.3125	3.2	0.282061	-0.650908	0.133157	0.130737	0.241895
0.30303	3.3	0.273673	-0.65354	0.132327	0.129875	0.233344
0.294118	3.4	0.265382	-0.655942	0.131546	0.12905	0.225298
0.285714	3.5	0.25724	-0.658139	0.130811	0.128287	0.217723
0.277778	3.6	0.249287	-0.660149	0.13012	0.127569	0.210588
0.27027	3.7	0.241551	-0.661991	0.129471	0.126894	0.203864
0.263158	3.8	0.234055	-0.663683	0.128862	0.126259	0.197522
0.25641	3.9	0.226813	-0.665238	0.128292	0.125664	0.191537
0.25	4	0.219835	-0.666669	0.127757	0.125104	0.185883
0.243902	4.1	0.213126	-0.667989	0.127256	0.124579	0.180538
0.238095	4.2	0.206688	-0.669208	0.126786	0.124085	0.17548
0.232558	4.3	0.200519	-0.670336	0.126345	0.12362	0.170689
0.227273	4.4	0.194615	-0.67138	0.125932	0.123183	0.166147
0.222222	4.5	0.188971	-0.672349	0.125544	0.122772	0.161837
0.217391	4.6	0.183578	-0.673248	0.12518	0.122385	0.157743
0.212766	4.7	0.178429	-0.674086	0.124838	0.12202	0.153851
0.208333	4.8	0.173516	-0.674866	0.124517	0.121675	0.150146
0.204082	4.9	0.168828	-0.675593	0.124214	0.12135	0.146617
0.2	5	0.164356	-0.676273	0.123929	0.121042	0.143252
0.196078	5.1	0.16009	-0.67691	0.123661	0.120751	0.140039
0.192308	5.2	0.156021	-0.677506	0.123408	0.120475	0.136971
0.188679	5.3	0.152139	-0.678065	0.12317	0.120214	0.134036
0.185185	5.4	0.148437	-0.678589	0.122952	0.119966	0.131228
0.181818	5.5	0.144899	-0.679083	0.122738	0.11973	0.128537
0.178571	5.6	0.14152	-0.679548	0.122537	0.119505	0.125957
0.175439	5.7	0.138293	-0.679987	0.122346	0.119292	0.123481
0.172414	5.8	0.135208	-0.6804	0.122165	0.119088	0.121102
0.169492	5.9	0.132258	-0.680791	0.121993	0.118894	0.118816
0.166667	6	0.129436	-0.681161	0.12183	0.118708	0.116617
0.163934	6.1	0.126734	-0.681511	0.121675	0.118531	0.1145
0.16129	6.2	0.124146	-0.681842	0.121527	0.118361	0.112461
0.15873	6.3	0.121665	-0.682157	0.121387	0.118198	0.110494
0.15625	6.4	0.119285	-0.682456	0.121253	0.118042	0.108597
0.153846	6.5	0.117001	-0.68274	0.121126	0.117892	0.106765
0.151515	6.6	0.114808	-0.68301	0.121004	0.117748	0.104996
0.149254	6.7	0.1127	-0.683267	0.120888	0.117609	0.103285
0.147059	6.8	0.110673	-0.683512	0.120777	0.117476	0.101631
0.144928	6.9	0.108722	-0.683746	0.120671	0.117347	0.100029
0.142857	7	0.106843	-0.683969	0.12057	0.117223	0.0984786
0.140845	7.1	0.105033	-0.684182	0.120473	0.117104	0.0969759
0.138889	7.2	0.103287	-0.684386	0.12038	0.116988	0.0955192
0.136986	7.3	0.101603	-0.684581	0.12029	0.116877	0.0941062
0.135135	7.4	0.0999768	-0.684767	0.120205	0.116769	0.0927349
0.133333	7.5	0.0984059	-0.684946	0.120123	0.116664	0.0914035
0.131579	7.6	0.0968874	-0.685118	0.120044	0.116563	0.0901102
0.12987	7.7	0.0954187	-0.685282	0.119968	0.116465	0.0888533
0.128205	7.8	0.0939972	-0.68544	0.119895	0.116369	0.0876313
0.126582	7.9	0.0926207	-0.685591	0.119825	0.116277	0.0864426
0.125	8	0.0912869	-0.685736	0.119758	0.116187	0.085286
0.123457	8.1	0.089994	-0.685876	0.119693	0.1161	0.08416
0.121951	8.2	0.0887399	-0.686011	0.119631	0.116014	0.0830635
0.120482	8.3	0.0875228	-0.68614	0.11957	0.115932	0.0819953
0.119048	8.4	0.0863412	-0.686265	0.119512	0.115851	0.0809542
0.117647	8.5	0.0851932	-0.686385	0.119457	0.115772	0.0799392
0.116279	8.6	0.0840776	-0.686501	0.119403	0.115696	0.0789493
0.114943	8.7	0.0829928	-0.686613	0.119351	0.115621	0.0779836
0.113636	8.8	0.0819376	-0.68672	0.119301	0.115548	0.0770411
0.11236	8.9	0.0809106	-0.686824	0.119252	0.115476	0.0761211
0.111111	9	0.0799107	-0.686925	0.119206	0.115406	0.0752226
0.10989	9.1	0.0789368	-0.687022	0.119161	0.115338	0.074345
0.108696	9.2	0.0779879	-0.687115	0.119117	0.115271	0.0734875
0.107527	9.3	0.0770629	-0.687206	0.119075	0.115205	0.0726494
0.106383	9.4	0.0761609	-0.687294	0.119035	0.11514	0.07183
0.105263	9.5	0.0752809	-0.687378	0.118995	0.115077	0.0710288
0.104167	9.6	0.0744223	-0.68746	0.118957	0.115015	0.070245
0.103093	9.7	0.073584	-0.68754	0.118921	0.114954	0.0694781
0.102041	9.8	0.0727655	-0.687617	0.118885	0.114894	0.0687276
0.10101	9.9	0.071966	-0.687691	0.118851	0.114835	0.0679929
0.1	10	0.0711847	-0.687764	0.118818	0.114777	0.0672736
0.0990099	10.1	0.070421	-0.687834	0.118786	0.11472	0.0665691
0.0980392	10.2	0.0696744	-0.687902	0.118755	0.114663	0.065879
0.0970874	10.3	0.0689442	-0.687968	0.118725	0.114608	0.0652028
0.0961538	10.4	0.0682299	-0.688032	0.118696	0.114553	0.0645401
0.0952381	10.5	0.0675308	-0.688094	0.118668	0.114499	0.0638905
0.0943396	10.6	0.0668466	-0.688154	0.11864	0.114445	0.0632537
0.0934579	10.7	0.0661767	-0.688213	0.118614	0.114392	0.0626291
0.0925926	10.8	0.0655207	-0.68827	0.118589	0.11434	0.0620166
0.0917431	10.9	0.0648781	-0.688325	0.118564	0.114288	0.0614157
0.0909091	11	0.0642485	-0.688379	0.11854	0.114236	0.0608261
0.0900901	11.1	0.0636315	-0.688432	0.118517	0.114185	0.0602474
0.0892857	11.2	0.0630267	-0.688483	0.118495	0.114135	0.0596794
0.0884956	11.3	0.0624337	-0.688532	0.118473	0.114084	0.0591218
0.0877193	11.4	0.0618522	-0.68858	0.118453	0.114034	0.0585743
0.0869565	11.5	0.0612818	-0.688627	0.118432	0.113985	0.0580366
0.0862069	11.6	0.0607222	-0.688673	0.118413	0.113936	0.0575085
0.0854701	11.7	0.0601731	-0.688718	0.118394	0.113886	0.0569896
0.0847458	11.8	0.0596342	-0.688761	0.118376	0.113838	0.0564798
0.0840336	11.9	0.0591051	-0.688803	0.118358	0.113789	0.0559788
0.0833333	12	0.0585857	-0.688844	0.118341	0.11374	0.0554864
0.0826446	12.1	0.0580757	-0.688885	0.118325	0.113692	0.0550023
0.0819672	12.2	0.0575747	-0.688924	0.118309	0.113644	0.0545264
0.0813008	12.3	0.0570825	-0.688962	0.118293	0.113596	0.0540584
0.0806452	12.4	0.056599	-0.688999	0.118278	0.113547	0.0535981
0.08	12.5	0.0561238	-0.689036	0.118264	0.113499	0.0531454
0.0793651	12.6	0.0556568	-0.689071	0.11825	0.113451	0.0527001
0.0787402	12.7	0.0551977	-0.689106	0.118237	0.113403	0.0522619
0.078125	12.8	0.0547463	-0.68914	0.118224	0.113355	0.0518308
0.0775194	12.9	0.0543025	-0.689173	0.118211	0.113307	0.0514065
0.0769231	13	0.053866	-0.689205	0.118199	0.113259	0.0509888
0.0763359	13.1	0.0534366	-0.689236	0.118188	0.113211	0.0505777
0.0757576	13.2	0.0530142	-0.689267	0.118177	0.113162	0.0501729
0.075188	13.3	0.0525987	-0.689297	0.118166	0.113114	0.0497744
0.0746269	13.4	0.0521897	-0.689327	0.118155	0.113065	0.0493819
0.0740741	13.5	0.0517872	-0.689355	0.118146	0.113017	0.0489954
0.0735294	13.6	0.0513911	-0.689383	0.118136	0.112968	0.0486147
0.0729927	13.7	0.0510011	-0.689411	0.118127	0.112919	0.0482396
0.0724638	13.8	0.0506171	-0.689438	0.118118	0.112869	0.0478701
0.0719424	13.9	0.0502391	-0.689464	0.118109	0.11282	0.047506
0.0714286	14	0.0498667	-0.68949	0.118101	0.11277	0.0471472
0.070922	14.1	0.0495	-0.689515	0.118093	0.11272	0.0467936
0.0704225	14.2	0.0491387	-0.68954	0.118086	0.11267	0.046445
0.0699301	14.3	0.0487828	-0.689564	0.118079	0.11262	0.0461014
0.0694444	14.4	0.0484322	-0.689587	0.118072	0.112569	0.0457627
0.0689655	14.5	0.0480866	-0.68961	0.118065	0.112518	0.0454287
0.0684932	14.6	0.0477461	-0.689633	0.118059	0.112467	0.0450994
0.0680272	14.7	0.0474104	-0.689655	0.118053	0.112415	0.0447747
0.0675676	14.8	0.0470796	-0.689677	0.118047	0.112363	0.0444543
0.0671141	14.9	0.0467534	-0.689698	0.118042	0.112311	0.0441384
0.0666667	15	0.0464318	-0.689719	0.118036	0.112259	0.0438268
0.0662252	15.1	0.0461147	-0.68974	0.118032	0.112206	0.0435193
0.0657895	15.2	0.045802	-0.68976	0.118027	0.112153	0.0432159
0.0653595	15.3	0.0454936	-0.689779	0.118022	0.112099	0.0429166
0.0649351	15.4	0.0451894	-0.689798	0.118018	0.112046	0.0426212
0.0645161	15.5	0.0448893	-0.689817	0.118014	0.111991	0.0423297
0.0641026	15.6	0.0445933	-0.689836	0.118011	0.111937	0.042042
0.0636943	15.7	0.0443012	-0.689854	0.118007	0.111882	0.041758
0.0632911	15.8	0.044013	-0.689872	0.118004	0.111827	0.0414776
0.0628931	15.9	0.0437286	-0.689889	0.118001	0.111771	0.0412008
0.0625	16	0.0434479	-0.689906	0.117998	0.111715	0.0409275
0.0621118	16.1	0.0431708	-0.689923	0.117995	0.111659	0.0406577
0.0617284	16.2	0.0428974	-0.68994	0.117993	0.111602	0.0403912
0.0613497	16.3	0.0426274	-0.689956	0.11799	0.111545	0.0401281
0.0609756	16.4	0.0423609	-0.689972	0.117988	0.111487	0.0398682
0.0606061	16.5	0.0420978	-0.689987	0.117986	0.111429	0.0396115
0.060241	16.6	0.0418379	-0.690003	0.117984	0.111371	0.0393579
0.0598802	16.7	0.0415813	-0.690018	0.117983	0.111312	0.0391074
0.0595238	16.8	0.0413279	-0.690033	0.117981	0.111253	0.0388599
0.0591716	16.9	0.0410777	-0.690047	0.11798	0.111194	0.0386154
0.0588235	17	0.0408305	-0.690061	0.117979	0.111134	0.0383737
0.0584795	17.1	0.0405863	-0.690075	0.117978	0.111074	0.038135
0.0581395	17.2	0.0403451	-0.690089	0.117977	0.111013	0.037899
0.0578035	17.3	0.0401067	-0.690103	0.117976	0.110952	0.0376658
0.0574713	17.4	0.0398712	-0.690116	0.117976	0.110891	0.0374354
0.0571429	17.5	0.0396386	-0.690129	0.117975	0.110829	0.0372075
0.0568182	17.6	0.0394086	-0.690142	0.117975	0.110766	0.0369823
0.0564972	17.7	0.0391814	-0.690154	0.117975	0.110704	0.0367597
0.0561798	17.8	0.0389568	-0.690167	0.117975	0.110641	0.0365396
0.0558659	17.9	0.0387348	-0.690179	0.117975	0.110577	0.036322
0.0555556	18	0.0385154	-0.690191	0.117975	0.110513	0.0361068
0.0552486	18.1	0.0382985	-0.690203	0.117975	0.110449	0.035894
0.0549451	18.2	0.0380841	-0.690214	0.117975	0.110385	0.0356836
0.0546448	18.3	0.0378721	-0.690226	0.117976	0.11032	0.0354755
0.0543478	18.4	0.0376625	-0.690237	0.117976	0.110254	0.0352697
0.0540541	18.5	0.0374553	-0.690248	0.117977	0.110189	0.0350661
0.0537634	18.6	0.0372503	-0.690259	0.117978	0.110123	0.0348647
0.0534759	18.7	0.0370477	-0.690269	0.117978	0.110056	0.0346655
0.0531915	18.8	0.0368472	-0.69028	0.117979	0.109989	0.0344685
0.0529101	18.9	0.036649	-0.69029	0.11798	0.109922	0.0342735
0.0526316	19	0.0364529	-0.690301	0.117981	0.109855	0.0340807
0.052356	19.1	0.036259	-0.690311	0.117982	0.109787	0.0338898
0.0520833	19.2	0.0360671	-0.69032	0.117983	0.109719	0.033701
0.0518135	19.3	0.0358773	-0.69033	0.117984	0.10965	0.0335141
0.0515464	19.4	0.0356896	-0.69034	0.117985	0.109581	0.0333292
0.0512821	19.5	0.0355038	-0.690349	0.117986	0.109512	0.0331462
0.0510204	19.6	0.03532	-0.690358	0.117988	0.109442	0.032965
0.0507614	19.7	0.0351381	-0.690367	0.117989	0.109373	0.0327858
0.0505051	19.8	0.0349582	-0.690376	0.11799	0.109302	0.0326083
0.0502513	19.9	0.0347801	-0.690385	0.117991	0.109232	0.0324326
0.05	20	0.0346038	-0.690394	0.117993	0.109161	0.0322587
0.0497512	20.1	0.0344294	-0.690403	0.117994	0.10909	0.0320866
0.049505	20.2	0.0342567	-0.690411	0.117995	0.109018	0.0319162
0.0492611	20.3	0.0340858	-0.690419	0.117997	0.108946	0.0317474
0.0490196	20.4	0.0339167	-0.690428	0.117998	0.108874	0.0315803
0.0487805	20.5	0.0337493	-0.690436	0.117999	0.108802	0.0314149
0.0485437	20.6	0.0335835	-0.690444	0.118001	0.108729	0.0312511
0.0483092	20.7	0.0334194	-0.690452	0.118002	0.108656	0.0310888
0.0480769	20.8	0.033257	-0.690459	0.118003	0.108583	0.0309282
0.0478469	20.9	0.0330961	-0.690467	0.118004	0.10851	0.030769
0.047619	21	0.0329369	-0.690474	0.118006	0.108436	0.0306114
0.0473934	21.1	0.0327792	-0.690482	0.118007	0.108362	0.0304553
0.0471698	21.2	0.032623	-0.690489	0.118008	0.108287	0.0303007
0.0469484	21.3	0.0324684	-0.690496	0.118009	0.108213	0.0301476
0.046729	21.4	0.0323153	-0.690503	0.11801	0.108138	0.0299959
0.0465116	21.5	0.0321637	-0.69051	0.118011	0.108063	0.0298456
0.0462963	21.6	0.0320135	-0.690517	0.118012	0.107987	0.0296967
0.0460829	21.7	0.0318648	-0.690524	0.118013	0.107912	0.0295491
0.0458716	21.8	0.0317174	-0.690531	0.118014	0.107836	0.029403
0.0456621	21.9	0.0315715	-0.690538	0.118014	0.10776	0.0292582
0.0454545	22	0.031427	-0.690544	0.118015	0.107683	0.0291146
0.0452489	22.1	0.0312838	-0.690551	0.118016	0.107607	0.0289724
0.045045	22.2	0.031142	-0.690557	0.118016	0.10753	0.0288315
0.044843	22.3	0.0310015	-0.690563	0.118016	0.107453	0.0286919
0.0446429	22.4	0.0308623	-0.690569	0.118017	0.107376	0.0285535
0.0444444	22.5	0.0307244	-0.690575	0.118017	0.107298	0.0284163
0.0442478	22.6	0.0305878	-0.690581	0.118017	0.10722	0.0282804
0.0440529	22.7	0.0304524	-0.690587	0.118017	0.107143	0.0281456
0.0438596	22.8	0.0303183	-0.690593	0.118017	0.107064	0.0280121
0.0436681	22.9	0.0301854	-0.690599	0.118017	0.106986	0.0278797
0.0434783	23	0.0300537	-0.690605	0.118016	0.106908	0.0277485
0.04329	23.1	0.0299232	-0.69061	0.118016	0.106829	0.0276184
0.0431034	23.2	0.0297939	-0.690616	0.118015	0.10675	0.0274894
0.0429185	23.3	0.0296657	-0.690622	0.118014	0.106671	0.0273615
0.042735	23.4	0.0295388	-0.690627	0.118013	0.106592	0.0272347
0.0425532	23.5	0.0294129	-0.690632	0.118012	0.106513	0.027109
0.0423729	23.6	0.0292882	-0.690638	0.118011	0.106433	0.0269844
0.0421941	23.7	0.0291646	-0.690643	0.11801	0.106353	0.0268608
0.0420168	23.8	0.029042	-0.690648	0.118008	0.106273	0.0267383
0.041841	23.9	0.0289206	-0.690653	0.118007	0.106193	0.0266168
0.0416667	24	0.0288002	-0.690658	0.118005	0.106113	0.0264963
0.0414938	24.1	0.0286809	-0.690663	0.118003	0.106033	0.0263768
0.0413223	24.2	0.0285626	-0.690668	0.118	0.105952	0.0262583
0.0411523	24.3	0.0284454	-0.690673	0.117998	0.105872	0.0261407
0.0409836	24.4	0.0283292	-0.690678	0.117995	0.105791	0.0260242
0.0408163	24.5	0.028214	-0.690682	0.117993	0.10571	0.0259085
0.0406504	24.6	0.0280998	-0.690687	0.11799	0.105629	0.0257939
0.0404858	24.7	0.0279865	-0.690692	0.117986	0.105547	0.0256801
0.0403226	24.8	0.0278743	-0.690696	0.117983	0.105466	0.0255673
0.0401606	24.9	0.027763	-0.690701	0.117979	0.105385	0.0254553
0.04	25	0.0276527	-0.690705	0.117975	0.105303	0.0253443
0.0398406	25.1	0.0275433	-0.69071	0.117971	0.105221	0.0252341
0.0396825	25.2	0.0274348	-0.690714	0.117967	0.105139	0.0251248
0.0395257	25.3	0.0273273	-0.690718	0.117963	0.105057	0.0250164
0.0393701	25.4	0.0272206	-0.690722	0.117958	0.104975	0.0249088
0.0392157	25.5	0.0271149	-0.690727	0.117953	0.104893	0.024802
0.0390625	25.6	0.0270101	-0.690731	0.117947	0.10481	0.0246961
0.0389105	25.7	0.0269061	-0.690735	0.117942	0.104728	0.024591
0.0387597	25.8	0.026803	-0.690739	0.117936	0.104645	0.0244868
0.03861	25.9	0.0267008	-0.690743	0.11793	0.104562	0.0243833
0.0384615	26	0.0265995	-0.690747	0.117924	0.104479	0.0242806
0.0383142	26.1	0.0264989	-0.690751	0.117917	0.104396	0.0241787
0.0381679	26.2	0.0263993	-0.690755	0.11791	0.104313	0.0240775
0.0380228	26.3	0.0263004	-0.690759	0.117903	0.10423	0.0239772
0.0378788	26.4	0.0262024	-0.690762	0.117896	0.104147	0.0238775
0.0377358	26.5	0.0261051	-0.690766	0.117888	0.104063	0.0237787
0.037594	26.6	0.0260087	-0.69077	0.11788	0.10398	0.0236805
0.0374532	26.7	0.0259131	-0.690773	0.117871	0.103896	0.0235831
0.0373134	26.8	0.0258182	-0.690777	0.117863	0.103813	0.0234864
0.0371747	26.9	0.0257241	-0.690781	0.117854	0.103729	0.0233905
0.037037	27	0.0256308	-0.690784	0.117845	0.103645	0.0232952
0.0369004	27.1	0.0255383	-0.690788	0.117835	0.103561	0.0232006
0.0367647	27.2	0.0254465	-0.690791	0.117825	0.103477	0.0231067
0.03663	27.3	0.0253555	-0.690794	0.117815	0.103392	0.0230135
0.0364964	27.4	0.0252652	-0.690798	0.117804	0.103308	0.022921
0.0363636	27.5	0.0251756	-0.690801	0.117793	0.103224	0.0228291
0.0362319	27.6	0.0250868	-0.690805	0.117782	0.103139	0.0227379
0.0361011	27.7	0.0249987	-0.690808	0.11777	0.103055	0.0226474
0.0359712	27.8	0.0249113	-0.690811	0.117759	0.10297	0.0225575
0.0358423	27.9	0.0248246	-0.690814	0.117746	0.102885	0.0224682
0.0357143	28	0.0247386	-0.690817	0.117734	0.1028	0.0223795
0.0355872	28.1	0.0246532	-0.690821	0.117721	0.102715	0.0222915
0.035461	28.2	0.0245686	-0.690824	0.117707	0.10263	0.0222041
0.0353357	28.3	0.0244847	-0.690827	0.117693	0.102545	0.0221173
0.0352113	28.4	0.0244014	-0.69083	0.117679	0.10246	0.0220311
0.0350877	28.5	0.0243188	-0.690833	0.117665	0.102374	0.0219455
0.034965	28.6	0.0242368	-0.690836	0.11765	0.102289	0.0218604
0.0348432	28.7	0.0241555	-0.690839	0.117634	0.102203	0.021776
0.0347222	28.8	0.0240749	-0.690842	0.117619	0.102118	0.0216921
0.0346021	28.9	0.0239949	-0.690845	0.117603	0.102032	0.0216088
0.0344828	29	0.0239155	-0.690847	0.117586	0.101946	0.0215261
0.0343643	29.1	0.0238368	-0.69085	0.117569	0.10186	0.0214439
0.0342466	29.2	0.0237586	-0.690853	0.117552	0.101774	0.0213623
0.0341297	29.3	0.0236812	-0.690856	0.117534	0.101688	0.0212812
0.0340136	29.4	0.0236043	-0.690859	0.117516	0.101602	0.0212007
0.0338983	29.5	0.023528	-0.690861	0.117498	0.101516	0.0211207
0.0337838	29.6	0.0234523	-0.690864	0.117479	0.101429	0.0210412
0.03367	29.7	0.0233772	-0.690867	0.117459	0.101343	0.0209623
0.033557	29.8	0.0233028	-0.690869	0.117439	0.101256	0.0208838
0.0334448	29.9	0.0232289	-0.690872	0.117419	0.10117	0.0208059
0.0333333	30	0.0231556	-0.690874	0.117399	0.101083	0.0207285
0.0332226	30.1	0.0230828	-0.690877	0.117377	0.100996	0.0206516
0.0331126	30.2	0.0230107	-0.69088	0.117356	0.100909	0.0205752
0.0330033	30.3	0.0229391	-0.690882	0.117334	0.100822	0.0204992
0.0328947	30.4	0.022868	-0.690885	0.117311	0.100735	0.0204238
0.0327869	30.5	0.0227976	-0.690887	0.117288	0.100648	0.0203488
0.0326797	30.6	0.0227276	-0.690889	0.117265	0.100561	0.0202743
0.0325733	30.7	0.0226583	-0.690892	0.117241	0.100473	0.0202003
0.0324675	30.8	0.0225894	-0.690894	0.117217	0.100386	0.0201268
0.0323625	30.9	0.0225211	-0.690897	0.117192	0.100298	0.0200537
0.0322581	31	0.0224534	-0.690899	0.117167	0.10021	0.0199811
0.0321543	31.1	0.0223861	-0.690901	0.117141	0.100122	0.0199089
0.0320513	31.2	0.0223194	-0.690904	0.117115	0.100034	0.0198371
0.0319489	31.3	0.0222533	-0.690906	0.117088	0.0999463	0.0197659
0.0318471	31.4	0.0221876	-0.690908	0.117061	0.0998582	0.019695
0.031746	31.5	0.0221224	-0.69091	0.117033	0.0997699	0.0196246
0.0316456	31.6	0.0220578	-0.690913	0.117005	0.0996816	0.0195546
0.0315457	31.7	0.0219937	-0.690915	0.116976	0.0995931	0.019485
0.0314465	31.8	0.02193	-0.690917	0.116947	0.0995045	0.0194159
0.031348	31.9	0.0218669	-0.690919	0.116917	0.0994158	0.0193472
0.03125	32	0.0218042	-0.690921	0.116887	0.099327	0.0192789
0.0311526	32.1	0.0217421	-0.690923	0.116857	0.0992381	0.019211
0.0310559	32.2	0.0216804	-0.690925	0.116825	0.099149	0.0191435
0.0309598	32.3	0.0216192	-0.690928	0.116794	0.0990599	0.0190764
0.0308642	32.4	0.0215584	-0.69093	0.116761	0.0989706	0.0190097
0.0307692	32.5	0.0214982	-0.690932	0.116729	0.0988812	0.0189433
0.0306748	32.6	0.0214384	-0.690934	0.116695	0.0987917	0.0188774
0.030581	32.7	0.0213791	-0.690936	0.116662	0.0987021	0.0188119
0.0304878	32.8	0.0213202	-0.690938	0.116627	0.0986123	0.0187467
0.0303951	32.9	0.0212618	-0.69094	0.116593	0.0985225	0.018682
0.030303	33	0.0212039	-0.690942	0.116557	0.0984325	0.0186176
0.0302115	33.1	0.0211464	-0.690944	0.116521	0.0983424	0.0185535
0.0301205	33.2	0.0210893	-0.690945	0.116485	0.0982521	0.0184899
0.03003	33.3	0.0210327	-0.690947	0.116448	0.0981617	0.0184266
0.0299401	33.4	0.0209766	-0.690949	0.116411	0.0980713	0.0183636
0.0298507	33.5	0.0209208	-0.690951	0.116372	0.0979806	0.018301
0.0297619	33.6	0.0208655	-0.690953	0.116334	0.0978899	0.0182388
0.0296736	33.7	0.0208107	-0.690955	0.116295	0.097799	0.0181769
0.0295858	33.8	0.0207562	-0.690957	0.116255	0.097708	0.0181154
0.0294985	33.9	0.0207022	-0.690958	0.116215	0.0976168	0.0180542
0.0294118	34	0.0206486	-0.69096	0.116174	0.0975256	0.0179933
0.0293255	34.1	0.0205954	-0.690962	0.116133	0.0974342	0.0179328
0.0292398	34.2	0.0205426	-0.690964	0.116091	0.0973426	0.0178726
0.0291545	34.3	0.0204903	-0.690966	0.116049	0.0972509	0.0178128
0.0290698	34.4	0.0204383	-0.690967	0.116006	0.0971591	0.0177533
0.0289855	34.5	0.0203867	-0.690969	0.115962	0.0970672	0.0176941
0.0289017	34.6	0.0203356	-0.690971	0.115918	0.0969751	0.0176352
0.0288184	34.7	0.0202848	-0.690972	0.115873	0.0968828	0.0175766
0.0287356	34.8	0.0202345	-0.690974	0.115828	0.0967904	0.0175184
0.0286533	34.9	0.0201845	-0.690976	0.115782	0.0966979	0.0174604
0.0285714	35	0.0201349	-0.690977	0.115736	0.0966052	0.0174028
0.02849	35.1	0.0200857	-0.690979	0.115689	0.0965124	0.0173455
0.0284091	35.2	0.0200369	-0.690981	0.115642	0.0964195	0.0172885
0.0283286	35.3	0.0199884	-0.690982	0.115594	0.0963264	0.0172317
0.0282486	35.4	0.0199404	-0.690984	0.115545	0.0962331	0.0171753
0.028169	35.5	0.0198927	-0.690985	0.115496	0.0961397	0.0171192
0.0280899	35.6	0.0198453	-0.690987	0.115446	0.0960462	0.0170634
0.0280112	35.7	0.0197984	-0.690989	0.115396	0.0959525	0.0170078
0.027933	35.8	0.0197518	-0.69099	0.115345	0.0958586	0.0169526
0.0278552	35.9	0.0197056	-0.690992	0.115293	0.0957646	0.0168976
0.0277778	36	0.0196597	-0.690993	0.115241	0.0956704	0.0168429
0.0277008	36.1	0.0196142	-0.690995	0.115189	0.0955761	0.0167885
0.0276243	36.2	0.019569	-0.690996	0.115135	0.0954816	0.0167344
0.0275482	36.3	0.0195242	-0.690998	0.115081	0.095387	0.0166805
0.0274725	36.4	0.0194797	-0.690999	0.115027	0.0952922	0.016627
0.0273973	36.5	0.0194356	-0.691001	0.114972	0.0951973	0.0165736
0.0273224	36.6	0.0193918	-0.691002	0.114917	0.0951022	0.0165206
0.027248	36.7	0.0193484	-0.691003	0.11486	0.0950069	0.0164678
0.0271739	36.8	0.0193053	-0.691005	0.114804	0.0949115	0.0164153
0.0271003	36.9	0.0192625	-0.691006	0.114746	0.0948159	0.0163631
0.027027	37	0.01922	-0.691008	0.114688	0.0947201	0.0163111
0.0269542	37.1	0.0191779	-0.691009	0.11463	0.0946242	0.0162593
0.0268817	37.2	0.0191361	-0.69101	0.114571	0.0945281	0.0162078
0.0268097	37.3	0.0190947	-0.691012	0.114511	0.0944319	0.0161566
0.026738	37.4	0.0190535	-0.691013	0.114451	0.0943354	0.0161056
0.0266667	37.5	0.0190127	-0.691015	0.11439	0.0942389	0.0160549
0.0265957	37.6	0.0189722	-0.691016	0.114329	0.0941421	0.0160044
0.0265252	37.7	0.018932	-0.691017	0.114267	0.0940452	0.0159541
0.026455	37.8	0.0188921	-0.691019	0.114204	0.0939481	0.0159041
0.0263852	37.9	0.0188526	-0.69102	0.114141	0.0938508	0.0158543
0.0263158	38	0.0188133	-0.691021	0.114077	0.0937534	0.0158048
0.0262467	38.1	0.0187743	-0.691022	0.114013	0.0936558	0.0157555
0.026178	38.2	0.0187357	-0.691024	0.113948	0.093558	0.0157064
0.0261097	38.3	0.0186973	-0.691025	0.113882	0.0934601	0.0156576
0.0260417	38.4	0.0186593	-0.691026	0.113816	0.093362	0.015609
0.025974	38.5	0.0186215	-0.691028	0.113749	0.0932637	0.0155606
0.0259067	38.6	0.018584	-0.691029	0.113682	0.0931652	0.0155124
0.0258398	38.7	0.0185468	-0.69103	0.113614	0.0930665	0.0154645
0.0257732	38.8	0.0185099	-0.691031	0.113545	0.0929677	0.0154168
0.0257069	38.9	0.0184733	-0.691033	0.113476	0.0928687	0.0153693
0.025641	39	0.018437	-0.691034	0.113407	0.0927695	0.015322
0.0255754	39.1	0.0184009	-0.691035	0.113336	0.0926702	0.0152749
0.0255102	39.2	0.0183652	-0.691036	0.113266	0.0925706	0.0152281
0.0254453	39.3	0.0183297	-0.691037	0.113194	0.0924709	0.0151814
0.0253807	39.4	0.0182944	-0.691038	0.113122	0.092371	0.015135
0.0253165	39.5	0.0182595	-0.69104	0.113049	0.0922709	0.0150888
0.0252525	39.6	0.0182248	-0.691041	0.112976	0.0921707	0.0150428
0.0251889	39.7	0.0181904	-0.691042	0.112902	0.0920702	0.014997
0.0251256	39.8	0.0181563	-0.691043	0.112828	0.0919696	0.0149514
0.0250627	39.9	0.0181224	-0.691044	0.112753	0.0918688	0.014906
0.025	40	0.0180888	-0.691045	0.112678	0.0917678	0.0148608
0.0249377	40.1	0.0180554	-0.691047	0.112601	0.0916666	0.0148158
0.0248756	40.2	0.0180223	-0.691048	0.112525	0.0915652	0.014771
0.0248139	40.3	0.0179894	-0.691049	0.112447	0.0914636	0.0147263
0.0247525	40.4	0.0179568	-0.69105	0.112369	0.0913619	0.0146819
0.0246914	40.5	0.0179245	-0.691051	0.112291	0.09126	0.0146377
0.0246305	40.6	0.0178924	-0.691052	0.112212	0.0911578	0.0145937
0.02457	40.7	0.0178606	-0.691053	0.112132	0.0910555	0.0145498
0.0245098	40.8	0.0178289	-0.691054	0.112052	0.090953	0.0145062
0.0244499	40.9	0.0177976	-0.691055	0.111971	0.0908503	0.0144627
0.0243902	41	0.0177665	-0.691056	0.11189	0.0907475	0.0144194
0.0243309	41.1	0.0177356	-0.691057	0.111808	0.0906444	0.0143763
0.0242718	41.2	0.0177049	-0.691058	0.111726	0.0905411	0.0143334
0.0242131	41.3	0.0176745	-0.691059	0.111642	0.0904377	0.0142906
0.0241546	41.4	0.0176444	-0.69106	0.111559	0.090334	0.014248
0.0240964	41.5	0.0176144	-0.691061	0.111475	0.0902302	0.0142057
0.0240385	41.6	0.0175847	-0.691063	0.11139	0.0901262	0.0141634
0.0239808	41.7	0.0175552	-0.691064	0.111304	0.0900219	0.0141214
0.0239234	41.8	0.0175259	-0.691065	0.111219	0.0899175	0.0140795
0.0238663	41.9	0.0174969	-0.691066	0.111132	0.0898129	0.0140379
0.0238095	42	0.0174681	-0.691067	0.111045	0.0897081	0.0139963
0.023753	42.1	0.0174395	-0.691067	0.110957	0.0896031	0.013955
0.0236967	42.2	0.0174111	-0.691068	0.110869	0.089498	0.0139138
0.0236407	42.3	0.0173829	-0.691069	0.11078	0.0893926	0.0138728
0.0235849	42.4	0.017355	-0.69107	0.110691	0.089287	0.0138319
0.0235294	42.5	0.0173273	-0.691071	0.110601	0.0891813	0.0137912
0.0234742	42.6	0.0172997	-0.691072	0.110511	0.0890753	0.0137507
0.0234192	42.7	0.0172724	-0.691073	0.11042	0.0889692	0.0137104
0.0233645	42.8	0.0172453	-0.691074	0.110328	0.0888628	0.0136702
0.02331	42.9	0.0172184	-0.691075	0.110236	0.0887563	0.0136301
0.0232558	43	0.0171917	-0.691076	0.110144	0.0886496	0.0135902
0.0232019	43.1	0.0171652	-0.691077	0.11005	0.0885427	0.0135505
0.0231481	43.2	0.0171389	-0.691078	0.109957	0.0884356	0.0135109
0.0230947	43.3	0.0171128	-0.691079	0.109862	0.0883283	0.0134715
0.0230415	43.4	0.0170869	-0.69108	0.109767	0.0882208	0.0134322
0.0229885	43.5	0.0170612	-0.691081	0.109672	0.0881131	0.0133931
0.0229358	43.6	0.0170357	-0.691082	0.109576	0.0880052	0.0133542
0.0228833	43.7	0.0170103	-0.691082	0.10948	0.0878972	0.0133154
0.0228311	43.8	0.0169852	-0.691083	0.109383	0.0877889	0.0132767
0.022779	43.9	0.0169603	-0.691084	0.109285	0.0876805	0.0132382
0.0227273	44	0.0169355	-0.691085	0.109187	0.0875718	0.0131998
0.0226757	44.1	0.0169109	-0.691086	0.109089	0.087463	0.0131616
0.0226244	44.2	0.0168865	-0.691087	0.108989	0.087354	0.0131235
0.0225734	44.3	0.0168623	-0.691088	0.10889	0.0872448	0.0130856
0.0225225	44.4	0.0168383	-0.691088	0.10879	0.0871354	0.0130478
0.0224719	44.5	0.0168145	-0.691089	0.108689	0.0870258	0.0130101
0.0224215	44.6	0.0167908	-0.69109	0.108588	0.086916	0.0129726
0.0223714	44.7	0.0167673	-0.691091	0.108486	0.0868061	0.0129353
0.0223214	44.8	0.016744	-0.691092	0.108384	0.0866959	0.012898
0.0222717	44.9	0.0167208	-0.691093	0.108281	0.0865856	0.012861
0.0222222	45	0.0166978	-0.691093	0.108177	0.0864751	0.012824
0.0221729	45.1	0.016675	-0.691094	0.108074	0.0863643	0.0127872
0.0221239	45.2	0.0166524	-0.691095	0.107969	0.0862535	0.0127505
0.0220751	45.3	0.0166299	-0.691096	0.107864	0.0861424	0.0127139
0.0220264	45.4	0.0166076	-0.691097	0.107759	0.0860311	0.0126775
0.021978	45.5	0.0165855	-0.691098	0.107653	0.0859196	0.0126412
0.0219298	45.6	0.0165635	-0.691098	0.107547	0.085808	0.0126051
0.0218818	45.7	0.0165416	-0.691099	0.10744	0.0856962	0.0125691
0.0218341	45.8	0.01652	-0.6911	0.107333	0.0855842	0.0125332
0.0217865	45.9	0.0164985	-0.691101	0.107225	0.085472	0.0124974
0.0217391	46	0.0164771	-0.691101	0.107116	0.0853596	0.0124618
0.021692	46.1	0.0164559	-0.691102	0.107008	0.0852471	0.0124262
0.021645	46.2	0.0164349	-0.691103	0.106898	0.0851344	0.0123909
0.0215983	46.3	0.016414	-0.691104	0.106788	0.0850215	0.0123556
0.0215517	46.4	0.0163932	-0.691105	0.106678	0.0849084	0.0123205
0.0215054	46.5	0.0163726	-0.691105	0.106567	0.0847951	0.0122855
0.0214592	46.6	0.0163522	-0.691106	0.106456	0.0846817	0.0122506
0.0214133	46.7	0.0163319	-0.691107	0.106344	0.084568	0.0122158
0.0213675	46.8	0.0163117	-0.691107	0.106232	0.0844542	0.0121811
0.021322	46.9	0.0162917	-0.691108	0.106119	0.0843403	0.0121466
0.0212766	47	0.0162718	-0.691109	0.106006	0.0842261	0.0121122
0.0212314	47.1	0.0162521	-0.69111	0.105892	0.0841118	0.0120779
0.0211864	47.2	0.0162325	-0.69111	0.105778	0.0839973	0.0120437
0.0211416	47.3	0.016213	-0.691111	0.105664	0.0838826	0.0120097
0.021097	47.4	0.0161937	-0.691112	0.105549	0.0837678	0.0119757
0.0210526	47.5	0.0161745	-0.691113	0.105433	0.0836528	0.0119419
0.0210084	47.6	0.0161555	-0.691113	0.105317	0.0835376	0.0119082
0.0209644	47.7	0.0161366	-0.691114	0.105201	0.0834222	0.0118746
0.0209205	47.8	0.0161178	-0.691115	0.105084	0.0833067	0.0118411
0.0208768	47.9	0.0160991	-0.691115	0.104966	0.083191	0.0118078
0.0208333	48	0.0160806	-0.691116	0.104849	0.0830751	0.0117745
0.02079	48.1	0.0160622	-0.691117	0.10473	0.0829591	0.0117414
0.0207469	48.2	0.016044	-0.691117	0.104612	0.0828429	0.0117083
0.0207039	48.3	0.0160258	-0.691118	0.104492	0.0827266	0.0116754
0.0206612	48.4	0.0160078	-0.691119	0.104373	0.08261	0.0116426
0.0206186	48.5	0.0159899	-0.691119	0.104253	0.0824934	0.0116099
0.0205761	48.6	0.0159721	-0.69112	0.104132	0.0823765	0.0115773
0.0205339	48.7	0.0159545	-0.691121	0.104012	0.0822595	0.0115448
0.0204918	48.8	0.0159369	-0.691121	0.10389	0.0821423	0.0115124
0.0204499	48.9	0.0159195	-0.691122	0.103769	0.082025	0.0114801
0.0204082	49	0.0159022	-0.691123	0.103646	0.0819075	0.0114479
0.0203666	49.1	0.015885	-0.691123	0.103524	0.0817899	0.0114159
0.0203252	49.2	0.0158679	-0.691124	0.103401	0.0816721	0.0113839
0.020284	49.3	0.015851	-0.691125	0.103277	0.0815541	0.011352
0.0202429	49.4	0.0158341	-0.691125	0.103154	0.081436	0.0113203
0.020202	49.5	0.0158174	-0.691126	0.103029	0.0813178	0.0112886
0.0201613	49.6	0.0158008	-0.691127	0.102905	0.0811994	0.0112571
0.0201207	49.7	0.0157843	-0.691127	0.10278	0.0810808	0.0112256
0.0200803	49.8	0.0157678	-0.691128	0.102654	0.0809621	0.0111942
0.0200401	49.9	0.0157515	-0.691129	0.102528	0.0808432	0.011163
0.02	50	0.0157353	-0.691129	0.102402	0.0807242	0.0111318
0.0199601	50.1	0.0157193	-0.69113	0.102276	0.0806051	0.0111008
0.0199203	50.2	0.0157033	-0.69113	0.102148	0.0804858	0.0110698
0.0198807	50.3	0.0156874	-0.691131	0.102021	0.0803664	0.0110389
0.0198413	50.4	0.0156716	-0.691132	0.101893	0.0802468	0.0110082
0.019802	50.5	0.0156559	-0.691132	0.101765	0.080127	0.0109775
0.0197628	50.6	0.0156403	-0.691133	0.101636	0.0800072	0.0109469
0.0197239	50.7	0.0156248	-0.691133	0.101507	0.0798872	0.0109165
0.019685	50.8	0.0156095	-0.691134	0.101378	0.079767	0.0108861
0.0196464	50.9	0.0155942	-0.691135	0.101248	0.0796467	0.0108558
0.0196078	51	0.015579	-0.691135	0.101118	0.0795263	0.0108256
0.0195695	51.1	0.0155639	-0.691136	0.100988	0.0794058	0.0107955
0.0195312	51.2	0.0155488	-0.691136	0.100857	0.0792851	0.0107655
0.0194932	51.3	0.0155339	-0.691137	0.100726	0.0791643	0.0107355
0.0194553	51.4	0.0155191	-0.691138	0.100594	0.0790433	0.0107057
0.0194175	51.5	0.0155044	-0.691138	0.100462	0.0789222	0.010676
0.0193798	51.6	0.0154897	-0.691139	0.10033	0.078801	0.0106463
0.0193424	51.7	0.0154752	-0.691139	0.100198	0.0786797	0.0106168
0.019305	51.8	0.0154607	-0.69114	0.100065	0.0785582	0.0105873
0.0192678	51.9	0.0154463	-0.69114	0.0999313	0.0784366	0.0105579
0.0192308	52	0.015432	-0.691141	0.0997976	0.0783149	0.0105286
0.0191939	52.1	0.0154178	-0.691142	0.0996636	0.078193	0.0104994
0.0191571	52.2	0.0154036	-0.691142	0.0995293	0.0780711	0.0104703
0.0191205	52.3	0.0153896	-0.691143	0.0993946	0.077949	0.0104413
0.019084	52.4	0.0153756	-0.691143	0.0992596	0.0778268	0.0104123
0.0190476	52.5	0.0153617	-0.691144	0.0991242	0.0777045	0.0103835
0.0190114	52.6	0.0153479	-0.691144	0.0989886	0.077582	0.0103547
0.0189753	52.7	0.0153342	-0.691145	0.0988526	0.0774595	0.010326
0.0189394	52.8	0.0153205	-0.691145	0.0987163	0.0773368	0.0102974
0.0189036	52.9	0.015307	-0.691146	0.0985796	0.077214	0.0102689
0.0188679	53	0.0152935	-0.691147	0.0984427	0.0770911	0.0102405
0.0188324	53.1	0.01528	-0.691147	0.0983054	0.0769681	0.0102122
0.018797	53.2	0.0152667	-0.691148	0.0981678	0.076845	0.0101839
0.0187617	53.3	0.0152534	-0.691148	0.0980299	0.0767218	0.0101557
0.0187266	53.4	0.0152402	-0.691149	0.0978917	0.0765984	0.0101276
0.0186916	53.5	0.0152271	-0.691149	0.0977532	0.076475	0.0100996
0.0186567	53.6	0.015214	-0.69115	0.0976144	0.0763514	0.0100717
0.018622	53.7	0.0152011	-0.69115	0.0974753	0.0762278	0.0100438
0.0185874	53.8	0.0151881	-0.691151	0.0973359	0.076104	0.010016
0.0185529	53.9	0.0151753	-0.691151	0.0971962	0.0759802	0.00998835
0.0185185	54	0.0151625	-0.691152	0.0970563	0.0758562	0.00996074
0.0184843	54.1	0.0151498	-0.691152	0.096916	0.0757322	0.0099332
0.0184502	54.2	0.0151372	-0.691153	0.0967754	0.075608	0.00990575
0.0184162	54.3	0.0151246	-0.691153	0.0966346	0.0754838	0.00987838
0.0183824	54.4	0.0151121	-0.691154	0.0964935	0.0753595	0.00985108
0.0183486	54.5	0.0150996	-0.691154	0.0963521	0.075235	0.00982386
0.018315	54.6	0.0150872	-0.691155	0.0962104	0.0751105	0.00979672
0.0182815	54.7	0.0150749	-0.691155	0.0960685	0.0749859	0.00976966
0.0182482	54.8	0.0150626	-0.691156	0.0959263	0.0748612	0.00974267
0.0182149	54.9	0.0150504	-0.691156	0.0957838	0.0747364	0.00971576
0.0181818	55	0.0150383	-0.691157	0.0956411	0.0746115	0.00968893
0.0181488	55.1	0.0150262	-0.691157	0.0954981	0.0744866	0.00966217
0.0181159	55.2	0.0150142	-0.691158	0.0953549	0.0743615	0.00963549
0.0180832	55.3	0.0150022	-0.691158	0.0952114	0.0742364	0.00960888
0.0180505	55.4	0.0149903	-0.691159	0.0950676	0.0741112	0.00958235
0.018018	55.5	0.0149785	-0.691159	0.0949236	0.0739859	0.0095559
0.0179856	55.6	0.0149667	-0.69116	0.0947794	0.0738605	0.00952951
0.0179533	55.7	0.014955	-0.69116	0.0946349	0.0737351	0.0095032
0.0179211	55.8	0.0149433	-0.691161	0.0944901	0.0736096	0.00947697
0.0178891	55.9	0.0149317	-0.691161	0.0943452	0.073484	0.0094508
0.0178571	56	0.0149201	-0.691161	0.0941999	0.0733583	0.00942471
0.0178253	56.1	0.0149086	-0.691162	0.0940545	0.0732326	0.0093987
0.0177936	56.2	0.0148971	-0.691162	0.0939088	0.0731068	0.00937275
0.017762	56.3	0.0148857	-0.691163	0.0937629	0.0729809	0.00934688
0.0177305	56.4	0.0148743	-0.691163	0.0936168	0.072855	0.00932108
0.0176991	56.5	0.014863	-0.691164	0.0934705	0.072729	0.00929534
0.0176678	56.6	0.0148517	-0.691164	0.0933239	0.0726029	0.00926968
0.0176367	56.7	0.0148405	-0.691165	0.0931771	0.0724768	0.0092441
0.0176056	56.8	0.0148294	-0.691165	0.0930301	0.0723506	0.00921858
0.0175747	56.9	0.0148183	-0.691166	0.0928829	0.0722243	0.00919313
0.0175439	57	0.0148072	-0.691166	0.0927355	0.072098	0.00916775
0.0175131	57.1	0.0147962	-0.691166	0.0925878	0.0719716	0.00914244
0.0174825	57.2	0.0147852	-0.691167	0.09244	0.0718452	0.0091172
0.017452	57.3	0.0147742	-0.691167	0.092292	0.0717187	0.00909203
0.0174216	57.4	0.0147634	-0.691168	0.0921437	0.0715922	0.00906692
0.0173913	57.5	0.0147525	-0.691168	0.0919953	0.0714656	0.00904189
0.0173611	57.6	0.0147417	-0.691169	0.0918467	0.0713389	0.00901692
0.017331	57.7	0.014731	-0.691169	0.0916979	0.0712122	0.00899202
0.017301	57.8	0.0147203	-0.69117	0.0915489	0.0710855	0.00896719
0.0172712	57.9	0.0147096	-0.69117	0.0913997	0.0709587	0.00894242
0.0172414	58	0.014699	-0.69117	0.0912503	0.0708319	0.00891773
0.0172117	58.1	0.0146884	-0.691171	0.0911008	0.070705	0.00889309
0.0171821	58.2	0.0146778	-0.691171	0.0909511	0.0705781	0.00886853
0.0171527	58.3	0.0146673	-0.691172	0.0908012	0.0704511	0.00884403
0.0171233	58.4	0.0146568	-0.691172	0.0906511	0.0703241	0.0088196
0.017094	58.5	0.0146464	-0.691172	0.0905009	0.0701971	0.00879523
0.0170648	58.6	0.014636	-0.691173	0.0903504	0.07007	0.00877093
0.0170358	58.7	0.0146257	-0.691173	0.0901999	0.0699429	0.00874669
0.0170068	58.8	0.0146154	-0.691174	0.0900491	0.0698157	0.00872251
0.0169779	58.9	0.0146051	-0.691174	0.0898982	0.0696886	0.00869841
0.0169492	59	0.0145948	-0.691175	0.0897472	0.0695614	0.00867436
0.0169205	59.1	0.0145846	-0.691175	0.089596	0.0694341	0.00865038
0.0168919	59.2	0.0145745	-0.691175	0.0894446	0.0693068	0.00862647
0.0168634	59.3	0.0145643	-0.691176	0.0892931	0.0691795	0.00860261
0.016835	59.4	0.0145542	-0.691176	0.0891415	0.0690522	0.00857882
0.0168067	59.5	0.0145442	-0.691177	0.0889897	0.0689249	0.0085551
0.0167785	59.6	0.0145341	-0.691177	0.0888377	0.0687975	0.00853143
0.0167504	59.7	0.0145241	-0.691177	0.0886856	0.0686701	0.00850783
0.0167224	59.8	0.0145141	-0.691178	0.0885334	0.0685427	0.00848429
0.0166945	59.9	0.0145042	-0.691178	0.0883811	0.0684153	0.00846082
0.0166667	60	0.0144943	-0.691179	0.0882286	0.0682878	0.0084374
0.0166389	60.1	0.0144844	-0.691179	0.088076	0.0681603	0.00841405
0.0166113	60.2	0.0144746	-0.691179	0.0879232	0.0680328	0.00839076
0.0165837	60.3	0.0144648	-0.69118	0.0877704	0.0679053	0.00836753
0.0165563	60.4	0.014455	-0.69118	0.0876174	0.0677778	0.00834436
0.0165289	60.5	0.0144452	-0.69118	0.0874643	0.0676503	0.00832125
0.0165017	60.6	0.0144355	-0.691181	0.0873111	0.0675228	0.0082982
0.0164745	60.7	0.0144258	-0.691181	0.0871577	0.0673952	0.00827521
0.0164474	60.8	0.0144162	-0.691182	0.0870043	0.0672677	0.00825228
0.0164204	60.9	0.0144065	-0.691182	0.0868507	0.0671401	0.00822942
0.0163934	61	0.0143969	-0.691182	0.086697	0.0670126	0.00820661
0.0163666	61.1	0.0143873	-0.691183	0.0865433	0.066885	0.00818386
0.0163399	61.2	0.0143778	-0.691183	0.0863894	0.0667575	0.00816117
0.0163132	61.3	0.0143682	-0.691183	0.0862354	0.0666299	0.00813854
0.0162866	61.4	0.0143587	-0.691184	0.0860813	0.0665023	0.00811597
0.0162602	61.5	0.0143493	-0.691184	0.0859272	0.0663748	0.00809345
0.0162338	61.6	0.0143398	-0.691185	0.0857729	0.0662472	0.008071
0.0162075	61.7	0.0143304	-0.691185	0.0856186	0.0661196	0.0080486
0.0161812	61.8	0.014321	-0.691185	0.0854641	0.0659921	0.00802626
0.0161551	61.9	0.0143116	-0.691186	0.0853096	0.0658646	0.00800398
0.016129	62	0.0143022	-0.691186	0.085155	0.065737	0.00798176
0.0161031	62.1	0.0142929	-0.691186	0.0850003	0.0656095	0.0079596
0.0160772	62.2	0.0142836	-0.691187	0.0848455	0.065482	0.00793749
0.0160514	62.3	0.0142743	-0.691187	0.0846906	0.0653545	0.00791544
0.0160256	62.4	0.014265	-0.691187	0.0845357	0.065227	0.00789344
0.016	62.5	0.0142558	-0.691188	0.0843807	0.0650995	0.0078715
0.0159744	62.6	0.0142466	-0.691188	0.0842257	0.0649721	0.00784962
0.015949	62.7	0.0142374	-0.691188	0.0840705	0.0648446	0.0078278
0.0159236	62.8	0.0142282	-0.691189	0.0839153	0.0647172	0.00780603
0.0158983	62.9	0.014219	-0.691189	0.0837601	0.0645898	0.00778432
0.015873	63	0.0142099	-0.69119	0.0836047	0.0644624	0.00776266
0.0158479	63.1	0.0142008	-0.69119	0.0834493	0.0643351	0.00774106
0.0158228	63.2	0.0141917	-0.69119	0.0832939	0.0642077	0.00771951
0.0157978	63.3	0.0141826	-0.691191	0.0831384	0.0640804	0.00769802
0.0157729	63.4	0.0141735	-0.691191	0.0829829	0.0639531	0.00767659
0.015748	63.5	0.0141645	-0.691191	0.0828273	0.0638259	0.00765521
0.0157233	63.6	0.0141555	-0.691192	0.0826716	0.0636986	0.00763388
0.0156986	63.7	0.0141465	-0.691192	0.0825159	0.0635714	0.00761261
0.015674	63.8	0.0141375	-0.691192	0.0823602	0.0634443	0.00759139
0.0156495	63.9	0.0141285	-0.691193	0.0822044	0.0633171	0.00757023
0.015625	64	0.0141196	-0.691193	0.0820486	0.06319	0.00754912
0.0156006	64.1	0.0141106	-0.691193	0.0818927	0.063063	0.00752807
0.0155763	64.2	0.0141017	-0.691194	0.0817368	0.062936	0.00750707
0.0155521	64.3	0.0140928	-0.691194	0.0815809	0.062809	0.00748612
0.015528	64.4	0.0140839	-0.691194	0.081425	0.062682	0.00746522
0.0155039	64.5	0.0140751	-0.691194	0.081269	0.0625551	0.00744438
0.0154799	64.6	0.0140662	-0.691195	0.081113	0.0624282	0.00742359
0.015456	64.7	0.0140574	-0.691195	0.0809569	0.0623014	0.00740286
0.0154321	64.8	0.0140486	-0.691195	0.0808009	0.0621746	0.00738218
0.0154083	64.9	0.0140398	-0.691196	0.0806448	0.0620479	0.00736155
0.0153846	65	0.014031	-0.691196	0.0804887	0.0619212	0.00734097
0.015361	65.1	0.0140222	-0.691196	0.0803326	0.0617945	0.00732045
0.0153374	65.2	0.0140135	-0.691197	0.0801765	0.0616679	0.00729997
0.0153139	65.3	0.0140047	-0.691197	0.0800203	0.0615414	0.00727955
0.0152905	65.4	0.013996	-0.691197	0.0798642	0.0614149	0.00725918
0.0152672	65.5	0.0139873	-0.691198	0.079708	0.0612884	0.00723886
0.0152439	65.6	0.0139786	-0.691198	0.0795519	0.061162	0.0072186
0.0152207	65.7	0.0139699	-0.691198	0.0793957	0.0610357	0.00719838
0.0151976	65.8	0.0139612	-0.691199	0.0792395	0.0609094	0.00717822
0.0151745	65.9	0.0139525	-0.691199	0.0790834	0.0607831	0.00715811
0.0151515	66	0.0139439	-0.691199	0.0789272	0.060657	0.00713805
0.0151286	66.1	0.0139352	-0.691199	0.0787711	0.0605308	0.00711804
0.0151057	66.2	0.0139266	-0.6912	0.0786149	0.0604048	0.00709808
0.015083	66.3	0.013918	-0.6912	0.0784587	0.0602788	0.00707817
0.0150602	66.4	0.0139094	-0.6912	0.0783026	0.0601528	0.00705831
0.0150376	66.5	0.0139008	-0.691201	0.0781465	0.060027	0.0070385
0.015015	66.6	0.0138922	-0.691201	0.0779904	0.0599012	0.00701874
0.0149925	66.7	0.0138837	-0.691201	0.0778343	0.0597754	0.00699903
0.0149701	66.8	0.0138751	-0.691202	0.0776782	0.0596497	0.00697937
0.0149477	66.9	0.0138666	-0.691202	0.0775221	0.0595241	0.00695976
0.0149254	67	0.013858	-0.691202	0.0773661	0.0593986	0.0069402
0.0149031	67.1	0.0138495	-0.691202	0.0772101	0.0592731	0.00692069
0.014881	67.2	0.013841	-0.691203	0.0770541	0.0591477	0.00690123
0.0148588	67.3	0.0138325	-0.691203	0.0768981	0.0590223	0.00688182
0.0148368	67.4	0.013824	-0.691203	0.0767421	0.0588971	0.00686245
0.0148148	67.5	0.0138155	-0.691204	0.0765862	0.0587719	0.00684314
0.0147929	67.6	0.0138071	-0.691204	0.0764304	0.0586468	0.00682387
0.014771	67.7	0.0137986	-0.691204	0.0762745	0.0585217	0.00680466
0.0147493	67.8	0.0137902	-0.691204	0.0761187	0.0583968	0.00678549
0.0147275	67.9	0.0137817	-0.691205	0.0759629	0.0582719	0.00676637
0.0147059	68	0.0137733	-0.691205	0.0758072	0.0581471	0.00674729
0.0146843	68.1	0.0137649	-0.691205	0.0756515	0.0580224	0.00672827
0.0146628	68.2	0.0137565	-0.691206	0.0754959	0.0578977	0.00670929
0.0146413	68.3	0.013748	-0.691206	0.0753403	0.0577732	0.00669036
0.0146199	68.4	0.0137397	-0.691206	0.0751847	0.0576487	0.00667148
0.0145985	68.5	0.0137313	-0.691206	0.0750292	0.0575243	0.00665265
0.0145773	68.6	0.0137229	-0.691207	0.0748737	0.0574	0.00663386
0.014556	68.7	0.0137145	-0.691207	0.0747183	0.0572757	0.00661512
0.0145349	68.8	0.0137062	-0.691207	0.074563	0.0571516	0.00659643
0.0145138	68.9	0.0136978	-0.691208	0.0744076	0.0570275	0.00657779
0.0144928	69	0.0136895	-0.691208	0.0742524	0.0569036	0.00655919
0.0144718	69.1	0.0136811	-0.691208	0.0740972	0.0567797	0.00654064
0.0144509	69.2	0.0136728	-0.691208	0.0739421	0.0566559	0.00652214
0.01443	69.3	0.0136645	-0.691209	0.073787	0.0565322	0.00650368
0.0144092	69.4	0.0136561	-0.691209	0.073632	0.0564086	0.00648527
0.0143885	69.5	0.0136478	-0.691209	0.0734771	0.0562851	0.0064669
0.0143678	69.6	0.0136395	-0.691209	0.0733222	0.0561617	0.00644858
0.0143472	69.7	0.0136312	-0.69121	0.0731674	0.0560384	0.00643031
0.0143266	69.8	0.013623	-0.69121	0.0730127	0.0559151	0.00641209
0.0143062	69.9	0.0136147	-0.69121	0.072858	0.055792	0.00639391
0.0142857	70	0.0136064	-0.69121	0.0727034	0.055669	0.00637577
0.0142653	70.1	0.0135981	-0.691211	0.0725489	0.0555461	0.00635768
0.014245	70.2	0.0135899	-0.691211	0.0723944	0.0554232	0.00633964
0.0142248	70.3	0.0135816	-0.691211	0.0722401	0.0553005	0.00632164
0.0142045	70.4	0.0135734	-0.691211	0.0720858	0.0551779	0.00630369
0.0141844	70.5	0.0135651	-0.691212	0.0719316	0.0550554	0.00628578
0.0141643	70.6	0.0135569	-0.691212	0.0717775	0.0549329	0.00626792
0.0141443	70.7	0.0135487	-0.691212	0.0716234	0.0548106	0.0062501
0.0141243	70.8	0.0135405	-0.691212	0.0714695	0.0546884	0.00623233
0.0141044	70.9	0.0135323	-0.691213	0.0713156	0.0545663	0.0062146
0.0140845	71	0.013524	-0.691213	0.0711618	0.0544443	0.00619692
0.0140647	71.1	0.0135158	-0.691213	0.0710081	0.0543224	0.00617928
0.0140449	71.2	0.0135076	-0.691213	0.0708545	0.0542006	0.00616168
0.0140252	71.3	0.0134995	-0.691214	0.070701	0.054079	0.00614413
0.0140056	71.4	0.0134913	-0.691214	0.0705476	0.0539574	0.00612663
0.013986	71.5	0.0134831	-0.691214	0.0703943	0.053836	0.00610916
0.0139665	71.6	0.0134749	-0.691214	0.0702411	0.0537146	0.00609175
0.013947	71.7	0.0134668	-0.691215	0.0700879	0.0535934	0.00607437
0.0139276	71.8	0.0134586	-0.691215	0.0699349	0.0534723	0.00605704
0.0139082	71.9	0.0134504	-0.691215	0.069782	0.0533513	0.00603976
0.0138889	72	0.0134423	-0.691215	0.0696292	0.0532304	0.00602251
0.0138696	72.1	0.0134341	-0.691216	0.0694765	0.0531096	0.00600531
0.0138504	72.2	0.013426	-0.691216	0.0693239	0.052989	0.00598816
0.0138313	72.3	0.0134179	-0.691216	0.0691713	0.0528685	0.00597104
0.0138122	72.4	0.0134097	-0.691216	0.069019	0.0527481	0.00595397
0.0137931	72.5	0.0134016	-0.691217	0.0688667	0.0526278	0.00593695
0.0137741	72.6	0.0133935	-0.691217	0.0687145	0.0525076	0.00591996
0.0137552	72.7	0.0133854	-0.691217	0.0685624	0.0523875	0.00590302
0.0137363	72.8	0.0133773	-0.691217	0.0684105	0.0522676	0.00588613
0.0137174	72.9	0.0133692	-0.691218	0.0682586	0.0521478	0.00586927
0.0136986	73	0.0133611	-0.691218	0.0681069	0.0520281	0.00585246
0.0136799	73.1	0.013353	-0.691218	0.0679553	0.0519086	0.00583569
0.0136612	73.2	0.0133449	-0.691218	0.0678038	0.0517891	0.00581896
0.0136426	73.3	0.0133368	-0.691218	0.0676525	0.0516698	0.00580227
0.013624	73.4	0.0133287	-0.691219	0.0675012	0.0515506	0.00578563
0.0136054	73.5	0.0133206	-0.691219	0.0673501	0.0514316	0.00576903
0.013587	73.6	0.0133126	-0.691219	0.0671991	0.0513127	0.00575247
0.0135685	73.7	0.0133045	-0.691219	0.0670482	0.0511939	0.00573595
0.0135501	73.8	0.0132964	-0.69122	0.0668975	0.0510752	0.00571948
0.0135318	73.9	0.0132884	-0.69122	0.0667469	0.0509567	0.00570304
0.0135135	74	0.0132803	-0.69122	0.0665964	0.0508382	0.00568665
0.0134953	74.1	0.0132723	-0.69122	0.066446	0.05072	0.0056703
0.0134771	74.2	0.0132642	-0.69122	0.0662958	0.0506018	0.00565399
0.013459	74.3	0.0132562	-0.691221	0.0661457	0.0504838	0.00563772
0.0134409	74.4	0.0132482	-0.691221	0.0659957	0.0503659	0.00562149
0.0134228	74.5	0.0132401	-0.691221	0.0658459	0.0502482	0.00560531
0.0134048	74.6	0.0132321	-0.691221	0.0656962	0.0501306	0.00558916
0.0133869	74.7	0.0132241	-0.691222	0.0655466	0.0500131	0.00557306
0.013369	74.8	0.0132161	-0.691222	0.0653972	0.0498958	0.00555699
0.0133511	74.9	0.013208	-0.691222	0.0652479	0.0497786	0.00554097
0.0133333	75	0.0132	-0.691222	0.0650988	0.0496615	0.00552499
0.0133156	75.1	0.013192	-0.691222	0.0649498	0.0495446	0.00550905
0.0132979	75.2	0.013184	-0.691223	0.0648009	0.0494278	0.00549315
0.0132802	75.3	0.013176	-0.691223	0.0646522	0.0493111	0.00547729
0.0132626	75.4	0.013168	-0.691223	0.0645037	0.0491946	0.00546147
0.013245	75.5	0.0131601	-0.691223	0.0643552	0.0490783	0.00544569
0.0132275	75.6	0.0131521	-0.691223	0.064207	0.048962	0.00542995
0.01321	75.7	0.0131441	-0.691224	0.0640588	0.048846	0.00541425
0.0131926	75.8	0.0131361	-0.691224	0.0639108	0.04873	0.00539859
0.0131752	75.9	0.0131282	-0.691224	0.063763	0.0486142	0.00538296
0.0131579	76	0.0131202	-0.691224	0.0636153	0.0484986	0.00536738
0.0131406	76.1	0.0131122	-0.691224	0.0634678	0.0483831	0.00535184
0.0131234	76.2	0.0131043	-0.691225	0.0633204	0.0482677	0.00533634
0.0131062	76.3	0.0130963	-0.691225	0.0631732	0.0481525	0.00532088
0.013089	76.4	0.0130884	-0.691225	0.0630262	0.0480374	0.00530546
0.0130719	76.5	0.0130804	-0.691225	0.0628793	0.0479225	0.00529008
0.0130548	76.6	0.0130725	-0.691225	0.0627325	0.0478077	0.00527473
0.0130378	76.7	0.0130645	-0.691226	0.0625859	0.0476931	0.00525943
0.0130208	76.8	0.0130566	-0.691226	0.0624395	0.0475786	0.00524416
0.0130039	76.9	0.0130487	-0.691226	0.0622932	0.0474642	0.00522893
0.012987	77	0.0130408	-0.691226	0.0621471	0.04735	0.00521375
0.0129702	77.1	0.0130328	-0.691226	0.0620011	0.047236	0.0051986
0.0129534	77.2	0.0130249	-0.691227	0.0618554	0.0471221	0.00518349
0.0129366	77.3	0.013017	-0.691227	0.0617097	0.0470084	0.00516842
0.0129199	77.4	0.0130091	-0.691227	0.0615643	0.0468948	0.00515338
0.0129032	77.5	0.0130012	-0.691227	0.061419	0.0467814	0.00513839
0.0128866	77.6	0.0129933	-0.691227	0.0612739	0.0466681	0.00512343
0.01287	77.7	0.0129854	-0.691228	0.0611289	0.046555	0.00510851
0.0128535	77.8	0.0129775	-0.691228	0.0609841	0.046442	0.00509363
0.012837	77.9	0.0129697	-0.691228	0.0608395	0.0463292	0.00507879
0.0128205	78	0.0129618	-0.691228	0.060695	0.0462165	0.00506399
0.0128041	78.1	0.0129539	-0.691228	0.0605508	0.046104	0.00504922
0.0127877	78.2	0.012946	-0.691229	0.0604066	0.0459917	0.0050345
0.0127714	78.3	0.0129382	-0.691229	0.0602627	0.0458795	0.00501981
0.0127551	78.4	0.0129303	-0.691229	0.060119	0.0457674	0.00500515
0.0127389	78.5	0.0129225	-0.691229	0.0599754	0.0456556	0.00499054
0.0127226	78.6	0.0129146	-0.691229	0.059832	0.0455438	0.00497596
0.0127065	78.7	0.0129068	-0.691229	0.0596887	0.0454323	0.00496142
0.0126904	78.8	0.0128989	-0.69123	0.0595457	0.0453209	0.00494692
0.0126743	78.9	0.0128911	-0.69123	0.0594028	0.0452096	0.00493245
0.0126582	79	0.0128833	-0.69123	0.0592601	0.0450985	0.00491803
0.0126422	79.1	0.0128754	-0.69123	0.0591176	0.0449876	0.00490364
0.0126263	79.2	0.0128676	-0.69123	0.0589752	0.0448768	0.00488928
0.0126103	79.3	0.0128598	-0.691231	0.0588331	0.0447662	0.00487497
0.0125945	79.4	0.012852	-0.691231	0.0586911	0.0446558	0.00486069
0.0125786	79.5	0.0128442	-0.691231	0.0585493	0.0445455	0.00484644
0.0125628	79.6	0.0128364	-0.691231	0.0584077	0.0444354	0.00483224
0.0125471	79.7	0.0128286	-0.691231	0.0582662	0.0443254	0.00481807
0.0125313	79.8	0.0128208	-0.691231	0.058125	0.0442156	0.00480393
0.0125156	79.9	0.012813	-0.691232	0.0579839	0.044106	0.00478984
0.0125	80	0.0128052	-0.691232	0.0578431	0.0439965	0.00477578
0.0124844	80.1	0.0127974	-0.691232	0.0577024	0.0438872	0.00476175
0.0124688	80.2	0.0127897	-0.691232	0.0575619	0.043778	0.00474777
0.0124533	80.3	0.0127819	-0.691232	0.0574216	0.0436691	0.00473382
0.0124378	80.4	0.0127741	-0.691233	0.0572814	0.0435603	0.0047199
0.0124224	80.5	0.0127664	-0.691233	0.0571415	0.0434516	0.00470602
0.0124069	80.6	0.0127586	-0.691233	0.0570018	0.0433431	0.00469218
0.0123916	80.7	0.0127509	-0.691233	0.0568622	0.0432348	0.00467837
0.0123762	80.8	0.0127432	-0.691233	0.0567229	0.0431267	0.0046646
0.0123609	80.9	0.0127354	-0.691233	0.0565837	0.0430187	0.00465086
0.0123457	81	0.0127277	-0.691234	0.0564447	0.0429109	0.00463716
0.0123305	81.1	0.01272	-0.691234	0.0563059	0.0428032	0.0046235
0.0123153	81.2	0.0127123	-0.691234	0.0561674	0.0426958	0.00460987
0.0123001	81.3	0.0127046	-0.691234	0.056029	0.0425885	0.00459628
0.012285	81.4	0.0126969	-0.691234	0.0558908	0.0424813	0.00458272
0.0122699	81.5	0.0126892	-0.691234	0.0557528	0.0423744	0.0045692
0.0122549	81.6	0.0126815	-0.691235	0.055615	0.0422676	0.00455571
0.0122399	81.7	0.0126738	-0.691235	0.0554774	0.0421609	0.00454225
0.0122249	81.8	0.0126661	-0.691235	0.05534	0.0420545	0.00452884
0.01221	81.9	0.0126584	-0.691235	0.0552028	0.0419482	0.00451545
0.0121951	82	0.0126508	-0.691235	0.0550658	0.0418421	0.00450211
0.0121803	82.1	0.0126431	-0.691235	0.0549289	0.0417361	0.00448879
0.0121655	82.2	0.0126354	-0.691236	0.0547923	0.0416303	0.00447552
0.0121507	82.3	0.0126278	-0.691236	0.0546559	0.0415247	0.00446227
0.0121359	82.4	0.0126202	-0.691236	0.0545197	0.0414193	0.00444906
0.0121212	82.5	0.0126125	-0.691236	0.0543837	0.041314	0.00443589
0.0121065	82.6	0.0126049	-0.691236	0.0542479	0.041209	0.00442275
0.0120919	82.7	0.0125973	-0.691236	0.0541123	0.041104	0.00440964
0.0120773	82.8	0.0125897	-0.691236	0.0539769	0.0409993	0.00439657
0.0120627	82.9	0.012582	-0.691237	0.0538417	0.0408947	0.00438353
0.0120482	83	0.0125744	-0.691237	0.0537068	0.0407903	0.00437053
0.0120337	83.1	0.0125669	-0.691237	0.053572	0.0406861	0.00435756
0.0120192	83.2	0.0125593	-0.691237	0.0534374	0.0405821	0.00434463
0.0120048	83.3	0.0125517	-0.691237	0.053303	0.0404782	0.00433173
0.0119904	83.4	0.0125441	-0.691237	0.0531689	0.0403745	0.00431886
0.011976	83.5	0.0125365	-0.691238	0.0530349	0.040271	0.00430603
0.0119617	83.6	0.012529	-0.691238	0.0529012	0.0401677	0.00429323
0.0119474	83.7	0.0125214	-0.691238	0.0527676	0.0400645	0.00428046
0.0119332	83.8	0.0125139	-0.691238	0.0526343	0.0399615	0.00426773
0.011919	83.9	0.0125063	-0.691238	0.0525012	0.0398587	0.00425503
0.0119048	84	0.0124988	-0.691238	0.0523683	0.039756	0.00424237
0.0118906	84.1	0.0124913	-0.691238	0.0522356	0.0396536	0.00422973
0.0118765	84.2	0.0124838	-0.691239	0.0521031	0.0395513	0.00421713
0.0118624	84.3	0.0124763	-0.691239	0.0519708	0.0394492	0.00420457
0.0118483	84.4	0.0124688	-0.691239	0.0518387	0.0393472	0.00419204
0.0118343	84.5	0.0124613	-0.691239	0.0517069	0.0392455	0.00417954
0.0118203	84.6	0.0124538	-0.691239	0.0515752	0.0391439	0.00416707
0.0118064	84.7	0.0124463	-0.691239	0.0514438	0.0390425	0.00415464
0.0117925	84.8	0.0124388	-0.69124	0.0513126	0.0389413	0.00414224
0.0117786	84.9	0.0124314	-0.69124	0.0511816	0.0388402	0.00412987
0.0117647	85	0.0124239	-0.69124	0.0510508	0.0387393	0.00411753
0.0117509	85.1	0.0124165	-0.69124	0.0509202	0.0386386	0.00410523
0.0117371	85.2	0.0124091	-0.69124	0.0507899	0.0385381	0.00409296
0.0117233	85.3	0.0124016	-0.69124	0.0506597	0.0384378	0.00408072
0.0117096	85.4	0.0123942	-0.69124	0.0505298	0.0383376	0.00406852
0.0116959	85.5	0.0123868	-0.691241	0.0504001	0.0382377	0.00405635
0.0116822	85.6	0.0123794	-0.691241	0.0502706	0.0381379	0.00404421
0.0116686	85.7	0.012372	-0.691241	0.0501413	0.0380382	0.0040321
0.011655	85.8	0.0123646	-0.691241	0.0500122	0.0379388	0.00402002
0.0116414	85.9	0.0123572	-0.691241	0.0498834	0.0378395	0.00400798
0.0116279	86	0.0123499	-0.691241	0.0497547	0.0377405	0.00399597
0.0116144	86.1	0.0123425	-0.691241	0.0496263	0.0376416	0.00398399
0.0116009	86.2	0.0123351	-0.691242	0.0494981	0.0375428	0.00397204
0.0115875	86.3	0.0123278	-0.691242	0.0493702	0.0374443	0.00396012
0.0115741	86.4	0.0123205	-0.691242	0.0492424	0.0373459	0.00394824
0.0115607	86.5	0.0123131	-0.691242	0.0491149	0.0372478	0.00393639
0.0115473	86.6	0.0123058	-0.691242	0.0489875	0.0371498	0.00392456
0.011534	86.7	0.0122985	-0.691242	0.0488604	0.0370519	0.00391278
0.0115207	86.8	0.0122912	-0.691242	0.0487336	0.0369543	0.00390102
0.0115075	86.9	0.0122839	-0.691242	0.0486069	0.0368569	0.00388929
0.0114943	87	0.0122766	-0.691243	0.0484805	0.0367596	0.00387759
0.0114811	87.1	0.0122694	-0.691243	0.0483542	0.0366625	0.00386593
0.0114679	87.2	0.0122621	-0.691243	0.0482282	0.0365656	0.0038543
0.0114548	87.3	0.0122549	-0.691243	0.0481025	0.0364688	0.0038427
0.0114416	87.4	0.0122476	-0.691243	0.0479769	0.0363723	0.00383113
0.0114286	87.5	0.0122404	-0.691243	0.0478516	0.0362759	0.00381959
0.0114155	87.6	0.0122332	-0.691243	0.0477265	0.0361797	0.00380808
0.0114025	87.7	0.012226	-0.691244	0.0476016	0.0360837	0.0037966
0.0113895	87.8	0.0122188	-0.691244	0.0474769	0.0359879	0.00378515
0.0113766	87.9	0.0122116	-0.691244	0.0473525	0.0358922	0.00377374
0.0113636	88	0.0122044	-0.691244	0.0472282	0.0357968	0.00376235
0.0113507	88.1	0.0121972	-0.691244	0.0471042	0.0357015	0.00375099
0.0113379	88.2	0.01219	-0.691244	0.0469805	0.0356064	0.00373967
0.011325	88.3	0.0121829	-0.691244	0.0468569	0.0355115	0.00372837
0.0113122	88.4	0.0121757	-0.691244	0.0467336	0.0354167	0.00371711
0.0112994	88.5	0.0121686	-0.691245	0.0466105	0.0353222	0.00370588
0.0112867	88.6	0.0121615	-0.691245	0.0464876	0.0352278	0.00369467
0.011274	88.7	0.0121544	-0.691245	0.046365	0.0351336	0.0036835
0.0112613	88.8	0.0121473	-0.691245	0.0462425	0.0350396	0.00367236
0.0112486	88.9	0.0121402	-0.691245	0.0461203	0.0349458	0.00366125
0.011236	89	0.0121331	-0.691245	0.0459984	0.0348521	0.00365016
0.0112233	89.1	0.012126	-0.691245	0.0458766	0.0347587	0.00363911
0.0112108	89.2	0.012119	-0.691245	0.0457551	0.0346654	0.00362809
0.0111982	89.3	0.0121119	-0.691246	0.0456338	0.0345723	0.00361709
0.0111857	89.4	0.0121049	-0.691246	0.0455127	0.0344794	0.00360613
0.0111732	89.5	0.0120979	-0.691246	0.0453919	0.0343866	0.0035952
0.0111607	89.6	0.0120908	-0.691246	0.0452712	0.0342941	0.00358429
0.0111483	89.7	0.0120838	-0.691246	0.0451508	0.0342017	0.00357342
0.0111359	89.8	0.0120768	-0.691246	0.0450307	0.0341095	0.00356257
0.0111235	89.9	0.0120699	-0.691246	0.0449107	0.0340175	0.00355175
0.0111111	90	0.0120629	-0.691246	0.044791	0.0339257	0.00354097
0.0110988	90.1	0.0120559	-0.691247	0.0446715	0.033834	0.00353021
0.0110865	90.2	0.012049	-0.691247	0.0445522	0.0337426	0.00351948
0.0110742	90.3	0.012042	-0.691247	0.0444332	0.0336513	0.00350878
0.0110619	90.4	0.0120351	-0.691247	0.0443144	0.0335602	0.00349811
0.0110497	90.5	0.0120282	-0.691247	0.0441958	0.0334693	0.00348747
0.0110375	90.6	0.0120213	-0.691247	0.0440775	0.0333785	0.00347686
0.0110254	90.7	0.0120144	-0.691247	0.0439593	0.033288	0.00346628
0.0110132	90.8	0.0120075	-0.691247	0.0438414	0.0331976	0.00345572
0.0110011	90.9	0.0120007	-0.691247	0.0437238	0.0331074	0.0034452
0.010989	91	0.0119938	-0.691248	0.0436063	0.0330174	0.0034347
0.0109769	91.1	0.011987	-0.691248	0.0434891	0.0329276	0.00342423
0.0109649	91.2	0.0119801	-0.691248	0.0433721	0.032838	0.00341379
0.0109529	91.3	0.0119733	-0.691248	0.0432554	0.0327485	0.00340338
0.0109409	91.4	0.0119665	-0.691248	0.0431388	0.0326592	0.003393
0.010929	91.5	0.0119597	-0.691248	0.0430225	0.0325701	0.00338264
0.010917	91.6	0.0119529	-0.691248	0.0429065	0.0324812	0.00337232
0.0109051	91.7	0.0119462	-0.691248	0.0427906	0.0323925	0.00336202
0.0108932	91.8	0.0119394	-0.691249	0.042675	0.0323039	0.00335175
0.0108814	91.9	0.0119327	-0.691249	0.0425596	0.0322156	0.00334151
0.0108696	92	0.0119259	-0.691249	0.0424444	0.0321274	0.0033313
0.0108578	92.1	0.0119192	-0.691249	0.0423295	0.0320394	0.00332111
0.010846	92.2	0.0119125	-0.691249	0.0422148	0.0319516	0.00331095
0.0108342	92.3	0.0119058	-0.691249	0.0421003	0.0318639	0.00330082
0.0108225	92.4	0.0118991	-0.691249	0.0419861	0.0317765	0.00329072
0.0108108	92.5	0.0118925	-0.691249	0.0418721	0.0316892	0.00328065
0.0107991	92.6	0.0118858	-0.691249	0.0417583	0.0316021	0.0032706
0.0107875	92.7	0.0118792	-0.691249	0.0416447	0.0315152	0.00326058
0.0107759	92.8	0.0118725	-0.69125	0.0415314	0.0314285	0.00325059
0.0107643	92.9	0.0118659	-0.69125	0.0414183	0.0313419	0.00324063
0.0107527	93	0.0118593	-0.69125	0.0413054	0.0312556	0.00323069
0.0107411	93.1	0.0118527	-0.69125	0.0411928	0.0311694	0.00322078
0.0107296	93.2	0.0118462	-0.69125	0.0410804	0.0310834	0.0032109
0.0107181	93.3	0.0118396	-0.69125	0.0409682	0.0309975	0.00320105
0.0107066	93.4	0.0118331	-0.69125	0.0408562	0.0309119	0.00319122
0.0106952	93.5	0.0118265	-0.69125	0.0407445	0.0308265	0.00318142
0.0106838	93.6	0.01182	-0.69125	0.040633	0.0307412	0.00317165
0.0106724	93.7	0.0118135	-0.691251	0.0405217	0.0306561	0.0031619
0.010661	93.8	0.011807	-0.691251	0.0404107	0.0305712	0.00315218
0.0106496	93.9	0.0118005	-0.691251	0.0402999	0.0304864	0.00314249
0.0106383	94	0.0117941	-0.691251	0.0401893	0.0304019	0.00313283
0.010627	94.1	0.0117876	-0.691251	0.0400789	0.0303175	0.00312319
0.0106157	94.2	0.0117812	-0.691251	0.0399688	0.0302333	0.00311358
0.0106045	94.3	0.0117747	-0.691251	0.0398589	0.0301493	0.00310399
0.0105932	94.4	0.0117683	-0.691251	0.0397492	0.0300655	0.00309443
0.010582	94.5	0.0117619	-0.691251	0.0396398	0.0299819	0.0030849
0.0105708	94.6	0.0117556	-0.691251	0.0395306	0.0298984	0.00307539
0.0105597	94.7	0.0117492	-0.691252	0.0394216	0.0298151	0.00306591
0.0105485	94.8	0.0117428	-0.691252	0.0393129	0.029732	0.00305646
0.0105374	94.9	0.0117365	-0.691252	0.0392043	0.0296491	0.00304703
0.0105263	95	0.0117302	-0.691252	0.039096	0.0295664	0.00303763
0.0105152	95.1	0.0117239	-0.691252	0.038988	0.0294838	0.00302826
0.0105042	95.2	0.0117176	-0.691252	0.0388801	0.0294014	0.00301891
0.0104932	95.3	0.0117113	-0.691252	0.0387725	0.0293192	0.00300959
0.0104822	95.4	0.011705	-0.691252	0.0386651	0.0292372	0.00300029
0.0104712	95.5	0.0116988	-0.691252	0.038558	0.0291554	0.00299102
0.0104603	95.6	0.0116926	-0.691252	0.0384511	0.0290737	0.00298178
0.0104493	95.7	0.0116863	-0.691253	0.0383444	0.0289922	0.00297256
0.0104384	95.8	0.0116801	-0.691253	0.0382379	0.0289109	0.00296337
0.0104275	95.9	0.0116739	-0.691253	0.0381317	0.0288298	0.0029542
0.0104167	96	0.0116678	-0.691253	0.0380256	0.0287489	0.00294506
0.0104058	96.1	0.0116616	-0.691253	0.0379199	0.0286681	0.00293594
0.010395	96.2	0.0116555	-0.691253	0.0378143	0.0285875	0.00292685
0.0103842	96.3	0.0116493	-0.691253	0.037709	0.0285071	0.00291779
0.0103734	96.4	0.0116432	-0.691253	0.0376039	0.0284269	0.00290875
0.0103627	96.5	0.0116371	-0.691253	0.037499	0.0283469	0.00289973
0.010352	96.6	0.0116311	-0.691253	0.0373943	0.028267	0.00289074
0.0103413	96.7	0.011625	-0.691253	0.0372899	0.0281873	0.00288178
0.0103306	96.8	0.0116189	-0.691254	0.0371857	0.0281078	0.00287284
0.0103199	96.9	0.0116129	-0.691254	0.0370818	0.0280285	0.00286393
0.0103093	97	0.0116069	-0.691254	0.036978	0.0279493	0.00285504
0.0102987	97.1	0.0116009	-0.691254	0.0368745	0.0278704	0.00284618
0.0102881	97.2	0.0115949	-0.691254	0.0367712	0.0277916	0.00283734
0.0102775	97.3	0.0115889	-0.691254	0.0366682	0.027713	0.00282852
0.0102669	97.4	0.011583	-0.691254	0.0365653	0.0276345	0.00281973
0.0102564	97.5	0.011577	-0.691254	0.0364627	0.0275563	0.00281097
0.0102459	97.6	0.0115711	-0.691254	0.0363603	0.0274782	0.00280223
0.0102354	97.7	0.0115652	-0.691254	0.0362582	0.0274003	0.00279351
0.0102249	97.8	0.0115593	-0.691254	0.0361563	0.0273226	0.00278482
0.0102145	97.9	0.0115534	-0.691255	0.0360546	0.027245	0.00277616
0.0102041	98	0.0115476	-0.691255	0.0359531	0.0271676	0.00276752
0.0101937	98.1	0.0115417	-0.691255	0.0358518	0.0270904	0.0027589
0.0101833	98.2	0.0115359	-0.691255	0.0357508	0.0270134	0.00275031
0.0101729	98.3	0.0115301	-0.691255	0.03565	0.0269366	0.00274174
0.0101626	98.4	0.0115243	-0.691255	0.0355494	0.0268599	0.00273319
0.0101523	98.5	0.0115185	-0.691255	0.0354491	0.0267834	0.00272467
0.010142	98.6	0.0115128	-0.691255	0.0353489	0.0267071	0.00271618
0.0101317	98.7	0.011507	-0.691255	0.035249	0.026631	0.00270771
0.0101215	98.8	0.0115013	-0.691255	0.0351494	0.026555	0.00269926
0.0101112	98.9	0.0114956	-0.691255	0.0350499	0.0264792	0.00269083
0.010101	99	0.0114899	-0.691256	0.0349507	0.0264036	0.00268243
0.0100908	99.1	0.0114842	-0.691256	0.0348517	0.0263281	0.00267406
0.0100806	99.2	0.0114786	-0.691256	0.0347529	0.0262529	0.0026657
0.0100705	99.3	0.0114729	-0.691256	0.0346543	0.0261778	0.00265738
0.0100604	99.4	0.0114673	-0.691256	0.034556	0.0261029	0.00264907
0.0100503	99.5	0.0114617	-0.691256	0.0344579	0.0260281	0.00264079
0.0100402	99.6	0.0114561	-0.691256	0.03436	0.0259536	0.00263253
0.0100301	99.7	0.0114506	-0.691256	0.0342623	0.0258792	0.0026243
0.01002	99.8	0.011445	-0.691256	0.0341649	0.025805	0.00261608
0.01001	99.9	0.0114395	-0.691256	0.0340677	0.0257309	0.0026079
0.01	100	0.0114339	-0.691256	0.0339707	0.025657	0.00259973
