#T	β	c	e	chiz	chic	s
100	0.01	1.86547e-05	-0.00186087	0.00248762	0.0024875	0.693138
50	0.02	7.49831e-05	-0.00373091	0.0049505	0.00495	0.69311
33.3333	0.03	0.00016952	-0.00560999	0.00738863	0.00738751	0.693063
25	0.04	0.000302787	-0.00749799	0.00980201	0.00980003	0.692997
20	0.05	0.000475287	-0.00939478	0.0121907	0.0121876	0.692911
16.6667	0.06	0.000687507	-0.0113002	0.0145546	0.0145501	0.692807
14.2857	0.07	0.00093992	-0.0132142	0.0168938	0.0168878	0.692682
12.5	0.08	0.00123298	-0.0151366	0.0192083	0.0192004	0.692538
11.1111	0.09	0.00156711	-0.0170672	0.0214981	0.0214882	0.692374
10	0.1	0.00194274	-0.019006	0.0237633	0.0237511	0.69219
9.09091	0.11	0.00236026	-0.0209527	0.0260038	0.0259891	0.691985
8.33333	0.12	0.00282004	-0.0229072	0.0282197	0.0282022	0.69176
7.69231	0.13	0.00332244	-0.0248693	0.030411	0.0303906	0.691515
7.14286	0.14	0.00386778	-0.026839	0.0325778	0.0325542	0.691249
6.66667	0.15	0.00445639	-0.028816	0.03472	0.034693	0.690963
6.25	0.16	0.00508855	-0.0308002	0.0368378	0.0368072	0.690655
5.88235	0.17	0.00576452	-0.0327914	0.0389311	0.0388966	0.690327
5.55556	0.18	0.00648455	-0.0347894	0.0410001	0.0409615	0.689977
5.26316	0.19	0.00724884	-0.0367941	0.0430447	0.0430018	0.689606
5	0.2	0.0080576	-0.0388053	0.045065	0.0450176	0.689214
3.33333	0.3	0.0186146	-0.0592347	0.0639443	0.0638411	0.684102
2.5	0.4	0.033634	-0.0801042	0.08047	0.0802928	0.676795
2	0.5	0.0528619	-0.101205	0.0947404	0.0944738	0.667298
1.66667	0.6	0.0757768	-0.122321	0.106882	0.106513	0.655686
1.42857	0.7	0.101628	-0.143233	0.117043	0.116563	0.642095
1.25	0.8	0.129499	-0.163735	0.125393	0.124795	0.626722
1.11111	0.9	0.158389	-0.183643	0.132112	0.131392	0.609807
1	1	0.187293	-0.202796	0.137387	0.136543	0.591619
0.909091	1.1	0.215278	-0.221064	0.141401	0.140434	0.572445
0.833333	1.2	0.241544	-0.238352	0.144334	0.143248	0.552572
0.769231	1.3	0.265456	-0.254596	0.146356	0.145153	0.532276
0.714286	1.4	0.286562	-0.26976	0.147619	0.146306	0.511813
0.666667	1.5	0.304586	-0.283838	0.148264	0.146845	0.49141
0.625	1.6	0.319417	-0.296842	0.148412	0.146894	0.471261
0.588235	1.7	0.331076	-0.308805	0.148169	0.146559	0.451531
0.555556	1.8	0.339694	-0.319771	0.147625	0.145929	0.43235
0.526316	1.9	0.345476	-0.329793	0.146856	0.14508	0.413816
0.5	2	0.348681	-0.338931	0.145924	0.144075	0.396004
0.47619	2.1	0.349592	-0.347248	0.14488	0.142962	0.378961
0.454545	2.2	0.348505	-0.354807	0.143765	0.141784	0.362715
0.434783	2.3	0.345712	-0.36167	0.142611	0.140572	0.34728
0.416667	2.4	0.34149	-0.367897	0.141444	0.139351	0.332651
0.4	2.5	0.336097	-0.373546	0.140284	0.13814	0.318816
0.384615	2.6	0.329766	-0.378669	0.139144	0.136953	0.305755
0.37037	2.7	0.322707	-0.383318	0.138036	0.135801	0.29344
0.357143	2.8	0.315102	-0.387537	0.136967	0.13469	0.28184
0.344828	2.9	0.30711	-0.39137	0.135942	0.133627	0.270921
0.333333	3	0.298866	-0.394853	0.134965	0.132612	0.260648
0.322581	3.1	0.290485	-0.398022	0.134036	0.131649	0.250985
0.3125	3.2	0.282061	-0.400908	0.133157	0.130737	0.241895
0.30303	3.3	0.273673	-0.40354	0.132327	0.129875	0.233344
0.294118	3.4	0.265383	-0.405942	0.131545	0.129062	0.225298
0.285714	3.5	0.257241	-0.408139	0.13081	0.128296	0.217723
0.277778	3.6	0.249288	-0.410149	0.130118	0.127576	0.210588
0.27027	3.7	0.241552	-0.411991	0.12947	0.126899	0.203864
0.263158	3.8	0.234056	-0.413683	0.128861	0.126263	0.197522
0.25641	3.9	0.226814	-0.415238	0.12829	0.125666	0.191537
0.25	4	0.219836	-0.416669	0.127755	0.125105	0.185883
0.243902	4.1	0.213127	-0.417989	0.127254	0.124577	0.180537
0.238095	4.2	0.206689	-0.419208	0.126784	0.124082	0.175479
0.232558	4.3	0.20052	-0.420336	0.126344	0.123616	0.170689
0.227273	4.4	0.194616	-0.42138	0.12593	0.123178	0.166147
0.222222	4.5	0.188972	-0.422349	0.125542	0.122766	0.161837
0.217391	4.6	0.183579	-0.423249	0.125178	0.122378	0.157743
0.212766	4.7	0.17843	-0.424086	0.124836	0.122011	0.153851
0.208333	4.8	0.173517	-0.424866	0.124515	0.121666	0.150146
0.204082	4.9	0.168829	-0.425594	0.124212	0.12134	0.146617
0.2	5	0.164357	-0.426274	0.123928	0.121031	0.143251
0.196078	5.1	0.160091	-0.42691	0.123659	0.12074	0.140039
0.192308	5.2	0.156022	-0.427506	0.123406	0.120463	0.13697
0.188679	5.3	0.152139	-0.428065	0.123168	0.120201	0.134035
0.185185	5.4	0.148434	-0.42859	0.122942	0.119953	0.131226
0.181818	5.5	0.144897	-0.429084	0.122729	0.119716	0.128535
0.178571	5.6	0.141519	-0.429549	0.122527	0.119491	0.125955
0.175439	5.7	0.138293	-0.429987	0.122336	0.119277	0.123479
0.172414	5.8	0.135208	-0.430401	0.122155	0.119073	0.121101
0.169492	5.9	0.132259	-0.430791	0.121983	0.118879	0.118815
0.166667	6	0.129437	-0.431161	0.12182	0.118693	0.116616
0.163934	6.1	0.126735	-0.431511	0.121665	0.118515	0.114498
0.16129	6.2	0.124146	-0.431843	0.121518	0.118345	0.112459
0.15873	6.3	0.121665	-0.432157	0.121378	0.118182	0.110492
0.15625	6.4	0.119285	-0.432456	0.121244	0.118026	0.108595
0.153846	6.5	0.117001	-0.43274	0.121117	0.117876	0.106764
0.151515	6.6	0.114807	-0.43301	0.120995	0.117732	0.104994
0.149254	6.7	0.112699	-0.433267	0.120879	0.117593	0.103284
0.147059	6.8	0.110672	-0.433513	0.120768	0.11746	0.101629
0.144928	6.9	0.10872	-0.433746	0.120662	0.117331	0.100028
0.142857	7	0.106841	-0.433969	0.120561	0.117207	0.0984768
0.140845	7.1	0.105031	-0.434183	0.120464	0.117088	0.0969742
0.138889	7.2	0.103285	-0.434386	0.12037	0.116972	0.0955175
0.136986	7.3	0.101601	-0.434581	0.120281	0.11686	0.0941045
0.135135	7.4	0.0999744	-0.434768	0.120196	0.116752	0.0927333
0.133333	7.5	0.0984032	-0.434947	0.120114	0.116648	0.0914019
0.131579	7.6	0.0968845	-0.435118	0.120035	0.116547	0.0901086
0.12987	7.7	0.0954155	-0.435282	0.119959	0.116448	0.0888517
0.128205	7.8	0.0939938	-0.43544	0.119887	0.116353	0.0876298
0.126582	7.9	0.0926171	-0.435591	0.119817	0.116261	0.0864412
0.125	8	0.0912832	-0.435737	0.119749	0.116171	0.0852846
0.123457	8.1	0.0899901	-0.435877	0.119685	0.116083	0.0841587
0.121951	8.2	0.0887359	-0.436011	0.119622	0.115998	0.0830622
0.120482	8.3	0.0875187	-0.436141	0.119562	0.115916	0.081994
0.119048	8.4	0.0863369	-0.436265	0.119505	0.115835	0.080953
0.117647	8.5	0.0851889	-0.436385	0.119449	0.115757	0.079938
0.116279	8.6	0.0840731	-0.436501	0.119395	0.11568	0.0789482
0.114943	8.7	0.0829883	-0.436613	0.119343	0.115605	0.0779825
0.113636	8.8	0.0819329	-0.436721	0.119293	0.115532	0.0770401
0.11236	8.9	0.0809059	-0.436825	0.119245	0.115461	0.0761201
0.111111	9	0.079906	-0.436925	0.119198	0.115391	0.0752217
0.10989	9.1	0.078932	-0.437022	0.119154	0.115322	0.0743442
0.108696	9.2	0.077983	-0.437116	0.11911	0.115255	0.0734867
0.107527	9.3	0.077058	-0.437206	0.119068	0.11519	0.0726487
0.106383	9.4	0.0761559	-0.437294	0.119028	0.115125	0.0718294
0.105263	9.5	0.075276	-0.437379	0.118989	0.115062	0.0710281
0.104167	9.6	0.0744173	-0.437461	0.118951	0.115	0.0702444
0.103093	9.7	0.073579	-0.43754	0.118914	0.114939	0.0694776
0.102041	9.8	0.0727605	-0.437617	0.118879	0.114879	0.0687271
0.10101	9.9	0.0719609	-0.437692	0.118845	0.11482	0.0679925
0.1	10	0.0711796	-0.437764	0.118812	0.114762	0.0672732
0.0990099	10.1	0.070416	-0.437834	0.11878	0.114705	0.0665688
0.0980392	10.2	0.0696694	-0.437902	0.118749	0.114649	0.0658787
0.0970874	10.3	0.0689392	-0.437968	0.118719	0.114593	0.0652025
0.0961538	10.4	0.0682248	-0.438032	0.11869	0.114538	0.0645399
0.0952381	10.5	0.0675258	-0.438094	0.118662	0.114484	0.0638904
0.0943396	10.6	0.0668416	-0.438155	0.118635	0.11443	0.0632536
0.0934579	10.7	0.0661717	-0.438213	0.118609	0.114378	0.0626291
0.0925926	10.8	0.0655157	-0.43827	0.118583	0.114325	0.0620166
0.0917431	10.9	0.0648732	-0.438326	0.118559	0.114273	0.0614157
0.0909091	11	0.0642436	-0.438379	0.118535	0.114222	0.0608262
0.0900901	11.1	0.0636266	-0.438432	0.118512	0.114171	0.0602476
0.0892857	11.2	0.0630218	-0.438483	0.11849	0.11412	0.0596796
0.0884956	11.3	0.0624288	-0.438532	0.118469	0.11407	0.0591221
0.0877193	11.4	0.0618473	-0.438581	0.118448	0.11402	0.0585746
0.0869565	11.5	0.0612769	-0.438627	0.118428	0.113971	0.058037
0.0862069	11.6	0.0607174	-0.438673	0.118408	0.113921	0.0575088
0.0854701	11.7	0.0601683	-0.438718	0.11839	0.113872	0.05699
0.0847458	11.8	0.0596294	-0.438761	0.118371	0.113823	0.0564802
0.0840336	11.9	0.0591003	-0.438803	0.118354	0.113775	0.0559793
0.0833333	12	0.0585809	-0.438845	0.118337	0.113726	0.0554869
0.0826446	12.1	0.0580709	-0.438885	0.118321	0.113678	0.0550029
0.0819672	12.2	0.0575699	-0.438924	0.118305	0.11363	0.054527
0.0813008	12.3	0.0570778	-0.438962	0.118289	0.113582	0.054059
0.0806452	12.4	0.0565943	-0.438999	0.118275	0.113534	0.0535988
0.08	12.5	0.0561191	-0.439036	0.11826	0.113486	0.0531461
0.0793651	12.6	0.0556521	-0.439071	0.118247	0.113438	0.0527008
0.0787402	12.7	0.055193	-0.439106	0.118233	0.11339	0.0522627
0.078125	12.8	0.0547417	-0.43914	0.118221	0.113341	0.0518316
0.0775194	12.9	0.0542978	-0.439173	0.118208	0.113293	0.0514073
0.0769231	13	0.0538614	-0.439205	0.118196	0.113245	0.0509897
0.0763359	13.1	0.053432	-0.439236	0.118185	0.113197	0.0505786
0.0757576	13.2	0.0530097	-0.439267	0.118174	0.113149	0.0501739
0.075188	13.3	0.0525941	-0.439297	0.118163	0.1131	0.0497754
0.0746269	13.4	0.0521852	-0.439327	0.118153	0.113052	0.049383
0.0740741	13.5	0.0517828	-0.439355	0.118143	0.113003	0.0489965
0.0735294	13.6	0.0513866	-0.439384	0.118134	0.112954	0.0486158
0.0729927	13.7	0.0509967	-0.439411	0.118124	0.112905	0.0482408
0.0724638	13.8	0.0506127	-0.439438	0.118116	0.112855	0.0478713
0.0719424	13.9	0.0502347	-0.439464	0.118107	0.112806	0.0475072
0.0714286	14	0.0498624	-0.43949	0.118099	0.112756	0.0471484
0.070922	14.1	0.0494957	-0.439515	0.118091	0.112706	0.0467948
0.0704225	14.2	0.0491344	-0.43954	0.118084	0.112656	0.0464463
0.0699301	14.3	0.0487786	-0.439564	0.118077	0.112606	0.0461028
0.0694444	14.4	0.0484279	-0.439587	0.11807	0.112555	0.0457641
0.0689655	14.5	0.0480824	-0.439611	0.118064	0.112504	0.0454301
0.0684932	14.6	0.0477419	-0.439633	0.118057	0.112452	0.0451008
0.0680272	14.7	0.0474063	-0.439655	0.118052	0.112401	0.0447761
0.0675676	14.8	0.0470755	-0.439677	0.118046	0.112349	0.0444558
0.0671141	14.9	0.0467494	-0.439698	0.118041	0.112297	0.0441399
0.0666667	15	0.0464278	-0.439719	0.118035	0.112244	0.0438283
0.0662252	15.1	0.0461107	-0.43974	0.118031	0.112191	0.0435208
0.0657895	15.2	0.0457981	-0.43976	0.118026	0.112138	0.0432175
0.0653595	15.3	0.0454897	-0.439779	0.118022	0.112085	0.0429182
0.0649351	15.4	0.0451856	-0.439798	0.118018	0.112031	0.0426228
0.0645161	15.5	0.0448855	-0.439817	0.118014	0.111976	0.0423314
0.0641026	15.6	0.0445896	-0.439836	0.11801	0.111922	0.0420437
0.0636943	15.7	0.0442975	-0.439854	0.118007	0.111867	0.0417597
0.0632911	15.8	0.0440094	-0.439872	0.118003	0.111811	0.0414793
0.0628931	15.9	0.043725	-0.439889	0.118	0.111756	0.0412026
0.0625	16	0.0434444	-0.439906	0.117997	0.111699	0.0409293
0.0621118	16.1	0.0431674	-0.439923	0.117995	0.111643	0.0406595
0.0617284	16.2	0.042894	-0.43994	0.117992	0.111586	0.040393
0.0613497	16.3	0.0426241	-0.439956	0.11799	0.111529	0.0401299
0.0609756	16.4	0.0423576	-0.439972	0.117988	0.111471	0.03987
0.0606061	16.5	0.0420945	-0.439987	0.117986	0.111413	0.0396133
0.060241	16.6	0.0418348	-0.440003	0.117985	0.111355	0.0393598
0.0598802	16.7	0.0415782	-0.440018	0.117983	0.111296	0.0391093
0.0595238	16.8	0.0413249	-0.440033	0.117982	0.111237	0.0388618
0.0591716	16.9	0.0410747	-0.440047	0.11798	0.111177	0.0386173
0.0588235	17	0.0408275	-0.440061	0.117979	0.111117	0.0383757
0.0584795	17.1	0.0405834	-0.440075	0.117978	0.111057	0.038137
0.0581395	17.2	0.0403422	-0.440089	0.117978	0.110996	0.037901
0.0578035	17.3	0.0401039	-0.440103	0.117977	0.110935	0.0376679
0.0574713	17.4	0.0398685	-0.440116	0.117977	0.110873	0.0374374
0.0571429	17.5	0.0396359	-0.440129	0.117976	0.110811	0.0372096
0.0568182	17.6	0.039406	-0.440142	0.117976	0.110749	0.0369844
0.0564972	17.7	0.0391788	-0.440154	0.117976	0.110686	0.0367618
0.0561798	17.8	0.0389542	-0.440167	0.117976	0.110623	0.0365417
0.0558659	17.9	0.0387323	-0.440179	0.117976	0.110559	0.0363241
0.0555556	18	0.038513	-0.440191	0.117976	0.110495	0.0361089
0.0552486	18.1	0.0382961	-0.440203	0.117976	0.110431	0.0358961
0.0549451	18.2	0.0380817	-0.440214	0.117977	0.110366	0.0356857
0.0546448	18.3	0.0378698	-0.440226	0.117977	0.110301	0.0354776
0.0543478	18.4	0.0376602	-0.440237	0.117978	0.110236	0.0352718
0.0540541	18.5	0.037453	-0.440248	0.117978	0.11017	0.0350683
0.0537634	18.6	0.0372481	-0.440259	0.117979	0.110104	0.0348669
0.0534759	18.7	0.0370455	-0.440269	0.11798	0.110037	0.0346678
0.0531915	18.8	0.0368451	-0.44028	0.117981	0.10997	0.0344707
0.0529101	18.9	0.0366469	-0.44029	0.117982	0.109903	0.0342758
0.0526316	19	0.0364509	-0.440301	0.117983	0.109835	0.0340829
0.052356	19.1	0.036257	-0.440311	0.117984	0.109767	0.0338921
0.0520833	19.2	0.0360652	-0.44032	0.117985	0.109699	0.0337032
0.0518135	19.3	0.0358754	-0.44033	0.117986	0.10963	0.0335164
0.0515464	19.4	0.0356877	-0.44034	0.117987	0.109561	0.0333315
0.0512821	19.5	0.035502	-0.440349	0.117988	0.109492	0.0331485
0.0510204	19.6	0.0353182	-0.440358	0.11799	0.109422	0.0329673
0.0507614	19.7	0.0351364	-0.440367	0.117991	0.109352	0.0327881
0.0505051	19.8	0.0349564	-0.440376	0.117992	0.109282	0.0326106
0.0502513	19.9	0.0347784	-0.440385	0.117994	0.109211	0.032435
0.05	20	0.0346022	-0.440394	0.117995	0.10914	0.0322611
0.0497512	20.1	0.0344278	-0.440403	0.117996	0.109069	0.0320889
0.049505	20.2	0.0342551	-0.440411	0.117998	0.108997	0.0319185
0.0492611	20.3	0.0340843	-0.440419	0.117999	0.108925	0.0317498
0.0490196	20.4	0.0339152	-0.440428	0.118	0.108853	0.0315827
0.0487805	20.5	0.0337478	-0.440436	0.118002	0.10878	0.0314173
0.0485437	20.6	0.0335821	-0.440444	0.118003	0.108708	0.0312534
0.0483092	20.7	0.033418	-0.440452	0.118004	0.108634	0.0310912
0.0480769	20.8	0.0332556	-0.440459	0.118006	0.108561	0.0309305
0.0478469	20.9	0.0330948	-0.440467	0.118007	0.108487	0.0307714
0.047619	21	0.0329356	-0.440474	0.118008	0.108413	0.0306138
0.0473934	21.1	0.0327779	-0.440482	0.118009	0.108339	0.0304578
0.0471698	21.2	0.0326218	-0.440489	0.118011	0.108265	0.0303032
0.0469484	21.3	0.0324672	-0.440496	0.118012	0.10819	0.03015
0.046729	21.4	0.0323141	-0.440503	0.118013	0.108115	0.0299983
0.0465116	21.5	0.0321625	-0.44051	0.118014	0.10804	0.029848
0.0462963	21.6	0.0320124	-0.440517	0.118015	0.107964	0.0296991
0.0460829	21.7	0.0318637	-0.440524	0.118016	0.107888	0.0295516
0.0458716	21.8	0.0317164	-0.440531	0.118017	0.107812	0.0294054
0.0456621	21.9	0.0315705	-0.440538	0.118017	0.107736	0.0292606
0.0454545	22	0.031426	-0.440544	0.118018	0.10766	0.0291171
0.0452489	22.1	0.0312828	-0.440551	0.118019	0.107583	0.0289749
0.045045	22.2	0.031141	-0.440557	0.118019	0.107506	0.028834
0.044843	22.3	0.0310005	-0.440563	0.11802	0.107429	0.0286944
0.0446429	22.4	0.0308614	-0.440569	0.11802	0.107352	0.028556
0.0444444	22.5	0.0307235	-0.440575	0.11802	0.107274	0.0284188
0.0442478	22.6	0.0305869	-0.440581	0.11802	0.107196	0.0282829
0.0440529	22.7	0.0304516	-0.440587	0.11802	0.107118	0.0281481
0.0438596	22.8	0.0303175	-0.440593	0.11802	0.10704	0.0280146
0.0436681	22.9	0.0301846	-0.440599	0.11802	0.106962	0.0278822
0.0434783	23	0.0300529	-0.440605	0.11802	0.106883	0.027751
0.04329	23.1	0.0299225	-0.44061	0.118019	0.106804	0.0276209
0.0431034	23.2	0.0297932	-0.440616	0.118019	0.106725	0.0274919
0.0429185	23.3	0.0296651	-0.440622	0.118018	0.106646	0.027364
0.042735	23.4	0.0295381	-0.440627	0.118017	0.106567	0.0272372
0.0425532	23.5	0.0294123	-0.440632	0.118016	0.106487	0.0271116
0.0423729	23.6	0.0292876	-0.440638	0.118015	0.106408	0.0269869
0.0421941	23.7	0.029164	-0.440643	0.118014	0.106328	0.0268634
0.0420168	23.8	0.0290415	-0.440648	0.118012	0.106248	0.0267408
0.041841	23.9	0.02892	-0.440653	0.11801	0.106168	0.0266193
0.0416667	24	0.0287997	-0.440658	0.118009	0.106087	0.0264988
0.0414938	24.1	0.0286804	-0.440663	0.118007	0.106007	0.0263793
0.0413223	24.2	0.0285621	-0.440668	0.118004	0.105926	0.0262608
0.0411523	24.3	0.0284449	-0.440673	0.118002	0.105846	0.0261433
0.0409836	24.4	0.0283287	-0.440678	0.117999	0.105765	0.0260267
0.0408163	24.5	0.0282135	-0.440682	0.117997	0.105684	0.0259111
0.0406504	24.6	0.0280993	-0.440687	0.117994	0.105602	0.0257964
0.0404858	24.7	0.0279861	-0.440692	0.11799	0.105521	0.0256826
0.0403226	24.8	0.0278739	-0.440696	0.117987	0.105439	0.0255698
0.0401606	24.9	0.0277626	-0.440701	0.117983	0.105358	0.0254578
0.04	25	0.0276523	-0.440705	0.11798	0.105276	0.0253468
0.0398406	25.1	0.027543	-0.44071	0.117975	0.105194	0.0252366
0.0396825	25.2	0.0274345	-0.440714	0.117971	0.105112	0.0251273
0.0395257	25.3	0.027327	-0.440718	0.117967	0.10503	0.0250189
0.0393701	25.4	0.0272204	-0.440722	0.117962	0.104948	0.0249113
0.0392157	25.5	0.0271147	-0.440727	0.117957	0.104865	0.0248046
0.0390625	25.6	0.0270099	-0.440731	0.117952	0.104783	0.0246987
0.0389105	25.7	0.0269059	-0.440735	0.117946	0.1047	0.0245936
0.0387597	25.8	0.0268029	-0.440739	0.11794	0.104617	0.0244893
0.03861	25.9	0.0267007	-0.440743	0.117934	0.104535	0.0243858
0.0384615	26	0.0265993	-0.440747	0.117928	0.104452	0.0242831
0.0383142	26.1	0.0264988	-0.440751	0.117921	0.104368	0.0241812
0.0381679	26.2	0.0263991	-0.440755	0.117914	0.104285	0.0240801
0.0380228	26.3	0.0263003	-0.440758	0.117907	0.104202	0.0239797
0.0378788	26.4	0.0262023	-0.440762	0.1179	0.104118	0.0238801
0.0377358	26.5	0.0261051	-0.440766	0.117892	0.104035	0.0237812
0.037594	26.6	0.0260086	-0.44077	0.117884	0.103951	0.0236831
0.0374532	26.7	0.025913	-0.440773	0.117876	0.103868	0.0235857
0.0373134	26.8	0.0258182	-0.440777	0.117867	0.103784	0.023489
0.0371747	26.9	0.0257241	-0.440781	0.117858	0.1037	0.023393
0.037037	27	0.0256309	-0.440784	0.117849	0.103616	0.0232977
0.0369004	27.1	0.0255383	-0.440788	0.117839	0.103532	0.0232032
0.0367647	27.2	0.0254466	-0.440791	0.11783	0.103447	0.0231093
0.03663	27.3	0.0253555	-0.440794	0.117819	0.103363	0.0230161
0.0364964	27.4	0.0252653	-0.440798	0.117809	0.103279	0.0229236
0.0363636	27.5	0.0251757	-0.440801	0.117798	0.103194	0.0228317
0.0362319	27.6	0.0250869	-0.440805	0.117787	0.103109	0.0227405
0.0361011	27.7	0.0249988	-0.440808	0.117775	0.103025	0.0226499
0.0359712	27.8	0.0249114	-0.440811	0.117763	0.10294	0.02256
0.0358423	27.9	0.0248247	-0.440814	0.117751	0.102855	0.0224707
0.0357143	28	0.0247387	-0.440817	0.117738	0.10277	0.0223821
0.0355872	28.1	0.0246534	-0.440821	0.117725	0.102685	0.022294
0.035461	28.2	0.0245688	-0.440824	0.117712	0.1026	0.0222066
0.0353357	28.3	0.0244849	-0.440827	0.117698	0.102514	0.0221198
0.0352113	28.4	0.0244016	-0.44083	0.117684	0.102429	0.0220336
0.0350877	28.5	0.024319	-0.440833	0.117669	0.102344	0.021948
0.034965	28.6	0.0242371	-0.440836	0.117654	0.102258	0.021863
0.0348432	28.7	0.0241558	-0.440839	0.117639	0.102172	0.0217785
0.0347222	28.8	0.0240751	-0.440842	0.117624	0.102087	0.0216947
0.0346021	28.9	0.0239951	-0.440844	0.117607	0.102001	0.0216114
0.0344828	29	0.0239158	-0.440847	0.117591	0.101915	0.0215286
0.0343643	29.1	0.0238371	-0.44085	0.117574	0.101829	0.0214465
0.0342466	29.2	0.0237589	-0.440853	0.117557	0.101743	0.0213648
0.0341297	29.3	0.0236815	-0.440856	0.117539	0.101657	0.0212838
0.0340136	29.4	0.0236046	-0.440858	0.117521	0.10157	0.0212032
0.0338983	29.5	0.0235283	-0.440861	0.117503	0.101484	0.0211232
0.0337838	29.6	0.0234527	-0.440864	0.117484	0.101397	0.0210437
0.03367	29.7	0.0233776	-0.440867	0.117464	0.101311	0.0209648
0.033557	29.8	0.0233031	-0.440869	0.117444	0.101224	0.0208863
0.0334448	29.9	0.0232292	-0.440872	0.117424	0.101137	0.0208084
0.0333333	30	0.0231559	-0.440874	0.117403	0.101051	0.020731
0.0332226	30.1	0.0230832	-0.440877	0.117382	0.100964	0.0206541
0.0331126	30.2	0.0230111	-0.440879	0.117361	0.100877	0.0205777
0.0330033	30.3	0.0229395	-0.440882	0.117339	0.10079	0.0205017
0.0328947	30.4	0.0228684	-0.440884	0.117316	0.100702	0.0204263
0.0327869	30.5	0.022798	-0.440887	0.117293	0.100615	0.0203513
0.0326797	30.6	0.0227281	-0.440889	0.11727	0.100528	0.0202768
0.0325733	30.7	0.0226587	-0.440892	0.117246	0.10044	0.0202028
0.0324675	30.8	0.0225899	-0.440894	0.117222	0.100352	0.0201293
0.0323625	30.9	0.0225216	-0.440897	0.117197	0.100265	0.0200562
0.0322581	31	0.0224538	-0.440899	0.117172	0.100177	0.0199835
0.0321543	31.1	0.0223866	-0.440901	0.117146	0.100089	0.0199114
0.0320513	31.2	0.0223199	-0.440904	0.11712	0.100001	0.0198396
0.0319489	31.3	0.0222537	-0.440906	0.117093	0.0999129	0.0197683
0.0318471	31.4	0.0221881	-0.440908	0.117066	0.0998247	0.0196975
0.031746	31.5	0.0221229	-0.44091	0.117038	0.0997364	0.0196271
0.0316456	31.6	0.0220583	-0.440913	0.11701	0.0996479	0.0195571
0.0315457	31.7	0.0219942	-0.440915	0.116981	0.0995594	0.0194875
0.0314465	31.8	0.0219305	-0.440917	0.116952	0.0994708	0.0194184
0.031348	31.9	0.0218674	-0.440919	0.116922	0.099382	0.0193496
0.03125	32	0.0218047	-0.440921	0.116892	0.0992932	0.0192813
0.0311526	32.1	0.0217426	-0.440923	0.116862	0.0992042	0.0192134
0.0310559	32.2	0.0216809	-0.440925	0.11683	0.0991151	0.0191459
0.0309598	32.3	0.0216197	-0.440928	0.116799	0.0990259	0.0190788
0.0308642	32.4	0.021559	-0.44093	0.116767	0.0989366	0.0190121
0.0307692	32.5	0.0214987	-0.440932	0.116734	0.0988472	0.0189458
0.0306748	32.6	0.0214389	-0.440934	0.116701	0.0987577	0.0188799
0.030581	32.7	0.0213796	-0.440936	0.116667	0.098668	0.0188143
0.0304878	32.8	0.0213208	-0.440938	0.116633	0.0985783	0.0187492
0.0303951	32.9	0.0212624	-0.44094	0.116598	0.0984884	0.0186844
0.030303	33	0.0212044	-0.440942	0.116562	0.0983984	0.01862
0.0302115	33.1	0.0211469	-0.440943	0.116527	0.0983083	0.018556
0.0301205	33.2	0.0210899	-0.440945	0.11649	0.098218	0.0184923
0.03003	33.3	0.0210333	-0.440947	0.116453	0.0981277	0.018429
0.0299401	33.4	0.0209771	-0.440949	0.116416	0.0980372	0.0183661
0.0298507	33.5	0.0209214	-0.440951	0.116378	0.0979466	0.0183035
0.0297619	33.6	0.0208661	-0.440953	0.116339	0.0978559	0.0182412
0.0296736	33.7	0.0208112	-0.440955	0.1163	0.097765	0.0181793
0.0295858	33.8	0.0207568	-0.440957	0.11626	0.097674	0.0181178
0.0294985	33.9	0.0207028	-0.440958	0.11622	0.0975829	0.0180566
0.0294118	34	0.0206491	-0.44096	0.11618	0.0974916	0.0179958
0.0293255	34.1	0.020596	-0.440962	0.116138	0.0974002	0.0179352
0.0292398	34.2	0.0205432	-0.440964	0.116096	0.0973087	0.017875
0.0291545	34.3	0.0204908	-0.440965	0.116054	0.0972171	0.0178152
0.0290698	34.4	0.0204389	-0.440967	0.116011	0.0971253	0.0177557
0.0289855	34.5	0.0203873	-0.440969	0.115968	0.0970334	0.0176965
0.0289017	34.6	0.0203361	-0.440971	0.115923	0.0969413	0.0176376
0.0288184	34.7	0.0202854	-0.440972	0.115879	0.0968491	0.017579
0.0287356	34.8	0.020235	-0.440974	0.115834	0.0967568	0.0175208
0.0286533	34.9	0.020185	-0.440976	0.115788	0.0966643	0.0174628
0.0285714	35	0.0201355	-0.440977	0.115742	0.0965717	0.0174052
0.02849	35.1	0.0200862	-0.440979	0.115695	0.096479	0.0173479
0.0284091	35.2	0.0200374	-0.440981	0.115647	0.0963861	0.0172908
0.0283286	35.3	0.019989	-0.440982	0.115599	0.096293	0.0172341
0.0282486	35.4	0.0199409	-0.440984	0.115551	0.0961998	0.0171777
0.028169	35.5	0.0198932	-0.440985	0.115501	0.0961065	0.0171216
0.0280899	35.6	0.0198459	-0.440987	0.115452	0.096013	0.0170657
0.0280112	35.7	0.0197989	-0.440988	0.115401	0.0959194	0.0170102
0.027933	35.8	0.0197523	-0.44099	0.11535	0.0958256	0.0169549
0.0278552	35.9	0.0197061	-0.440992	0.115299	0.0957317	0.0169
0.0277778	36	0.0196602	-0.440993	0.115247	0.0956376	0.0168453
0.0277008	36.1	0.0196147	-0.440995	0.115194	0.0955433	0.0167909
0.0276243	36.2	0.0195695	-0.440996	0.115141	0.0954489	0.0167367
0.0275482	36.3	0.0195247	-0.440998	0.115087	0.0953544	0.0166829
0.0274725	36.4	0.0194802	-0.440999	0.115033	0.0952597	0.0166293
0.0273973	36.5	0.0194361	-0.441001	0.114978	0.0951648	0.016576
0.0273224	36.6	0.0193923	-0.441002	0.114922	0.0950698	0.0165229
0.027248	36.7	0.0193489	-0.441003	0.114866	0.0949746	0.0164702
0.0271739	36.8	0.0193058	-0.441005	0.114809	0.0948792	0.0164176
0.0271003	36.9	0.019263	-0.441006	0.114752	0.0947837	0.0163654
0.027027	37	0.0192205	-0.441008	0.114694	0.094688	0.0163134
0.0269542	37.1	0.0191784	-0.441009	0.114636	0.0945922	0.0162616
0.0268817	37.2	0.0191366	-0.44101	0.114577	0.0944962	0.0162102
0.0268097	37.3	0.0190952	-0.441012	0.114517	0.0944	0.0161589
0.026738	37.4	0.019054	-0.441013	0.114457	0.0943037	0.0161079
0.0266667	37.5	0.0190132	-0.441015	0.114396	0.0942072	0.0160572
0.0265957	37.6	0.0189727	-0.441016	0.114335	0.0941105	0.0160067
0.0265252	37.7	0.0189325	-0.441017	0.114273	0.0940136	0.0159564
0.026455	37.8	0.0188926	-0.441019	0.11421	0.0939166	0.0159064
0.0263852	37.9	0.018853	-0.44102	0.114147	0.0938194	0.0158566
0.0263158	38	0.0188138	-0.441021	0.114083	0.093722	0.0158071
0.0262467	38.1	0.0187748	-0.441022	0.114019	0.0936245	0.0157578
0.026178	38.2	0.0187361	-0.441024	0.113954	0.0935268	0.0157087
0.0261097	38.3	0.0186978	-0.441025	0.113888	0.0934289	0.0156599
0.0260417	38.4	0.0186597	-0.441026	0.113822	0.0933308	0.0156113
0.025974	38.5	0.0186219	-0.441028	0.113755	0.0932326	0.0155629
0.0259067	38.6	0.0185844	-0.441029	0.113688	0.0931342	0.0155147
0.0258398	38.7	0.0185472	-0.44103	0.11362	0.0930356	0.0154668
0.0257732	38.8	0.0185103	-0.441031	0.113552	0.0929368	0.0154191
0.0257069	38.9	0.0184737	-0.441033	0.113483	0.0928378	0.0153716
0.025641	39	0.0184374	-0.441034	0.113413	0.0927387	0.0153243
0.0255754	39.1	0.0184013	-0.441035	0.113343	0.0926394	0.0152772
0.0255102	39.2	0.0183655	-0.441036	0.113272	0.0925399	0.0152304
0.0254453	39.3	0.01833	-0.441037	0.1132	0.0924402	0.0151837
0.0253807	39.4	0.0182948	-0.441038	0.113128	0.0923403	0.0151373
0.0253165	39.5	0.0182599	-0.44104	0.113056	0.0922403	0.0150911
0.0252525	39.6	0.0182252	-0.441041	0.112983	0.09214	0.0150451
0.0251889	39.7	0.0181908	-0.441042	0.112909	0.0920396	0.0149992
0.0251256	39.8	0.0181566	-0.441043	0.112834	0.091939	0.0149536
0.0250627	39.9	0.0181227	-0.441044	0.11276	0.0918382	0.0149082
0.025	40	0.0180891	-0.441045	0.112684	0.0917372	0.014863
0.0249377	40.1	0.0180557	-0.441047	0.112608	0.0916361	0.014818
0.0248756	40.2	0.0180226	-0.441048	0.112531	0.0915347	0.0147732
0.0248139	40.3	0.0179898	-0.441049	0.112454	0.0914332	0.0147286
0.0247525	40.4	0.0179571	-0.44105	0.112376	0.0913315	0.0146842
0.0246914	40.5	0.0179248	-0.441051	0.112298	0.0912296	0.01464
0.0246305	40.6	0.0178927	-0.441052	0.112219	0.0911275	0.0145959
0.02457	40.7	0.0178608	-0.441053	0.112139	0.0910252	0.0145521
0.0245098	40.8	0.0178292	-0.441054	0.112059	0.0909227	0.0145084
0.0244499	40.9	0.0177979	-0.441055	0.111978	0.09082	0.0144649
0.0243902	41	0.0177667	-0.441056	0.111897	0.0907172	0.0144216
0.0243309	41.1	0.0177358	-0.441057	0.111815	0.0906141	0.0143785
0.0242718	41.2	0.0177052	-0.441058	0.111732	0.0905109	0.0143356
0.0242131	41.3	0.0176748	-0.441059	0.111649	0.0904075	0.0142929
0.0241546	41.4	0.0176446	-0.44106	0.111566	0.0903039	0.0142503
0.0240964	41.5	0.0176146	-0.441061	0.111482	0.0902	0.0142079
0.0240385	41.6	0.0175849	-0.441062	0.111397	0.0900961	0.0141657
0.0239808	41.7	0.0175554	-0.441064	0.111311	0.0899919	0.0141236
0.0239234	41.8	0.0175261	-0.441065	0.111226	0.0898875	0.0140818
0.0238663	41.9	0.0174971	-0.441065	0.111139	0.0897829	0.0140401
0.0238095	42	0.0174682	-0.441066	0.111052	0.0896782	0.0139986
0.023753	42.1	0.0174396	-0.441067	0.110964	0.0895732	0.0139572
0.0236967	42.2	0.0174112	-0.441068	0.110876	0.0894681	0.013916
0.0236407	42.3	0.0173831	-0.441069	0.110788	0.0893627	0.013875
0.0235849	42.4	0.0173551	-0.44107	0.110698	0.0892572	0.0138342
0.0235294	42.5	0.0173273	-0.441071	0.110608	0.0891515	0.0137935
0.0234742	42.6	0.0172998	-0.441072	0.110518	0.0890456	0.0137529
0.0234192	42.7	0.0172725	-0.441073	0.110427	0.0889394	0.0137126
0.0233645	42.8	0.0172454	-0.441074	0.110336	0.0888332	0.0136724
0.02331	42.9	0.0172184	-0.441075	0.110244	0.0887267	0.0136323
0.0232558	43	0.0171917	-0.441076	0.110151	0.08862	0.0135924
0.0232019	43.1	0.0171652	-0.441077	0.110058	0.0885131	0.0135527
0.0231481	43.2	0.0171389	-0.441078	0.109964	0.088406	0.0135131
0.0230947	43.3	0.0171128	-0.441079	0.10987	0.0882988	0.0134737
0.0230415	43.4	0.0170869	-0.44108	0.109775	0.0881914	0.0134344
0.0229885	43.5	0.0170611	-0.441081	0.10968	0.0880837	0.0133953
0.0229358	43.6	0.0170356	-0.441081	0.109584	0.0879759	0.0133564
0.0228833	43.7	0.0170103	-0.441082	0.109487	0.0878679	0.0133176
0.0228311	43.8	0.0169851	-0.441083	0.10939	0.0877597	0.0132789
0.022779	43.9	0.0169601	-0.441084	0.109293	0.0876513	0.0132404
0.0227273	44	0.0169354	-0.441085	0.109195	0.0875427	0.013202
0.0226757	44.1	0.0169108	-0.441086	0.109096	0.0874339	0.0131638
0.0226244	44.2	0.0168864	-0.441087	0.108997	0.0873249	0.0131257
0.0225734	44.3	0.0168621	-0.441088	0.108898	0.0872158	0.0130878
0.0225225	44.4	0.0168381	-0.441088	0.108797	0.0871064	0.01305
0.0224719	44.5	0.0168142	-0.441089	0.108697	0.0869969	0.0130123
0.0224215	44.6	0.0167905	-0.44109	0.108596	0.0868872	0.0129748
0.0223714	44.7	0.016767	-0.441091	0.108494	0.0867773	0.0129375
0.0223214	44.8	0.0167437	-0.441092	0.108392	0.0866672	0.0129002
0.0222717	44.9	0.0167205	-0.441093	0.108289	0.0865569	0.0128631
0.0222222	45	0.0166975	-0.441093	0.108186	0.0864464	0.0128262
0.0221729	45.1	0.0166747	-0.441094	0.108082	0.0863358	0.0127894
0.0221239	45.2	0.016652	-0.441095	0.107977	0.0862249	0.0127527
0.0220751	45.3	0.0166295	-0.441096	0.107873	0.0861139	0.0127161
0.0220264	45.4	0.0166072	-0.441097	0.107767	0.0860027	0.0126797
0.021978	45.5	0.016585	-0.441098	0.107661	0.0858913	0.0126434
0.0219298	45.6	0.016563	-0.441098	0.107555	0.0857797	0.0126073
0.0218818	45.7	0.0165411	-0.441099	0.107448	0.085668	0.0125712
0.0218341	45.8	0.0165195	-0.4411	0.107341	0.085556	0.0125353
0.0217865	45.9	0.0164979	-0.441101	0.107233	0.0854439	0.0124996
0.0217391	46	0.0164765	-0.441101	0.107125	0.0853316	0.0124639
0.021692	46.1	0.0164553	-0.441102	0.107016	0.0852191	0.0124284
0.021645	46.2	0.0164342	-0.441103	0.106907	0.0851064	0.012393
0.0215983	46.3	0.0164133	-0.441104	0.106797	0.0849936	0.0123578
0.0215517	46.4	0.0163925	-0.441104	0.106687	0.0848806	0.0123226
0.0215054	46.5	0.0163719	-0.441105	0.106576	0.0847674	0.0122876
0.0214592	46.6	0.0163514	-0.441106	0.106464	0.084654	0.0122527
0.0214133	46.7	0.0163311	-0.441107	0.106353	0.0845404	0.012218
0.0213675	46.8	0.0163109	-0.441107	0.106241	0.0844267	0.0121833
0.021322	46.9	0.0162909	-0.441108	0.106128	0.0843128	0.0121488
0.0212766	47	0.016271	-0.441109	0.106015	0.0841987	0.0121144
0.0212314	47.1	0.0162512	-0.44111	0.105901	0.0840844	0.0120801
0.0211864	47.2	0.0162316	-0.44111	0.105787	0.08397	0.0120459
0.0211416	47.3	0.0162121	-0.441111	0.105672	0.0838554	0.0120118
0.021097	47.4	0.0161928	-0.441112	0.105557	0.0837406	0.0119779
0.0210526	47.5	0.0161735	-0.441113	0.105442	0.0836256	0.0119441
0.0210084	47.6	0.0161545	-0.441113	0.105326	0.0835105	0.0119104
0.0209644	47.7	0.0161355	-0.441114	0.10521	0.0833952	0.0118768
0.0209205	47.8	0.0161167	-0.441115	0.105093	0.0832798	0.0118433
0.0208768	47.9	0.016098	-0.441115	0.104975	0.0831642	0.0118099
0.0208333	48	0.0160794	-0.441116	0.104858	0.0830484	0.0117767
0.02079	48.1	0.016061	-0.441117	0.104739	0.0829324	0.0117435
0.0207469	48.2	0.0160427	-0.441117	0.104621	0.0828163	0.0117105
0.0207039	48.3	0.0160245	-0.441118	0.104502	0.0827	0.0116776
0.0206612	48.4	0.0160065	-0.441119	0.104382	0.0825835	0.0116447
0.0206186	48.5	0.0159885	-0.441119	0.104262	0.0824669	0.011612
0.0205761	48.6	0.0159707	-0.44112	0.104142	0.0823502	0.0115794
0.0205339	48.7	0.015953	-0.441121	0.104021	0.0822332	0.0115469
0.0204918	48.8	0.0159355	-0.441121	0.1039	0.0821161	0.0115145
0.0204499	48.9	0.015918	-0.441122	0.103778	0.0819989	0.0114823
0.0204082	49	0.0159007	-0.441123	0.103656	0.0818815	0.0114501
0.0203666	49.1	0.0158834	-0.441123	0.103533	0.0817639	0.011418
0.0203252	49.2	0.0158663	-0.441124	0.10341	0.0816462	0.011386
0.020284	49.3	0.0158493	-0.441125	0.103287	0.0815283	0.0113542
0.0202429	49.4	0.0158324	-0.441125	0.103163	0.0814103	0.0113224
0.020202	49.5	0.0158157	-0.441126	0.103039	0.0812921	0.0112908
0.0201613	49.6	0.015799	-0.441127	0.102914	0.0811738	0.0112592
0.0201207	49.7	0.0157824	-0.441127	0.102789	0.0810553	0.0112277
0.0200803	49.8	0.015766	-0.441128	0.102664	0.0809366	0.0111964
0.0200401	49.9	0.0157496	-0.441129	0.102538	0.0808179	0.0111651
0.02	50	0.0157334	-0.441129	0.102412	0.0806989	0.011134
0.0199601	50.1	0.0157173	-0.44113	0.102285	0.0805798	0.0111029
0.0199203	50.2	0.0157012	-0.44113	0.102158	0.0804606	0.0110719
0.0198807	50.3	0.0156853	-0.441131	0.102031	0.0803413	0.0110411
0.0198413	50.4	0.0156695	-0.441132	0.101903	0.0802217	0.0110103
0.019802	50.5	0.0156537	-0.441132	0.101775	0.0801021	0.0109796
0.0197628	50.6	0.0156381	-0.441133	0.101646	0.0799823	0.0109491
0.0197239	50.7	0.0156226	-0.441133	0.101517	0.0798624	0.0109186
0.019685	50.8	0.0156071	-0.441134	0.101388	0.0797423	0.0108882
0.0196464	50.9	0.0155918	-0.441135	0.101258	0.0796221	0.0108579
0.0196078	51	0.0155766	-0.441135	0.101128	0.0795017	0.0108277
0.0195695	51.1	0.0155614	-0.441136	0.100998	0.0793813	0.0107976
0.0195312	51.2	0.0155464	-0.441136	0.100867	0.0792606	0.0107676
0.0194932	51.3	0.0155314	-0.441137	0.100736	0.0791399	0.0107377
0.0194553	51.4	0.0155165	-0.441138	0.100605	0.079019	0.0107078
0.0194175	51.5	0.0155017	-0.441138	0.100473	0.078898	0.0106781
0.0193798	51.6	0.015487	-0.441139	0.10034	0.0787769	0.0106484
0.0193424	51.7	0.0154724	-0.441139	0.100208	0.0786556	0.0106189
0.019305	51.8	0.0154579	-0.44114	0.100075	0.0785342	0.0105894
0.0192678	51.9	0.0154435	-0.44114	0.0999416	0.0784127	0.01056
0.0192308	52	0.0154291	-0.441141	0.099808	0.078291	0.0105307
0.0191939	52.1	0.0154149	-0.441142	0.099674	0.0781693	0.0105015
0.0191571	52.2	0.0154007	-0.441142	0.0995397	0.0780474	0.0104724
0.0191205	52.3	0.0153866	-0.441143	0.099405	0.0779254	0.0104434
0.019084	52.4	0.0153726	-0.441143	0.0992701	0.0778032	0.0104145
0.0190476	52.5	0.0153586	-0.441144	0.0991347	0.077681	0.0103856
0.0190114	52.6	0.0153448	-0.441144	0.0989991	0.0775586	0.0103568
0.0189753	52.7	0.015331	-0.441145	0.0988631	0.0774361	0.0103282
0.0189394	52.8	0.0153173	-0.441145	0.0987268	0.0773135	0.0102996
0.0189036	52.9	0.0153037	-0.441146	0.0985902	0.0771908	0.010271
0.0188679	53	0.0152901	-0.441147	0.0984533	0.077068	0.0102426
0.0188324	53.1	0.0152767	-0.441147	0.0983161	0.0769451	0.0102143
0.018797	53.2	0.0152633	-0.441148	0.0981785	0.076822	0.010186
0.0187617	53.3	0.0152499	-0.441148	0.0980406	0.0766989	0.0101578
0.0187266	53.4	0.0152367	-0.441149	0.0979025	0.0765756	0.0101297
0.0186916	53.5	0.0152235	-0.441149	0.097764	0.0764523	0.0101017
0.0186567	53.6	0.0152104	-0.44115	0.0976252	0.0763288	0.0100738
0.018622	53.7	0.0151974	-0.44115	0.0974861	0.0762052	0.0100459
0.0185874	53.8	0.0151844	-0.441151	0.0973468	0.0760816	0.0100181
0.0185529	53.9	0.0151715	-0.441151	0.0972071	0.0759578	0.00999045
0.0185185	54	0.0151587	-0.441152	0.0970671	0.0758339	0.00996283
0.0184843	54.1	0.0151459	-0.441152	0.0969269	0.07571	0.0099353
0.0184502	54.2	0.0151332	-0.441153	0.0967864	0.0755859	0.00990785
0.0184162	54.3	0.0151206	-0.441153	0.0966456	0.0754617	0.00988047
0.0183824	54.4	0.015108	-0.441154	0.0965045	0.0753375	0.00985317
0.0183486	54.5	0.0150955	-0.441154	0.0963631	0.0752132	0.00982596
0.018315	54.6	0.0150831	-0.441155	0.0962215	0.0750887	0.00979881
0.0182815	54.7	0.0150707	-0.441155	0.0960795	0.0749642	0.00977175
0.0182482	54.8	0.0150584	-0.441156	0.0959374	0.0748396	0.00974476
0.0182149	54.9	0.0150462	-0.441156	0.0957949	0.0747149	0.00971785
0.0181818	55	0.015034	-0.441157	0.0956522	0.0745901	0.00969102
0.0181488	55.1	0.0150218	-0.441157	0.0955092	0.0744652	0.00966426
0.0181159	55.2	0.0150098	-0.441158	0.095366	0.0743403	0.00963758
0.0180832	55.3	0.0149978	-0.441158	0.0952225	0.0742152	0.00961097
0.0180505	55.4	0.0149858	-0.441159	0.0950788	0.0740901	0.00958444
0.018018	55.5	0.0149739	-0.441159	0.0949348	0.0739649	0.00955798
0.0179856	55.6	0.0149621	-0.44116	0.0947906	0.0738397	0.00953159
0.0179533	55.7	0.0149503	-0.44116	0.0946461	0.0737143	0.00950528
0.0179211	55.8	0.0149386	-0.441161	0.0945014	0.0735889	0.00947905
0.0178891	55.9	0.0149269	-0.441161	0.0943564	0.0734634	0.00945288
0.0178571	56	0.0149152	-0.441161	0.0942112	0.0733378	0.00942679
0.0178253	56.1	0.0149037	-0.441162	0.0940658	0.0732122	0.00940077
0.0177936	56.2	0.0148922	-0.441162	0.0939202	0.0730865	0.00937483
0.017762	56.3	0.0148807	-0.441163	0.0937743	0.0729607	0.00934895
0.0177305	56.4	0.0148693	-0.441163	0.0936282	0.0728349	0.00932315
0.0176991	56.5	0.0148579	-0.441164	0.0934819	0.072709	0.00929742
0.0176678	56.6	0.0148466	-0.441164	0.0933353	0.072583	0.00927176
0.0176367	56.7	0.0148353	-0.441165	0.0931885	0.072457	0.00924617
0.0176056	56.8	0.0148241	-0.441165	0.0930416	0.0723309	0.00922065
0.0175747	56.9	0.0148129	-0.441166	0.0928944	0.0722047	0.0091952
0.0175439	57	0.0148018	-0.441166	0.092747	0.0720785	0.00916982
0.0175131	57.1	0.0147907	-0.441166	0.0925993	0.0719522	0.0091445
0.0174825	57.2	0.0147797	-0.441167	0.0924515	0.0718259	0.00911926
0.017452	57.3	0.0147687	-0.441167	0.0923035	0.0716995	0.00909409
0.0174216	57.4	0.0147578	-0.441168	0.0921553	0.0715731	0.00906899
0.0173913	57.5	0.0147469	-0.441168	0.0920069	0.0714466	0.00904395
0.0173611	57.6	0.014736	-0.441169	0.0918583	0.0713201	0.00901898
0.017331	57.7	0.0147252	-0.441169	0.0917095	0.0711935	0.00899408
0.017301	57.8	0.0147144	-0.44117	0.0915605	0.0710668	0.00896925
0.0172712	57.9	0.0147037	-0.44117	0.0914114	0.0709402	0.00894448
0.0172414	58	0.014693	-0.44117	0.091262	0.0708134	0.00891978
0.0172117	58.1	0.0146824	-0.441171	0.0911125	0.0706867	0.00889515
0.0171821	58.2	0.0146718	-0.441171	0.0909628	0.0705599	0.00887058
0.0171527	58.3	0.0146612	-0.441172	0.0908129	0.070433	0.00884608
0.0171233	58.4	0.0146507	-0.441172	0.0906628	0.0703061	0.00882165
0.017094	58.5	0.0146402	-0.441172	0.0905126	0.0701792	0.00879728
0.0170648	58.6	0.0146297	-0.441173	0.0903622	0.0700522	0.00877297
0.0170358	58.7	0.0146193	-0.441173	0.0902116	0.0699252	0.00874874
0.0170068	58.8	0.014609	-0.441174	0.0900609	0.0697982	0.00872456
0.0169779	58.9	0.0145986	-0.441174	0.08991	0.0696711	0.00870045
0.0169492	59	0.0145883	-0.441175	0.089759	0.069544	0.00867641
0.0169205	59.1	0.0145781	-0.441175	0.0896078	0.0694169	0.00865243
0.0168919	59.2	0.0145678	-0.441175	0.0894565	0.0692897	0.00862851
0.0168634	59.3	0.0145576	-0.441176	0.089305	0.0691626	0.00860465
0.016835	59.4	0.0145475	-0.441176	0.0891533	0.0690354	0.00858086
0.0168067	59.5	0.0145373	-0.441177	0.0890015	0.0689081	0.00855714
0.0167785	59.6	0.0145272	-0.441177	0.0888496	0.0687809	0.00853347
0.0167504	59.7	0.0145172	-0.441177	0.0886976	0.0686536	0.00850987
0.0167224	59.8	0.0145072	-0.441178	0.0885453	0.0685263	0.00848633
0.0166945	59.9	0.0144972	-0.441178	0.088393	0.068399	0.00846285
0.0166667	60	0.0144872	-0.441179	0.0882405	0.0682716	0.00843943
0.0166389	60.1	0.0144773	-0.441179	0.0880879	0.0681443	0.00841608
0.0166113	60.2	0.0144673	-0.441179	0.0879352	0.0680169	0.00839279
0.0165837	60.3	0.0144575	-0.44118	0.0877824	0.0678895	0.00836955
0.0165563	60.4	0.0144476	-0.44118	0.0876294	0.0677621	0.00834638
0.0165289	60.5	0.0144378	-0.44118	0.0874763	0.0676347	0.00832327
0.0165017	60.6	0.014428	-0.441181	0.0873231	0.0675073	0.00830022
0.0164745	60.7	0.0144183	-0.441181	0.0871697	0.0673799	0.00827723
0.0164474	60.8	0.0144085	-0.441182	0.0870163	0.0672525	0.00825431
0.0164204	60.9	0.0143988	-0.441182	0.0868628	0.067125	0.00823144
0.0163934	61	0.0143892	-0.441182	0.0867091	0.0669976	0.00820863
0.0163666	61.1	0.0143795	-0.441183	0.0865553	0.0668702	0.00818588
0.0163399	61.2	0.0143699	-0.441183	0.0864015	0.0667427	0.00816319
0.0163132	61.3	0.0143603	-0.441183	0.0862475	0.0666153	0.00814055
0.0162866	61.4	0.0143507	-0.441184	0.0860934	0.0664878	0.00811798
0.0162602	61.5	0.0143412	-0.441184	0.0859393	0.0663604	0.00809547
0.0162338	61.6	0.0143316	-0.441185	0.085785	0.066233	0.00807301
0.0162075	61.7	0.0143221	-0.441185	0.0856307	0.0661055	0.00805061
0.0161812	61.8	0.0143127	-0.441185	0.0854762	0.0659781	0.00802827
0.0161551	61.9	0.0143032	-0.441186	0.0853217	0.0658507	0.00800599
0.016129	62	0.0142938	-0.441186	0.0851671	0.0657233	0.00798377
0.0161031	62.1	0.0142844	-0.441186	0.0850124	0.0655959	0.0079616
0.0160772	62.2	0.014275	-0.441187	0.0848577	0.0654685	0.00793949
0.0160514	62.3	0.0142657	-0.441187	0.0847028	0.0653411	0.00791744
0.0160256	62.4	0.0142563	-0.441187	0.0845479	0.0652138	0.00789544
0.016	62.5	0.014247	-0.441188	0.0843929	0.0650864	0.0078735
0.0159744	62.6	0.0142377	-0.441188	0.0842378	0.0649591	0.00785162
0.015949	62.7	0.0142284	-0.441188	0.0840827	0.0648318	0.00782979
0.0159236	62.8	0.0142192	-0.441189	0.0839275	0.0647045	0.00780802
0.0158983	62.9	0.01421	-0.441189	0.0837723	0.0645772	0.00778631
0.015873	63	0.0142007	-0.441189	0.0836169	0.06445	0.00776465
0.0158479	63.1	0.0141916	-0.44119	0.0834616	0.0643227	0.00774305
0.0158228	63.2	0.0141824	-0.44119	0.0833061	0.0641955	0.0077215
0.0157978	63.3	0.0141732	-0.441191	0.0831506	0.0640684	0.00770001
0.0157729	63.4	0.0141641	-0.441191	0.0829951	0.0639412	0.00767857
0.015748	63.5	0.014155	-0.441191	0.0828395	0.0638141	0.00765719
0.0157233	63.6	0.0141459	-0.441192	0.0826839	0.063687	0.00763586
0.0156986	63.7	0.0141368	-0.441192	0.0825282	0.0635599	0.00761459
0.015674	63.8	0.0141277	-0.441192	0.0823724	0.0634329	0.00759337
0.0156495	63.9	0.0141187	-0.441193	0.0822167	0.0633059	0.00757221
0.015625	64	0.0141097	-0.441193	0.0820608	0.0631789	0.0075511
0.0156006	64.1	0.0141007	-0.441193	0.081905	0.063052	0.00753004
0.0155763	64.2	0.0140917	-0.441194	0.0817491	0.0629251	0.00750904
0.0155521	64.3	0.0140827	-0.441194	0.0815932	0.0627983	0.00748809
0.015528	64.4	0.0140737	-0.441194	0.0814372	0.0626714	0.00746719
0.0155039	64.5	0.0140648	-0.441194	0.0812813	0.0625447	0.00744635
0.0154799	64.6	0.0140558	-0.441195	0.0811253	0.0624179	0.00742556
0.015456	64.7	0.0140469	-0.441195	0.0809692	0.0622912	0.00740482
0.0154321	64.8	0.014038	-0.441195	0.0808132	0.0621646	0.00738414
0.0154083	64.9	0.0140291	-0.441196	0.0806571	0.062038	0.00736351
0.0153846	65	0.0140203	-0.441196	0.080501	0.0619114	0.00734293
0.015361	65.1	0.0140114	-0.441196	0.0803449	0.0617849	0.0073224
0.0153374	65.2	0.0140026	-0.441197	0.0801888	0.0616584	0.00730193
0.0153139	65.3	0.0139937	-0.441197	0.0800327	0.061532	0.00728151
0.0152905	65.4	0.0139849	-0.441197	0.0798765	0.0614056	0.00726114
0.0152672	65.5	0.0139761	-0.441198	0.0797204	0.0612793	0.00724082
0.0152439	65.6	0.0139673	-0.441198	0.0795642	0.061153	0.00722055
0.0152207	65.7	0.0139586	-0.441198	0.079408	0.0610268	0.00720033
0.0151976	65.8	0.0139498	-0.441199	0.0792519	0.0609007	0.00718017
0.0151745	65.9	0.013941	-0.441199	0.0790957	0.0607746	0.00716005
0.0151515	66	0.0139323	-0.441199	0.0789395	0.0606485	0.00713999
0.0151286	66.1	0.0139236	-0.441199	0.0787834	0.0605225	0.00711998
0.0151057	66.2	0.0139149	-0.4412	0.0786272	0.0603966	0.00710002
0.015083	66.3	0.0139062	-0.4412	0.0784711	0.0602707	0.00708011
0.0150602	66.4	0.0138975	-0.4412	0.0783149	0.0601449	0.00706024
0.0150376	66.5	0.0138888	-0.441201	0.0781588	0.0600192	0.00704043
0.015015	66.6	0.0138801	-0.441201	0.0780027	0.0598935	0.00702067
0.0149925	66.7	0.0138715	-0.441201	0.0778466	0.0597679	0.00700096
0.0149701	66.8	0.0138628	-0.441202	0.0776905	0.0596423	0.0069813
0.0149477	66.9	0.0138542	-0.441202	0.0775345	0.0595168	0.00696169
0.0149254	67	0.0138456	-0.441202	0.0773784	0.0593914	0.00694213
0.0149031	67.1	0.0138369	-0.441202	0.0772224	0.0592661	0.00692262
0.014881	67.2	0.0138283	-0.441203	0.0770664	0.0591408	0.00690315
0.0148588	67.3	0.0138197	-0.441203	0.0769104	0.0590156	0.00688374
0.0148368	67.4	0.0138112	-0.441203	0.0767545	0.0588904	0.00686437
0.0148148	67.5	0.0138026	-0.441204	0.0765986	0.0587654	0.00684506
0.0147929	67.6	0.013794	-0.441204	0.0764427	0.0586404	0.00682579
0.014771	67.7	0.0137855	-0.441204	0.0762869	0.0585155	0.00680657
0.0147493	67.8	0.0137769	-0.441204	0.0761311	0.0583906	0.0067874
0.0147275	67.9	0.0137684	-0.441205	0.0759753	0.0582659	0.00676828
0.0147059	68	0.0137598	-0.441205	0.0758196	0.0581412	0.0067492
0.0146843	68.1	0.0137513	-0.441205	0.0756639	0.0580166	0.00673018
0.0146628	68.2	0.0137428	-0.441206	0.0755082	0.057892	0.0067112
0.0146413	68.3	0.0137343	-0.441206	0.0753526	0.0577676	0.00669227
0.0146199	68.4	0.0137258	-0.441206	0.0751971	0.0576432	0.00667339
0.0145985	68.5	0.0137173	-0.441206	0.0750416	0.057519	0.00665455
0.0145773	68.6	0.0137089	-0.441207	0.0748861	0.0573948	0.00663576
0.014556	68.7	0.0137004	-0.441207	0.0747307	0.0572707	0.00661702
0.0145349	68.8	0.0136919	-0.441207	0.0745753	0.0571466	0.00659833
0.0145138	68.9	0.0136835	-0.441207	0.07442	0.0570227	0.00657968
0.0144928	69	0.013675	-0.441208	0.0742648	0.0568988	0.00656109
0.0144718	69.1	0.0136666	-0.441208	0.0741096	0.0567751	0.00654253
0.0144509	69.2	0.0136581	-0.441208	0.0739545	0.0566514	0.00652403
0.01443	69.3	0.0136497	-0.441209	0.0737994	0.0565278	0.00650557
0.0144092	69.4	0.0136413	-0.441209	0.0736444	0.0564043	0.00648716
0.0143885	69.5	0.0136329	-0.441209	0.0734895	0.056281	0.00646879
0.0143678	69.6	0.0136245	-0.441209	0.0733346	0.0561577	0.00645047
0.0143472	69.7	0.0136161	-0.44121	0.0731798	0.0560344	0.0064322
0.0143266	69.8	0.0136077	-0.44121	0.073025	0.0559113	0.00641397
0.0143062	69.9	0.0135993	-0.44121	0.0728704	0.0557883	0.00639578
0.0142857	70	0.0135909	-0.44121	0.0727158	0.0556654	0.00637765
0.0142653	70.1	0.0135826	-0.441211	0.0725613	0.0555426	0.00635956
0.014245	70.2	0.0135742	-0.441211	0.0724068	0.0554199	0.00634151
0.0142248	70.3	0.0135658	-0.441211	0.0722525	0.0552973	0.00632351
0.0142045	70.4	0.0135575	-0.441211	0.0720982	0.0551747	0.00630556
0.0141844	70.5	0.0135491	-0.441212	0.071944	0.0550523	0.00628765
0.0141643	70.6	0.0135408	-0.441212	0.0717899	0.05493	0.00626978
0.0141443	70.7	0.0135325	-0.441212	0.0716358	0.0548078	0.00625197
0.0141243	70.8	0.0135241	-0.441212	0.0714819	0.0546857	0.00623419
0.0141044	70.9	0.0135158	-0.441213	0.071328	0.0545637	0.00621646
0.0140845	71	0.0135075	-0.441213	0.0711742	0.0544418	0.00619878
0.0140647	71.1	0.0134992	-0.441213	0.0710205	0.05432	0.00618114
0.0140449	71.2	0.0134909	-0.441213	0.0708669	0.0541983	0.00616354
0.0140252	71.3	0.0134826	-0.441214	0.0707134	0.0540768	0.00614599
0.0140056	71.4	0.0134743	-0.441214	0.07056	0.0539553	0.00612848
0.013986	71.5	0.013466	-0.441214	0.0704067	0.053834	0.00611102
0.0139665	71.6	0.0134577	-0.441214	0.0702535	0.0537127	0.0060936
0.013947	71.7	0.0134494	-0.441215	0.0701003	0.0535916	0.00607622
0.0139276	71.8	0.0134412	-0.441215	0.0699473	0.0534706	0.00605889
0.0139082	71.9	0.0134329	-0.441215	0.0697944	0.0533497	0.0060416
0.0138889	72	0.0134246	-0.441215	0.0696416	0.0532289	0.00602436
0.0138696	72.1	0.0134164	-0.441216	0.0694888	0.0531082	0.00600716
0.0138504	72.2	0.0134081	-0.441216	0.0693362	0.0529877	0.00599
0.0138313	72.3	0.0133999	-0.441216	0.0691837	0.0528672	0.00597288
0.0138122	72.4	0.0133916	-0.441216	0.0690313	0.0527469	0.00595581
0.0137931	72.5	0.0133834	-0.441217	0.068879	0.0526267	0.00593878
0.0137741	72.6	0.0133752	-0.441217	0.0687269	0.0525066	0.0059218
0.0137552	72.7	0.0133669	-0.441217	0.0685748	0.0523867	0.00590486
0.0137363	72.8	0.0133587	-0.441217	0.0684228	0.0522668	0.00588796
0.0137174	72.9	0.0133505	-0.441218	0.068271	0.0521471	0.0058711
0.0136986	73	0.0133423	-0.441218	0.0681193	0.0520275	0.00585429
0.0136799	73.1	0.0133341	-0.441218	0.0679677	0.0519081	0.00583751
0.0136612	73.2	0.0133259	-0.441218	0.0678162	0.0517887	0.00582078
0.0136426	73.3	0.0133177	-0.441218	0.0676648	0.0516695	0.0058041
0.013624	73.4	0.0133095	-0.441219	0.0675136	0.0515504	0.00578745
0.0136054	73.5	0.0133013	-0.441219	0.0673624	0.0514314	0.00577085
0.013587	73.6	0.0132931	-0.441219	0.0672114	0.0513126	0.00575429
0.0135685	73.7	0.0132849	-0.441219	0.0670606	0.0511939	0.00573777
0.0135501	73.8	0.0132767	-0.44122	0.0669098	0.0510753	0.00572129
0.0135318	73.9	0.0132686	-0.44122	0.0667592	0.0509568	0.00570485
0.0135135	74	0.0132604	-0.44122	0.0666087	0.0508385	0.00568846
0.0134953	74.1	0.0132522	-0.44122	0.0664583	0.0507203	0.00567211
0.0134771	74.2	0.0132441	-0.44122	0.0663081	0.0506022	0.0056558
0.013459	74.3	0.0132359	-0.441221	0.066158	0.0504843	0.00563953
0.0134409	74.4	0.0132278	-0.441221	0.066008	0.0503665	0.0056233
0.0134228	74.5	0.0132196	-0.441221	0.0658582	0.0502488	0.00560711
0.0134048	74.6	0.0132115	-0.441221	0.0657085	0.0501313	0.00559096
0.0133869	74.7	0.0132033	-0.441222	0.0655589	0.0500139	0.00557486
0.013369	74.8	0.0131952	-0.441222	0.0654095	0.0498966	0.00555879
0.0133511	74.9	0.0131871	-0.441222	0.0652602	0.0497795	0.00554277
0.0133333	75	0.0131789	-0.441222	0.0651111	0.0496625	0.00552678
0.0133156	75.1	0.0131708	-0.441222	0.0649621	0.0495456	0.00551084
0.0132979	75.2	0.0131627	-0.441223	0.0648132	0.0494289	0.00549494
0.0132802	75.3	0.0131546	-0.441223	0.0646645	0.0493123	0.00547908
0.0132626	75.4	0.0131465	-0.441223	0.0645159	0.0491959	0.00546325
0.013245	75.5	0.0131384	-0.441223	0.0643675	0.0490796	0.00544747
0.0132275	75.6	0.0131303	-0.441223	0.0642192	0.0489634	0.00543173
0.01321	75.7	0.0131222	-0.441224	0.0640711	0.0488474	0.00541603
0.0131926	75.8	0.0131141	-0.441224	0.0639231	0.0487315	0.00540037
0.0131752	75.9	0.013106	-0.441224	0.0637753	0.0486158	0.00538475
0.0131579	76	0.0130979	-0.441224	0.0636276	0.0485002	0.00536916
0.0131406	76.1	0.0130898	-0.441224	0.06348	0.0483847	0.00535362
0.0131234	76.2	0.0130817	-0.441225	0.0633327	0.0482694	0.00533812
0.0131062	76.3	0.0130737	-0.441225	0.0631854	0.0481543	0.00532266
0.013089	76.4	0.0130656	-0.441225	0.0630384	0.0480393	0.00530723
0.0130719	76.5	0.0130575	-0.441225	0.0628914	0.0479244	0.00529185
0.0130548	76.6	0.0130495	-0.441225	0.0627447	0.0478097	0.0052765
0.0130378	76.7	0.0130414	-0.441226	0.0625981	0.0476951	0.0052612
0.0130208	76.8	0.0130334	-0.441226	0.0624516	0.0475807	0.00524593
0.0130039	76.9	0.0130253	-0.441226	0.0623054	0.0474664	0.0052307
0.012987	77	0.0130173	-0.441226	0.0621592	0.0473522	0.00521551
0.0129702	77.1	0.0130092	-0.441226	0.0620133	0.0472383	0.00520036
0.0129534	77.2	0.0130012	-0.441227	0.0618675	0.0471244	0.00518525
0.0129366	77.3	0.0129932	-0.441227	0.0617219	0.0470107	0.00517018
0.0129199	77.4	0.0129851	-0.441227	0.0615764	0.0468972	0.00515514
0.0129032	77.5	0.0129771	-0.441227	0.0614311	0.0467838	0.00514014
0.0128866	77.6	0.0129691	-0.441227	0.061286	0.0466706	0.00512519
0.01287	77.7	0.0129611	-0.441228	0.061141	0.0465575	0.00511027
0.0128535	77.8	0.0129531	-0.441228	0.0609962	0.0464446	0.00509539
0.012837	77.9	0.0129451	-0.441228	0.0608516	0.0463318	0.00508054
0.0128205	78	0.0129371	-0.441228	0.0607071	0.0462192	0.00506574
0.0128041	78.1	0.0129291	-0.441228	0.0605628	0.0461067	0.00505097
0.0127877	78.2	0.0129211	-0.441229	0.0604187	0.0459944	0.00503624
0.0127714	78.3	0.0129131	-0.441229	0.0602748	0.0458823	0.00502155
0.0127551	78.4	0.0129051	-0.441229	0.060131	0.0457703	0.0050069
0.0127389	78.5	0.0128971	-0.441229	0.0599874	0.0456584	0.00499228
0.0127226	78.6	0.0128892	-0.441229	0.059844	0.0455467	0.0049777
0.0127065	78.7	0.0128812	-0.441229	0.0597007	0.0454352	0.00496316
0.0126904	78.8	0.0128732	-0.44123	0.0595577	0.0453238	0.00494866
0.0126743	78.9	0.0128653	-0.44123	0.0594148	0.0452126	0.00493419
0.0126582	79	0.0128573	-0.44123	0.0592721	0.0451016	0.00491976
0.0126422	79.1	0.0128494	-0.44123	0.0591295	0.0449907	0.00490537
0.0126263	79.2	0.0128414	-0.44123	0.0589872	0.0448799	0.00489101
0.0126103	79.3	0.0128335	-0.441231	0.058845	0.0447693	0.00487669
0.0125945	79.4	0.0128255	-0.441231	0.058703	0.0446589	0.00486241
0.0125786	79.5	0.0128176	-0.441231	0.0585612	0.0445487	0.00484817
0.0125628	79.6	0.0128097	-0.441231	0.0584196	0.0444386	0.00483396
0.0125471	79.7	0.0128018	-0.441231	0.0582781	0.0443286	0.00481979
0.0125313	79.8	0.0127939	-0.441231	0.0581369	0.0442189	0.00480566
0.0125156	79.9	0.0127859	-0.441232	0.0579958	0.0441092	0.00479156
0.0125	80	0.012778	-0.441232	0.0578549	0.0439998	0.0047775
0.0124844	80.1	0.0127701	-0.441232	0.0577142	0.0438905	0.00476347
0.0124688	80.2	0.0127623	-0.441232	0.0575737	0.0437814	0.00474948
0.0124533	80.3	0.0127544	-0.441232	0.0574334	0.0436724	0.00473553
0.0124378	80.4	0.0127465	-0.441233	0.0572933	0.0435636	0.00472161
0.0124224	80.5	0.0127386	-0.441233	0.0571533	0.043455	0.00470773
0.0124069	80.6	0.0127307	-0.441233	0.0570136	0.0433466	0.00469389
0.0123916	80.7	0.0127229	-0.441233	0.056874	0.0432383	0.00468008
0.0123762	80.8	0.012715	-0.441233	0.0567346	0.0431301	0.00466631
0.0123609	80.9	0.0127072	-0.441233	0.0565955	0.0430222	0.00465257
0.0123457	81	0.0126993	-0.441234	0.0564565	0.0429144	0.00463887
0.0123305	81.1	0.0126915	-0.441234	0.0563177	0.0428067	0.0046252
0.0123153	81.2	0.0126836	-0.441234	0.0561791	0.0426993	0.00461157
0.0123001	81.3	0.0126758	-0.441234	0.0560407	0.042592	0.00459798
0.012285	81.4	0.012668	-0.441234	0.0559025	0.0424848	0.00458442
0.0122699	81.5	0.0126602	-0.441234	0.0557645	0.0423779	0.00457089
0.0122549	81.6	0.0126524	-0.441235	0.0556266	0.0422711	0.0045574
0.0122399	81.7	0.0126445	-0.441235	0.055489	0.0421644	0.00454395
0.0122249	81.8	0.0126367	-0.441235	0.0553516	0.042058	0.00453053
0.01221	81.9	0.012629	-0.441235	0.0552144	0.0419517	0.00451715
0.0121951	82	0.0126212	-0.441235	0.0550774	0.0418456	0.0045038
0.0121803	82.1	0.0126134	-0.441235	0.0549405	0.0417396	0.00449048
0.0121655	82.2	0.0126056	-0.441236	0.0548039	0.0416339	0.0044772
0.0121507	82.3	0.0125978	-0.441236	0.0546675	0.0415283	0.00446396
0.0121359	82.4	0.0125901	-0.441236	0.0545313	0.0414228	0.00445075
0.0121212	82.5	0.0125823	-0.441236	0.0543953	0.0413176	0.00443757
0.0121065	82.6	0.0125746	-0.441236	0.0542594	0.0412125	0.00442443
0.0120919	82.7	0.0125668	-0.441236	0.0541238	0.0411076	0.00441132
0.0120773	82.8	0.0125591	-0.441236	0.0539884	0.0410028	0.00439825
0.0120627	82.9	0.0125514	-0.441237	0.0538532	0.0408982	0.00438521
0.0120482	83	0.0125437	-0.441237	0.0537182	0.0407938	0.00437221
0.0120337	83.1	0.012536	-0.441237	0.0535834	0.0406896	0.00435924
0.0120192	83.2	0.0125283	-0.441237	0.0534488	0.0405856	0.0043463
0.0120048	83.3	0.0125206	-0.441237	0.0533145	0.0404817	0.0043334
0.0119904	83.4	0.0125129	-0.441237	0.0531803	0.040378	0.00432053
0.011976	83.5	0.0125052	-0.441238	0.0530463	0.0402744	0.0043077
0.0119617	83.6	0.0124975	-0.441238	0.0529125	0.0401711	0.00429489
0.0119474	83.7	0.0124898	-0.441238	0.052779	0.0400679	0.00428213
0.0119332	83.8	0.0124822	-0.441238	0.0526456	0.0399649	0.00426939
0.011919	83.9	0.0124745	-0.441238	0.0525125	0.039862	0.00425669
0.0119048	84	0.0124669	-0.441238	0.0523796	0.0397594	0.00424403
0.0118906	84.1	0.0124593	-0.441238	0.0522469	0.0396569	0.00423139
0.0118765	84.2	0.0124516	-0.441239	0.0521144	0.0395546	0.00421879
0.0118624	84.3	0.012444	-0.441239	0.0519821	0.0394525	0.00420623
0.0118483	84.4	0.0124364	-0.441239	0.05185	0.0393505	0.00419369
0.0118343	84.5	0.0124288	-0.441239	0.0517181	0.0392487	0.00418119
0.0118203	84.6	0.0124212	-0.441239	0.0515865	0.0391471	0.00416872
0.0118064	84.7	0.0124136	-0.441239	0.051455	0.0390457	0.00415629
0.0117925	84.8	0.012406	-0.44124	0.0513238	0.0389445	0.00414389
0.0117786	84.9	0.0123985	-0.44124	0.0511927	0.0388434	0.00413152
0.0117647	85	0.0123909	-0.44124	0.0510619	0.0387425	0.00411918
0.0117509	85.1	0.0123833	-0.44124	0.0509313	0.0386418	0.00410688
0.0117371	85.2	0.0123758	-0.44124	0.050801	0.0385412	0.00409461
0.0117233	85.3	0.0123683	-0.44124	0.0506708	0.0384409	0.00408237
0.0117096	85.4	0.0123607	-0.44124	0.0505409	0.0383407	0.00407016
0.0116959	85.5	0.0123532	-0.441241	0.0504111	0.0382407	0.00405799
0.0116822	85.6	0.0123457	-0.441241	0.0502816	0.0381409	0.00404585
0.0116686	85.7	0.0123382	-0.441241	0.0501523	0.0380412	0.00403374
0.011655	85.8	0.0123307	-0.441241	0.0500232	0.0379418	0.00402166
0.0116414	85.9	0.0123232	-0.441241	0.0498943	0.0378425	0.00400962
0.0116279	86	0.0123158	-0.441241	0.0497657	0.0377434	0.0039976
0.0116144	86.1	0.0123083	-0.441241	0.0496373	0.0376444	0.00398562
0.0116009	86.2	0.0123008	-0.441242	0.049509	0.0375457	0.00397367
0.0115875	86.3	0.0122934	-0.441242	0.0493811	0.0374471	0.00396175
0.0115741	86.4	0.012286	-0.441242	0.0492533	0.0373487	0.00394987
0.0115607	86.5	0.0122785	-0.441242	0.0491257	0.0372505	0.00393802
0.0115473	86.6	0.0122711	-0.441242	0.0489984	0.0371525	0.00392619
0.011534	86.7	0.0122637	-0.441242	0.0488713	0.0370546	0.0039144
0.0115207	86.8	0.0122563	-0.441242	0.0487444	0.036957	0.00390264
0.0115075	86.9	0.0122489	-0.441242	0.0486177	0.0368595	0.00389092
0.0114943	87	0.0122415	-0.441243	0.0484912	0.0367622	0.00387922
0.0114811	87.1	0.0122342	-0.441243	0.048365	0.036665	0.00386755
0.0114679	87.2	0.0122268	-0.441243	0.048239	0.0365681	0.00385592
0.0114548	87.3	0.0122195	-0.441243	0.0481132	0.0364713	0.00384432
0.0114416	87.4	0.0122121	-0.441243	0.0479876	0.0363748	0.00383274
0.0114286	87.5	0.0122048	-0.441243	0.0478622	0.0362784	0.0038212
0.0114155	87.6	0.0121975	-0.441243	0.0477371	0.0361821	0.00380969
0.0114025	87.7	0.0121902	-0.441244	0.0476122	0.0360861	0.00379821
0.0113895	87.8	0.0121829	-0.441244	0.0474875	0.0359902	0.00378677
0.0113766	87.9	0.0121756	-0.441244	0.047363	0.0358946	0.00377535
0.0113636	88	0.0121684	-0.441244	0.0472388	0.0357991	0.00376396
0.0113507	88.1	0.0121611	-0.441244	0.0471148	0.0357037	0.00375261
0.0113379	88.2	0.0121538	-0.441244	0.046991	0.0356086	0.00374128
0.011325	88.3	0.0121466	-0.441244	0.0468674	0.0355137	0.00372998
0.0113122	88.4	0.0121394	-0.441244	0.0467441	0.0354189	0.00371872
0.0112994	88.5	0.0121322	-0.441245	0.046621	0.0353243	0.00370749
0.0112867	88.6	0.012125	-0.441245	0.0464981	0.0352299	0.00369628
0.011274	88.7	0.0121178	-0.441245	0.0463754	0.0351357	0.00368511
0.0112613	88.8	0.0121106	-0.441245	0.0462529	0.0350416	0.00367396
0.0112486	88.9	0.0121034	-0.441245	0.0461307	0.0349478	0.00366285
0.011236	89	0.0120963	-0.441245	0.0460087	0.0348541	0.00365176
0.0112233	89.1	0.0120891	-0.441245	0.0458869	0.0347606	0.00364071
0.0112108	89.2	0.012082	-0.441245	0.0457654	0.0346673	0.00362969
0.0111982	89.3	0.0120749	-0.441246	0.0456441	0.0345742	0.00361869
0.0111857	89.4	0.0120677	-0.441246	0.045523	0.0344812	0.00360773
0.0111732	89.5	0.0120606	-0.441246	0.0454021	0.0343885	0.00359679
0.0111607	89.6	0.0120536	-0.441246	0.0452815	0.0342959	0.00358589
0.0111483	89.7	0.0120465	-0.441246	0.045161	0.0342035	0.00357501
0.0111359	89.8	0.0120394	-0.441246	0.0450409	0.0341113	0.00356417
0.0111235	89.9	0.0120324	-0.441246	0.0449209	0.0340193	0.00355335
0.0111111	90	0.0120253	-0.441246	0.0448012	0.0339274	0.00354256
0.0110988	90.1	0.0120183	-0.441247	0.0446816	0.0338357	0.0035318
0.0110865	90.2	0.0120113	-0.441247	0.0445624	0.0337443	0.00352107
0.0110742	90.3	0.0120043	-0.441247	0.0444433	0.033653	0.00351037
0.0110619	90.4	0.0119973	-0.441247	0.0443245	0.0335618	0.0034997
0.0110497	90.5	0.0119903	-0.441247	0.0442059	0.0334709	0.00348906
0.0110375	90.6	0.0119834	-0.441247	0.0440875	0.0333801	0.00347845
0.0110254	90.7	0.0119764	-0.441247	0.0439693	0.0332896	0.00346787
0.0110132	90.8	0.0119695	-0.441247	0.0438514	0.0331992	0.00345731
0.0110011	90.9	0.0119625	-0.441247	0.0437337	0.033109	0.00344678
0.010989	91	0.0119556	-0.441248	0.0436163	0.033019	0.00343629
0.0109769	91.1	0.0119487	-0.441248	0.043499	0.0329291	0.00342582
0.0109649	91.2	0.0119418	-0.441248	0.043382	0.0328395	0.00341538
0.0109529	91.3	0.011935	-0.441248	0.0432652	0.03275	0.00340497
0.0109409	91.4	0.0119281	-0.441248	0.0431487	0.0326607	0.00339458
0.010929	91.5	0.0119213	-0.441248	0.0430324	0.0325716	0.00338423
0.010917	91.6	0.0119144	-0.441248	0.0429163	0.0324827	0.0033739
0.0109051	91.7	0.0119076	-0.441248	0.0428004	0.0323939	0.0033636
0.0108932	91.8	0.0119008	-0.441249	0.0426848	0.0323054	0.00335333
0.0108814	91.9	0.011894	-0.441249	0.0425694	0.032217	0.00334309
0.0108696	92	0.0118872	-0.441249	0.0424542	0.0321288	0.00333288
0.0108578	92.1	0.0118805	-0.441249	0.0423392	0.0320408	0.00332269
0.010846	92.2	0.0118737	-0.441249	0.0422245	0.031953	0.00331253
0.0108342	92.3	0.011867	-0.441249	0.04211	0.0318653	0.0033024
0.0108225	92.4	0.0118603	-0.441249	0.0419957	0.0317779	0.0032923
0.0108108	92.5	0.0118536	-0.441249	0.0418817	0.0316906	0.00328223
0.0107991	92.6	0.0118469	-0.441249	0.0417679	0.0316035	0.00327218
0.0107875	92.7	0.0118402	-0.441249	0.0416543	0.0315166	0.00326216
0.0107759	92.8	0.0118335	-0.44125	0.0415409	0.0314298	0.00325217
0.0107643	92.9	0.0118269	-0.44125	0.0414278	0.0313433	0.0032422
0.0107527	93	0.0118202	-0.44125	0.0413149	0.0312569	0.00323227
0.0107411	93.1	0.0118136	-0.44125	0.0412023	0.0311707	0.00322236
0.0107296	93.2	0.011807	-0.44125	0.0410898	0.0310847	0.00321248
0.0107181	93.3	0.0118004	-0.44125	0.0409776	0.0309989	0.00320262
0.0107066	93.4	0.0117938	-0.44125	0.0408656	0.0309132	0.00319279
0.0106952	93.5	0.0117873	-0.44125	0.0407539	0.0308278	0.00318299
0.0106838	93.6	0.0117807	-0.44125	0.0406424	0.0307425	0.00317322
0.0106724	93.7	0.0117742	-0.441251	0.0405311	0.0306574	0.00316347
0.010661	93.8	0.0117677	-0.441251	0.04042	0.0305725	0.00315375
0.0106496	93.9	0.0117612	-0.441251	0.0403092	0.0304877	0.00314406
0.0106383	94	0.0117547	-0.441251	0.0401986	0.0304032	0.0031344
0.010627	94.1	0.0117482	-0.441251	0.0400882	0.0303188	0.00312476
0.0106157	94.2	0.0117418	-0.441251	0.0399781	0.0302346	0.00311515
0.0106045	94.3	0.0117353	-0.441251	0.0398681	0.0301506	0.00310556
0.0105932	94.4	0.0117289	-0.441251	0.0397585	0.0300668	0.003096
0.010582	94.5	0.0117225	-0.441251	0.039649	0.0299831	0.00308647
0.0105708	94.6	0.0117161	-0.441251	0.0395398	0.0298997	0.00307696
0.0105597	94.7	0.0117097	-0.441252	0.0394308	0.0298164	0.00306748
0.0105485	94.8	0.0117033	-0.441252	0.039322	0.0297333	0.00305803
0.0105374	94.9	0.011697	-0.441252	0.0392134	0.0296504	0.0030486
0.0105263	95	0.0116907	-0.441252	0.0391051	0.0295676	0.0030392
0.0105152	95.1	0.0116843	-0.441252	0.038997	0.0294851	0.00302983
0.0105042	95.2	0.011678	-0.441252	0.0388892	0.0294027	0.00302048
0.0104932	95.3	0.0116718	-0.441252	0.0387815	0.0293205	0.00301116
0.0104822	95.4	0.0116655	-0.441252	0.0386741	0.0292385	0.00300186
0.0104712	95.5	0.0116592	-0.441252	0.038567	0.0291566	0.00299259
0.0104603	95.6	0.011653	-0.441252	0.03846	0.029075	0.00298335
0.0104493	95.7	0.0116468	-0.441253	0.0383533	0.0289935	0.00297413
0.0104384	95.8	0.0116406	-0.441253	0.0382468	0.0289122	0.00296494
0.0104275	95.9	0.0116344	-0.441253	0.0381405	0.0288311	0.00295577
0.0104167	96	0.0116282	-0.441253	0.0380345	0.0287501	0.00294663
0.0104058	96.1	0.0116221	-0.441253	0.0379287	0.0286694	0.00293751
0.010395	96.2	0.0116159	-0.441253	0.0378231	0.0285888	0.00292842
0.0103842	96.3	0.0116098	-0.441253	0.0377178	0.0285084	0.00291936
0.0103734	96.4	0.0116037	-0.441253	0.0376126	0.0284282	0.00291032
0.0103627	96.5	0.0115976	-0.441253	0.0375077	0.0283481	0.0029013
0.010352	96.6	0.0115915	-0.441253	0.0374031	0.0282682	0.00289231
0.0103413	96.7	0.0115855	-0.441253	0.0372986	0.0281886	0.00288335
0.0103306	96.8	0.0115794	-0.441254	0.0371944	0.0281091	0.00287441
0.0103199	96.9	0.0115734	-0.441254	0.0370904	0.0280297	0.0028655
0.0103093	97	0.0115674	-0.441254	0.0369867	0.0279506	0.00285661
0.0102987	97.1	0.0115614	-0.441254	0.0368831	0.0278716	0.00284775
0.0102881	97.2	0.0115555	-0.441254	0.0367798	0.0277928	0.00283891
0.0102775	97.3	0.0115495	-0.441254	0.0366767	0.0277142	0.00283009
0.0102669	97.4	0.0115436	-0.441254	0.0365739	0.0276357	0.0028213
0.0102564	97.5	0.0115377	-0.441254	0.0364713	0.0275575	0.00281254
0.0102459	97.6	0.0115318	-0.441254	0.0363689	0.0274794	0.0028038
0.0102354	97.7	0.0115259	-0.441254	0.0362667	0.0274015	0.00279509
0.0102249	97.8	0.01152	-0.441254	0.0361647	0.0273238	0.0027864
0.0102145	97.9	0.0115142	-0.441255	0.036063	0.0272462	0.00277773
0.0102041	98	0.0115083	-0.441255	0.0359615	0.0271688	0.00276909
0.0101937	98.1	0.0115025	-0.441255	0.0358602	0.0270916	0.00276047
0.0101833	98.2	0.0114967	-0.441255	0.0357592	0.0270146	0.00275188
0.0101729	98.3	0.0114909	-0.441255	0.0356584	0.0269378	0.00274331
0.0101626	98.4	0.0114852	-0.441255	0.0355578	0.0268611	0.00273477
0.0101523	98.5	0.0114794	-0.441255	0.0354574	0.0267846	0.00272625
0.010142	98.6	0.0114737	-0.441255	0.0353572	0.0267083	0.00271775
0.0101317	98.7	0.011468	-0.441255	0.0352573	0.0266321	0.00270928
0.0101215	98.8	0.0114623	-0.441255	0.0351576	0.0265562	0.00270083
0.0101112	98.9	0.0114566	-0.441255	0.0350581	0.0264804	0.00269241
0.010101	99	0.011451	-0.441256	0.0349589	0.0264048	0.00268401
0.0100908	99.1	0.0114454	-0.441256	0.0348599	0.0263293	0.00267563
0.0100806	99.2	0.0114397	-0.441256	0.0347611	0.0262541	0.00266728
0.0100705	99.3	0.0114341	-0.441256	0.0346625	0.026179	0.00265895
0.0100604	99.4	0.0114286	-0.441256	0.0345641	0.0261041	0.00265065
0.0100503	99.5	0.011423	-0.441256	0.034466	0.0260293	0.00264237
0.0100402	99.6	0.0114175	-0.441256	0.0343681	0.0259548	0.00263411
0.0100301	99.7	0.0114119	-0.441256	0.0342704	0.0258804	0.00262588
0.01002	99.8	0.0114064	-0.441256	0.0341729	0.0258062	0.00261767
0.01001	99.9	0.0114009	-0.441256	0.0340757	0.0257321	0.00260948
0.01	100	0.0113955	-0.441256	0.0339787	0.0256582	0.00260131
