#T	β	c	e	chiz	chic	s
100	0.01	0.000127949	-0.0127645	0.00641545	0.00657815	1.09855
50	0.02	0.000514087	-0.0255884	0.0126632	0.0129808	1.09836
33.3333	0.03	0.00116146	-0.0384674	0.0187454	0.0192102	1.09803
25	0.04	0.00207258	-0.0513971	0.0246641	0.0252686	1.09758
20	0.05	0.0032494	-0.0643731	0.0304217	0.0311586	1.097
16.6667	0.06	0.00469332	-0.0773907	0.0360203	0.0368825	1.09628
14.2857	0.07	0.00640518	-0.0904455	0.0414622	0.0424427	1.09543
12.5	0.08	0.00838523	-0.103533	0.0467497	0.0478417	1.09445
11.1111	0.09	0.0106331	-0.116648	0.0518852	0.0530821	1.09334
10	0.1	0.013148	-0.129786	0.0568711	0.0581664	1.09209
9.09091	0.11	0.0159284	-0.142942	0.0617098	0.0630972	1.09071
8.33333	0.12	0.0189721	-0.156112	0.0664037	0.0678772	1.08919
7.69231	0.13	0.0222766	-0.169291	0.0709553	0.0725089	1.08755
7.14286	0.14	0.0258387	-0.182473	0.0753671	0.0769949	1.08577
6.66667	0.15	0.0296546	-0.195655	0.0796415	0.0813381	1.08385
6.25	0.16	0.0337201	-0.208832	0.0837811	0.085541	1.08181
5.88235	0.17	0.0380303	-0.221997	0.0877885	0.0896064	1.07964
5.55556	0.18	0.0425799	-0.235148	0.0916662	0.093537	1.07734
5.26316	0.19	0.0473631	-0.24828	0.0954167	0.0973354	1.07491
5	0.2	0.0523736	-0.261387	0.0990426	0.101004	1.07235
4	0.25	0.0805878	-0.326401	0.115393	0.117504	1.05773
3.33333	0.3	0.113323	-0.390155	0.129012	0.131176	1.0402
2.5	0.4	0.187706	-0.512019	0.149289	0.151341	0.997622
2	0.5	0.265972	-0.624011	0.16218	0.163926	0.947317
1.66667	0.6	0.339805	-0.724443	0.169642	0.170981	0.89218
1.42857	0.7	0.403495	-0.81278	0.173233	0.174131	0.834861
1.25	0.8	0.454124	-0.889357	0.174135	0.174599	0.777524
1.11111	0.9	0.491037	-0.955048	0.173209	0.173274	0.721772
1	1	0.515068	-1.01101	0.17107	0.170783	0.668686
0.909091	1.1	0.527864	-1.05847	0.168147	0.167563	0.618913
0.833333	1.2	0.531375	-1.09865	0.164736	0.163911	0.572772
0.769231	1.3	0.527553	-1.13262	0.16104	0.160027	0.530347
0.714286	1.4	0.518175	-1.16138	0.157197	0.156046	0.491565
0.666667	1.5	0.504778	-1.18576	0.153299	0.152054	0.456253
0.625	1.6	0.48863	-1.20647	0.149405	0.148109	0.424179
0.588235	1.7	0.470754	-1.22411	0.145556	0.144243	0.395085
0.555556	1.8	0.451946	-1.2392	0.141775	0.140477	0.368707
0.526316	1.9	0.432816	-1.25214	0.138077	0.136819	0.344784
0.5	2	0.413811	-1.26328	0.134468	0.133274	0.323068
0.47619	2.1	0.395257	-1.27292	0.130951	0.129839	0.30333
0.454545	2.2	0.377372	-1.28128	0.127525	0.126512	0.285358
0.434783	2.3	0.360301	-1.28857	0.124189	0.123286	0.268963
0.416667	2.4	0.344125	-1.29495	0.120939	0.120157	0.253974
0.4	2.5	0.328882	-1.30056	0.117772	0.117118	0.240238
0.384615	2.6	0.314576	-1.30551	0.114683	0.114164	0.227621
0.37037	2.7	0.301188	-1.3099	0.11167	0.111288	0.216002
0.357143	2.8	0.288682	-1.3138	0.108727	0.108485	0.205278
0.344828	2.9	0.277014	-1.31728	0.105852	0.105752	0.195353
0.333333	3	0.266129	-1.3204	0.103041	0.103083	0.186148
0.322581	3.1	0.255975	-1.32321	0.100293	0.100475	0.177589
0.3125	3.2	0.246496	-1.32574	0.0976042	0.0979241	0.169613
0.30303	3.3	0.237636	-1.32803	0.0949726	0.0954284	0.162165
0.294118	3.4	0.229343	-1.33011	0.0923966	0.0929851	0.155196
0.285714	3.5	0.221569	-1.33201	0.0898746	0.090592	0.148661
0.277778	3.6	0.214266	-1.33374	0.0874051	0.0882474	0.142523
0.27027	3.7	0.207391	-1.33532	0.084987	0.0859496	0.136747
0.263158	3.8	0.200906	-1.33677	0.0826192	0.0836975	0.131303
0.25641	3.9	0.194774	-1.33811	0.0803009	0.0814898	0.126164
0.25	4	0.188963	-1.33934	0.0780312	0.0793256	0.121307
0.243902	4.1	0.183443	-1.34047	0.0758095	0.0772042	0.116709
0.238095	4.2	0.178187	-1.34152	0.0736352	0.0751247	0.112352
0.232558	4.3	0.173173	-1.3425	0.0715076	0.0730867	0.108219
0.227273	4.4	0.168377	-1.3434	0.0694264	0.0710895	0.104293
0.222222	4.5	0.163782	-1.34424	0.067391	0.0691328	0.100561
0.217391	4.6	0.15937	-1.34502	0.0654009	0.0672161	0.0970096
0.212766	4.7	0.155126	-1.34575	0.0634558	0.0653389	0.0936279
0.208333	4.8	0.151036	-1.34642	0.0615551	0.063501	0.0904052
0.204082	4.9	0.147088	-1.34706	0.0596986	0.0617021	0.0873317
0.2	5	0.143271	-1.34765	0.0578856	0.0599417	0.0843988
0.196078	5.1	0.139577	-1.3482	0.0561158	0.0582196	0.0815983
0.192308	5.2	0.135995	-1.34872	0.0543888	0.0565354	0.0789228
0.188679	5.3	0.13252	-1.34921	0.0527041	0.0548888	0.0763655
0.185185	5.4	0.129143	-1.34967	0.0510611	0.0532795	0.0739201
0.181818	5.5	0.12586	-1.3501	0.0494594	0.0517071	0.0715806
0.178571	5.6	0.122664	-1.3505	0.0478985	0.0501713	0.0693416
0.175439	5.7	0.119551	-1.35088	0.0463778	0.0486717	0.0671981
0.172414	5.8	0.116516	-1.35124	0.0448969	0.0472079	0.0651454
0.169492	5.9	0.113557	-1.35157	0.0434551	0.0457796	0.063179
0.166667	6	0.110669	-1.35189	0.0420519	0.0443862	0.0612947
0.163934	6.1	0.107849	-1.35219	0.0406866	0.0430275	0.0594888
0.16129	6.2	0.105095	-1.35247	0.0393587	0.0417028	0.0577576
0.15873	6.3	0.102405	-1.35274	0.0380675	0.0404119	0.0560976
0.15625	6.4	0.0997752	-1.35299	0.0368125	0.0391542	0.0545056
0.153846	6.5	0.097205	-1.35322	0.0355929	0.0379292	0.0529787
0.151515	6.6	0.0946922	-1.35345	0.0344081	0.0367364	0.0515138
0.149254	6.7	0.0922351	-1.35366	0.0332575	0.0355753	0.0501084
0.147059	6.8	0.0898324	-1.35386	0.0321404	0.0344455	0.0487598
0.144928	6.9	0.0874826	-1.35405	0.0310561	0.0333463	0.0474656
0.142857	7	0.0851844	-1.35423	0.030004	0.0322773	0.0462234
0.140845	7.1	0.0829369	-1.3544	0.0289833	0.0312379	0.0450311
0.138889	7.2	0.0807388	-1.35456	0.0279934	0.0302275	0.0438866
0.136986	7.3	0.0785893	-1.35471	0.0270335	0.0292457	0.0427879
0.135135	7.4	0.0764873	-1.35485	0.0261031	0.0282918	0.041733
0.133333	7.5	0.074432	-1.35499	0.0252014	0.0273652	0.0407202
0.131579	7.6	0.0724226	-1.35512	0.0243278	0.0264655	0.0397477
0.12987	7.7	0.0704582	-1.35524	0.0234815	0.025592	0.038814
0.128205	7.8	0.0685381	-1.35535	0.0226619	0.0247442	0.0379173
0.126582	7.9	0.0666616	-1.35546	0.0218684	0.0239215	0.0370563
0.125	8	0.0648279	-1.35557	0.0211002	0.0231234	0.0362294
0.123457	8.1	0.0630363	-1.35567	0.0203567	0.0223493	0.0354354
0.121951	8.2	0.0612862	-1.35576	0.0196372	0.0215985	0.0346728
0.120482	8.3	0.0595769	-1.35585	0.0189412	0.0208707	0.0339404
0.119048	8.4	0.0579078	-1.35593	0.018268	0.0201651	0.0332371
0.117647	8.5	0.0562781	-1.35601	0.0176169	0.0194813	0.0325616
0.116279	8.6	0.0546872	-1.35609	0.0169873	0.0188188	0.0319128
0.114943	8.7	0.0531346	-1.35616	0.0163787	0.0181769	0.0312897
0.113636	8.8	0.0516196	-1.35623	0.0157905	0.0175551	0.0306913
0.11236	8.9	0.0501415	-1.35629	0.015222	0.016953	0.0301166
0.111111	9	0.0486997	-1.35636	0.0146726	0.01637	0.0295646
0.10989	9.1	0.0472936	-1.35641	0.0141419	0.0158056	0.0290344
0.108696	9.2	0.0459226	-1.35647	0.0136292	0.0152593	0.0285253
0.107527	9.3	0.044586	-1.35652	0.0131341	0.0147305	0.0280363
0.106383	9.4	0.0432832	-1.35657	0.0126559	0.0142189	0.0275666
0.105263	9.5	0.0420137	-1.35662	0.0121943	0.0137239	0.0271155
0.104167	9.6	0.0407767	-1.35667	0.0117485	0.013245	0.0266823
0.103093	9.7	0.0395717	-1.35671	0.0113183	0.0127818	0.0262662
0.102041	9.8	0.0383981	-1.35675	0.010903	0.0123339	0.0258666
0.10101	9.9	0.0372553	-1.35679	0.0105022	0.0119008	0.0254829
0.1	10	0.0361426	-1.35683	0.0101155	0.011482	0.0251143
0.0990099	10.1	0.0350594	-1.35686	0.00974244	0.0110772	0.0247604
0.0980392	10.2	0.0340052	-1.35689	0.00938251	0.0106859	0.0244204
0.0970874	10.3	0.0329794	-1.35693	0.00903531	0.0103078	0.024094
0.0961538	10.4	0.0319813	-1.35696	0.00870044	0.00994232	0.0237804
0.0952381	10.5	0.0310104	-1.35699	0.00837748	0.0095892	0.0234794
0.0943396	10.6	0.0300662	-1.35701	0.00806606	0.00924805	0.0231902
0.0934579	10.7	0.0291479	-1.35704	0.00776578	0.00891847	0.0229125
0.0925926	10.8	0.0282551	-1.35706	0.00747627	0.00860013	0.0226459
0.0917431	10.9	0.0273872	-1.35709	0.00719718	0.00829266	0.0223898
0.0909091	11	0.0265436	-1.35711	0.00692815	0.00799572	0.0221439
0.0900901	11.1	0.0257238	-1.35713	0.00666884	0.00770899	0.0219077
0.0892857	11.2	0.0249272	-1.35715	0.00641893	0.00743214	0.021681
0.0884956	11.3	0.0241533	-1.35717	0.00617808	0.00716484	0.0214632
0.0877193	11.4	0.0234016	-1.35719	0.00594601	0.0069068	0.0212541
0.0869565	11.5	0.0226715	-1.35721	0.00572239	0.00665772	0.0210533
0.0862069	11.6	0.0219624	-1.35722	0.00550694	0.0064173	0.0208605
0.0854701	11.7	0.021274	-1.35724	0.00529937	0.00618527	0.0206753
0.0847458	11.8	0.0206056	-1.35725	0.00509942	0.00596134	0.0204975
0.0840336	11.9	0.0199568	-1.35727	0.00490681	0.00574526	0.0203268
0.0833333	12	0.019327	-1.35728	0.0047213	0.00553676	0.0201629
0.0826446	12.1	0.0187159	-1.3573	0.00454262	0.00533559	0.0200055
0.0819672	12.2	0.0181229	-1.35731	0.00437053	0.00514151	0.0198543
0.0813008	12.3	0.0175475	-1.35732	0.00420482	0.00495428	0.0197092
0.0806452	12.4	0.0169894	-1.35733	0.00404524	0.00477367	0.0195699
0.08	12.5	0.0164479	-1.35734	0.00389158	0.00459947	0.0194361
0.0793651	12.6	0.0159228	-1.35735	0.00374363	0.00443144	0.0193076
0.0787402	12.7	0.0154136	-1.35736	0.00360118	0.00426939	0.0191842
0.078125	12.8	0.0149198	-1.35737	0.00346405	0.00411311	0.0190658
0.0775194	12.9	0.0144411	-1.35738	0.00333203	0.00396241	0.018952
0.0769231	13	0.013977	-1.35739	0.00320494	0.00381709	0.0188428
0.0763359	13.1	0.0135271	-1.3574	0.0030826	0.00367697	0.018738
0.0757576	13.2	0.013091	-1.3574	0.00296485	0.00354187	0.0186373
0.075188	13.3	0.0126684	-1.35741	0.00285151	0.00341162	0.0185407
0.0746269	13.4	0.0122589	-1.35742	0.00274243	0.00328606	0.0184479
0.0740741	13.5	0.0118621	-1.35742	0.00263745	0.00316501	0.0183588
0.0735294	13.6	0.0114776	-1.35743	0.00253642	0.00304832	0.0182732
0.0729927	13.7	0.0111052	-1.35744	0.00243919	0.00293584	0.0181911
0.0724638	13.8	0.0107444	-1.35744	0.00234563	0.00282743	0.0181122
0.0719424	13.9	0.0103949	-1.35745	0.00225561	0.00272294	0.0180365
0.0714286	14	0.0100565	-1.35745	0.00216898	0.00262223	0.0179638
0.070922	14.1	0.00972875	-1.35746	0.00208563	0.00252518	0.017894
0.0704225	14.2	0.00941138	-1.35746	0.00200544	0.00243165	0.017827
0.0699301	14.3	0.00910408	-1.35747	0.00192828	0.00234151	0.0177627
0.0694444	14.4	0.00880657	-1.35747	0.00185405	0.00225466	0.0177009
0.0689655	14.5	0.00851855	-1.35748	0.00178264	0.00217097	0.0176416
0.0684932	14.6	0.00823975	-1.35748	0.00171394	0.00209033	0.0175847
0.0680272	14.7	0.00796988	-1.35748	0.00164786	0.00201264	0.01753
0.0675676	14.8	0.00770869	-1.35749	0.00158429	0.00193779	0.0174776
0.0671141	14.9	0.00745592	-1.35749	0.00152314	0.00186567	0.0174272
0.0666667	15	0.0072113	-1.35749	0.00146432	0.00179619	0.0173788
0.0662252	15.1	0.00697461	-1.3575	0.00140775	0.00172926	0.0173324
0.0657895	15.2	0.00674559	-1.3575	0.00135333	0.00166478	0.0172878
0.0653595	15.3	0.00652403	-1.3575	0.001301	0.00160267	0.017245
0.0649351	15.4	0.00630968	-1.35751	0.00125066	0.00154284	0.0172039
0.0645161	15.5	0.00610233	-1.35751	0.00120225	0.00148522	0.0171644
0.0641026	15.6	0.00590177	-1.35751	0.00115569	0.00142971	0.0171265
0.0636943	15.7	0.00570778	-1.35751	0.00111092	0.00137625	0.0170902
0.0632911	15.8	0.00552018	-1.35752	0.00106786	0.00132475	0.0170552
0.0628931	15.9	0.00533876	-1.35752	0.00102646	0.00127516	0.0170217
0.0625	16	0.00516332	-1.35752	0.000986643	0.0012274	0.0169895
0.0621118	16.1	0.00499369	-1.35752	0.000948356	0.0011814	0.0169587
0.0617284	16.2	0.00482969	-1.35752	0.00091154	0.00113711	0.016929
0.0613497	16.3	0.00467114	-1.35752	0.000876139	0.00109445	0.0169005
0.0609756	16.4	0.00451787	-1.35753	0.0008421	0.00105337	0.0168732
0.0606061	16.5	0.00436971	-1.35753	0.000809372	0.00101382	0.0168469
0.060241	16.6	0.0042265	-1.35753	0.000777904	0.000975727	0.0168217
0.0598802	16.7	0.0040881	-1.35753	0.000747648	0.000939052	0.0167976
0.0595238	16.8	0.00395434	-1.35753	0.000718559	0.000903738	0.0167743
0.0591716	16.9	0.00382508	-1.35753	0.000690592	0.000869736	0.016752
0.0588235	17	0.00370017	-1.35754	0.000663704	0.000836998	0.0167306
0.0584795	17.1	0.00357949	-1.35754	0.000637854	0.000805479	0.0167101
0.0581395	17.2	0.00346289	-1.35754	0.000613002	0.000775132	0.0166904
0.0578035	17.3	0.00335024	-1.35754	0.000589111	0.000745916	0.0166714
0.0574713	17.4	0.00324142	-1.35754	0.000566144	0.000717789	0.0166532
0.0571429	17.5	0.00313631	-1.35754	0.000544065	0.00069071	0.0166358
0.0568182	17.6	0.00303478	-1.35754	0.000522841	0.000664642	0.016619
0.0564972	17.7	0.00293672	-1.35754	0.000502438	0.000639547	0.016603
0.0561798	17.8	0.00284201	-1.35754	0.000482825	0.000615389	0.0165875
0.0558659	17.9	0.00275056	-1.35754	0.000463973	0.000592135	0.0165727
0.0555556	18	0.00266225	-1.35754	0.000445851	0.00056975	0.0165585
0.0552486	18.1	0.00257699	-1.35755	0.000428432	0.000548202	0.0165448
0.0549451	18.2	0.00249467	-1.35755	0.000411688	0.000527461	0.0165317
0.0546448	18.3	0.00241519	-1.35755	0.000395594	0.000507497	0.0165191
0.0543478	18.4	0.00233847	-1.35755	0.000380126	0.000488281	0.016507
0.0540541	18.5	0.00226442	-1.35755	0.000365258	0.000469785	0.0164954
0.0537634	18.6	0.00219294	-1.35755	0.000350967	0.000451983	0.0164843
0.0534759	18.7	0.00212396	-1.35755	0.000337232	0.000434849	0.0164736
0.0531915	18.8	0.00205738	-1.35755	0.000324031	0.000418359	0.0164633
0.0529101	18.9	0.00199314	-1.35755	0.000311344	0.000402488	0.0164534
0.0526316	19	0.00193116	-1.35755	0.00029915	0.000387213	0.016444
0.052356	19.1	0.00187136	-1.35755	0.000287431	0.000372513	0.0164349
0.0520833	19.2	0.00181366	-1.35755	0.000276168	0.000358366	0.0164262
0.0518135	19.3	0.00175801	-1.35755	0.000265343	0.000344751	0.0164178
0.0515464	19.4	0.00170432	-1.35755	0.000254941	0.000331649	0.0164098
0.0512821	19.5	0.00165254	-1.35755	0.000244943	0.00031904	0.016402
0.0510204	19.6	0.00160261	-1.35755	0.000235336	0.000306906	0.0163946
0.0507614	19.7	0.00155446	-1.35755	0.000226103	0.00029523	0.0163875
0.0505051	19.8	0.00150802	-1.35755	0.00021723	0.000283994	0.0163807
0.0502513	19.9	0.00146326	-1.35755	0.000208704	0.000273183	0.0163741
0.05	20	0.0014201	-1.35756	0.00020051	0.000262779	0.0163679
0.0497512	20.1	0.0013785	-1.35756	0.000192637	0.000252768	0.0163618
0.049505	20.2	0.0013384	-1.35756	0.00018507	0.000243136	0.016356
0.0492611	20.3	0.00129975	-1.35756	0.0001778	0.000233867	0.0163505
0.0490196	20.4	0.00126251	-1.35756	0.000170813	0.000224949	0.0163451
0.0487805	20.5	0.00122663	-1.35756	0.0001641	0.000216369	0.01634
0.0485437	20.6	0.00119205	-1.35756	0.000157649	0.000208113	0.0163351
0.0483092	20.7	0.00115874	-1.35756	0.00015145	0.000200169	0.0163303
0.0480769	20.8	0.00112666	-1.35756	0.000145494	0.000192527	0.0163258
0.0478469	20.9	0.00109576	-1.35756	0.000139771	0.000185174	0.0163214
0.047619	21	0.001066	-1.35756	0.000134272	0.000178099	0.0163173
0.0473934	21.1	0.00103735	-1.35756	0.000128989	0.000171293	0.0163132
0.0471698	21.2	0.00100977	-1.35756	0.000123912	0.000164745	0.0163094
0.0469484	21.3	0.000983211	-1.35756	0.000119034	0.000158446	0.0163057
0.046729	21.4	0.000957652	-1.35756	0.000114347	0.000152385	0.0163021
0.0465116	21.5	0.000933055	-1.35756	0.000109844	0.000146555	0.0162987
0.0462963	21.6	0.000909388	-1.35756	0.000105518	0.000140946	0.0162954
0.0460829	21.7	0.000886619	-1.35756	0.000101361	0.000135551	0.0162923
0.0458716	21.8	0.000864717	-1.35756	9.73668e-05	0.00013036	0.0162893
0.0456621	21.9	0.000843654	-1.35756	9.35296e-05	0.000125367	0.0162864
0.0454545	22	0.0008234	-1.35756	8.9843e-05	0.000120564	0.0162836
0.0452489	22.1	0.000803928	-1.35756	8.63011e-05	0.000115943	0.0162809
0.045045	22.2	0.000785211	-1.35756	8.28983e-05	0.000111499	0.0162784
0.044843	22.3	0.000767224	-1.35756	7.96291e-05	0.000107224	0.0162759
0.0446429	22.4	0.000749942	-1.35756	7.64883e-05	0.000103111	0.0162736
0.0444444	22.5	0.00073334	-1.35756	7.34709e-05	9.91553e-05	0.0162713
0.0442478	22.6	0.000717396	-1.35756	7.05721e-05	9.53504e-05	0.0162691
0.0440529	22.7	0.000702087	-1.35756	6.77872e-05	9.16905e-05	0.016267
0.0438596	22.8	0.000687391	-1.35756	6.51118e-05	8.81702e-05	0.016265
0.0436681	22.9	0.000673288	-1.35756	6.25416e-05	8.47843e-05	0.0162631
0.0434783	23	0.000659756	-1.35756	6.00725e-05	8.15276e-05	0.0162612
0.04329	23.1	0.000646777	-1.35756	5.77005e-05	7.83952e-05	0.0162595
0.0431034	23.2	0.000634331	-1.35756	5.54219e-05	7.53825e-05	0.0162578
0.0429185	23.3	0.0006224	-1.35756	5.3233e-05	7.24849e-05	0.0162561
0.042735	23.4	0.000610966	-1.35756	5.11302e-05	6.9698e-05	0.0162546
0.0425532	23.5	0.000600013	-1.35756	4.91103e-05	6.70177e-05	0.0162531
0.0423729	23.6	0.000589523	-1.35756	4.71698e-05	6.44399e-05	0.0162516
0.0421941	23.7	0.000579481	-1.35756	4.53059e-05	6.19606e-05	0.0162502
0.0420168	23.8	0.000569871	-1.35756	4.35153e-05	5.95763e-05	0.0162489
0.041841	23.9	0.000560678	-1.35756	4.17953e-05	5.72832e-05	0.0162476
0.0416667	24	0.000551888	-1.35756	4.01432e-05	5.50779e-05	0.0162464
0.0414938	24.1	0.000543488	-1.35756	3.85561e-05	5.29571e-05	0.0162452
0.0413223	24.2	0.000535463	-1.35756	3.70316e-05	5.09176e-05	0.0162441
0.0411523	24.3	0.0005278	-1.35756	3.55673e-05	4.89562e-05	0.016243
0.0409836	24.4	0.000520487	-1.35756	3.41607e-05	4.707e-05	0.0162419
0.0408163	24.5	0.000513513	-1.35756	3.28096e-05	4.52561e-05	0.0162409
0.0406504	24.6	0.000506865	-1.35756	3.15119e-05	4.35117e-05	0.01624
0.0404858	24.7	0.000500531	-1.35756	3.02653e-05	4.18344e-05	0.0162391
0.0403226	24.8	0.000494502	-1.35756	2.9068e-05	4.02214e-05	0.0162382
0.0401606	24.9	0.000488766	-1.35756	2.7918e-05	3.86704e-05	0.0162373
0.04	25	0.000483314	-1.35756	2.68133e-05	3.71789e-05	0.0162365
0.0398406	25.1	0.000478136	-1.35756	2.57523e-05	3.57447e-05	0.0162357
0.0396825	25.2	0.000473222	-1.35756	2.47332e-05	3.43656e-05	0.016235
0.0395257	25.3	0.000468562	-1.35756	2.37544e-05	3.30395e-05	0.0162342
0.0393701	25.4	0.00046415	-1.35756	2.28143e-05	3.17644e-05	0.0162335
0.0392157	25.5	0.000459974	-1.35756	2.19113e-05	3.05383e-05	0.0162329
0.0390625	25.6	0.000456029	-1.35756	2.1044e-05	2.93594e-05	0.0162322
0.0389105	25.7	0.000452305	-1.35756	2.0211e-05	2.82259e-05	0.0162316
0.0387597	25.8	0.000448794	-1.35756	1.9411e-05	2.7136e-05	0.016231
0.03861	25.9	0.00044549	-1.35756	1.86426e-05	2.6088e-05	0.0162305
0.0384615	26	0.000442386	-1.35756	1.79046e-05	2.50804e-05	0.0162299
0.0383142	26.1	0.000439474	-1.35756	1.71958e-05	2.41116e-05	0.0162294
0.0381679	26.2	0.000436748	-1.35756	1.6515e-05	2.31802e-05	0.0162289
0.0380228	26.3	0.0004342	-1.35756	1.58612e-05	2.22846e-05	0.0162284
0.0378788	26.4	0.000431827	-1.35756	1.52333e-05	2.14235e-05	0.016228
0.0377358	26.5	0.00042962	-1.35756	1.46302e-05	2.05957e-05	0.0162275
0.037594	26.6	0.000427574	-1.35756	1.40511e-05	1.97998e-05	0.0162271
0.0374532	26.7	0.000425685	-1.35756	1.34948e-05	1.90345e-05	0.0162267
0.0373134	26.8	0.000423946	-1.35756	1.29606e-05	1.82988e-05	0.0162263
0.0371747	26.9	0.000422352	-1.35756	1.24476e-05	1.75915e-05	0.0162259
0.037037	27	0.000420899	-1.35756	1.19548e-05	1.69115e-05	0.0162255
0.0369004	27.1	0.000419581	-1.35756	1.14816e-05	1.62577e-05	0.0162252
0.0367647	27.2	0.000418394	-1.35756	1.10272e-05	1.56292e-05	0.0162249
0.03663	27.3	0.000417334	-1.35756	1.05908e-05	1.5025e-05	0.0162245
0.0364964	27.4	0.000416396	-1.35756	1.01717e-05	1.44441e-05	0.0162242
0.0363636	27.5	0.000415576	-1.35756	9.76915e-06	1.38857e-05	0.0162239
0.0362319	27.6	0.00041487	-1.35756	9.38261e-06	1.33488e-05	0.0162237
0.0361011	27.7	0.000414275	-1.35756	9.01139e-06	1.28328e-05	0.0162234
0.0359712	27.8	0.000413787	-1.35756	8.6549e-06	1.23366e-05	0.0162231
0.0358423	27.9	0.000413401	-1.35756	8.31255e-06	1.18597e-05	0.0162229
0.0357143	28	0.000413116	-1.35756	7.98379e-06	1.14012e-05	0.0162226
0.0355872	28.1	0.000412927	-1.35756	7.66806e-06	1.09605e-05	0.0162224
0.035461	28.2	0.000412832	-1.35756	7.36487e-06	1.05368e-05	0.0162222
0.0353357	28.3	0.000412828	-1.35756	7.07371e-06	1.01295e-05	0.016222
0.0352113	28.4	0.000412911	-1.35756	6.79411e-06	9.73799e-06	0.0162218
0.0350877	28.5	0.00041308	-1.35756	6.52561e-06	9.36164e-06	0.0162216
0.034965	28.6	0.000413332	-1.35756	6.26777e-06	8.99988e-06	0.0162214
0.0348432	28.7	0.000413665	-1.35756	6.02017e-06	8.65214e-06	0.0162212
0.0347222	28.8	0.000414075	-1.35756	5.7824e-06	8.31788e-06	0.016221
0.0346021	28.9	0.000414561	-1.35756	5.55408e-06	7.99658e-06	0.0162209
0.0344828	29	0.00041512	-1.35756	5.33483e-06	7.68774e-06	0.0162207
0.0343643	29.1	0.00041575	-1.35756	5.12429e-06	7.39088e-06	0.0162205
0.0342466	29.2	0.000416449	-1.35756	4.92211e-06	7.10554e-06	0.0162204
0.0341297	29.3	0.000417213	-1.35756	4.72797e-06	6.83127e-06	0.0162202
0.0340136	29.4	0.000418042	-1.35756	4.54155e-06	6.56764e-06	0.0162201
0.0338983	29.5	0.000418933	-1.35756	4.36254e-06	6.31426e-06	0.01622
0.0337838	29.6	0.000419882	-1.35756	4.19065e-06	6.07071e-06	0.0162199
0.03367	29.7	0.00042089	-1.35756	4.02559e-06	5.83663e-06	0.0162197
0.033557	29.8	0.000421953	-1.35756	3.8671e-06	5.61164e-06	0.0162196
0.0334448	29.9	0.00042307	-1.35756	3.71491e-06	5.39539e-06	0.0162195
0.0333333	30	0.000424241	-1.35756	3.56877e-06	5.18755e-06	0.0162194
0.0332226	30.1	0.000425462	-1.35756	3.42844e-06	4.9878e-06	0.0162193
0.0331126	30.2	0.000426733	-1.35756	3.2937e-06	4.79581e-06	0.0162192
0.0330033	30.3	0.000428052	-1.35756	3.16432e-06	4.61129e-06	0.0162191
0.0328947	30.4	0.000429419	-1.35756	3.04009e-06	4.43395e-06	0.016219
0.0327869	30.5	0.000430832	-1.35756	2.92081e-06	4.26352e-06	0.0162189
0.0326797	30.6	0.00043229	-1.35756	2.80627e-06	4.09972e-06	0.0162188
0.0325733	30.7	0.000433791	-1.35756	2.69629e-06	3.94229e-06	0.0162188
0.0324675	30.8	0.000435335	-1.35756	2.5907e-06	3.791e-06	0.0162187
0.0323625	30.9	0.00043692	-1.35756	2.48931e-06	3.6456e-06	0.0162186
0.0322581	31	0.000438546	-1.35756	2.39195e-06	3.50587e-06	0.0162185
0.0321543	31.1	0.000440209	-1.35756	2.29847e-06	3.37158e-06	0.0162185
0.0320513	31.2	0.000441912	-1.35756	2.20872e-06	3.24253e-06	0.0162184
0.0319489	31.3	0.00044365	-1.35756	2.12254e-06	3.11851e-06	0.0162183
0.0318471	31.4	0.000445425	-1.35756	2.03979e-06	2.99933e-06	0.0162183
0.031746	31.5	0.000447234	-1.35756	1.96034e-06	2.88479e-06	0.0162182
0.0316456	31.6	0.000449077	-1.35756	1.88406e-06	2.77472e-06	0.0162182
0.0315457	31.7	0.000450952	-1.35756	1.81081e-06	2.66895e-06	0.0162181
0.0314465	31.8	0.00045286	-1.35756	1.74048e-06	2.56731e-06	0.016218
0.031348	31.9	0.000454799	-1.35756	1.67296e-06	2.46963e-06	0.016218
0.03125	32	0.000456768	-1.35756	1.60813e-06	2.37577e-06	0.0162179
0.0311526	32.1	0.000458767	-1.35756	1.54588e-06	2.28557e-06	0.0162179
0.0310559	32.2	0.000460794	-1.35756	1.48611e-06	2.1989e-06	0.0162179
0.0309598	32.3	0.000462849	-1.35756	1.42873e-06	2.11562e-06	0.0162178
0.0308642	32.4	0.000464931	-1.35756	1.37364e-06	2.03559e-06	0.0162178
0.0307692	32.5	0.000467039	-1.35756	1.32074e-06	1.95869e-06	0.0162177
0.0306748	32.6	0.000469173	-1.35756	1.26996e-06	1.88479e-06	0.0162177
0.030581	32.7	0.000471331	-1.35756	1.2212e-06	1.81378e-06	0.0162177
0.0304878	32.8	0.000473513	-1.35756	1.17438e-06	1.74554e-06	0.0162176
0.0303951	32.9	0.000475719	-1.35756	1.12943e-06	1.67997e-06	0.0162176
0.030303	33	0.000477947	-1.35756	1.08628e-06	1.61696e-06	0.0162176
0.0302115	33.1	0.000480198	-1.35756	1.04484e-06	1.55641e-06	0.0162175
0.0301205	33.2	0.00048247	-1.35756	1.00506e-06	1.49822e-06	0.0162175
0.03003	33.3	0.000484763	-1.35756	9.66868e-07	1.4423e-06	0.0162175
0.0299401	33.4	0.000487077	-1.35756	9.302e-07	1.38856e-06	0.0162174
0.0298507	33.5	0.000489411	-1.35756	8.94995e-07	1.33691e-06	0.0162174
0.0297619	33.6	0.000491764	-1.35756	8.61196e-07	1.28728e-06	0.0162174
0.0296736	33.7	0.000494136	-1.35756	8.28746e-07	1.23958e-06	0.0162174
0.0295858	33.8	0.000496527	-1.35756	7.97592e-07	1.19372e-06	0.0162173
0.0294985	33.9	0.000498936	-1.35756	7.67683e-07	1.14967e-06	0.0162173
0.0294118	34	0.000501362	-1.35756	7.38969e-07	1.10729e-06	0.0162173
0.0293255	34.1	0.000503806	-1.35756	7.11402e-07	1.06656e-06	0.0162173
0.0292398	34.2	0.000506267	-1.35756	6.84937e-07	1.02741e-06	0.0162172
0.0291545	34.3	0.000508743	-1.35756	6.59529e-07	9.89736e-07	0.0162172
0.0290698	34.4	0.000511236	-1.35756	6.35137e-07	9.53491e-07	0.0162172
0.0289855	34.5	0.000513744	-1.35756	6.11718e-07	9.18692e-07	0.0162172
0.0289017	34.6	0.000516267	-1.35756	5.89232e-07	8.85486e-07	0.0162172
0.0288184	34.7	0.000518805	-1.35756	5.67647e-07	8.53597e-07	0.0162172
0.0287356	34.8	0.000521357	-1.35756	5.46927e-07	8.22965e-07	0.0162171
0.0286533	34.9	0.000523922	-1.35756	5.27038e-07	7.93542e-07	0.0162171
0.0285714	35	0.000526501	-1.35756	5.07946e-07	7.65279e-07	0.0162171
0.02849	35.1	0.000529092	-1.35756	4.8962e-07	7.38133e-07	0.0162171
0.0284091	35.2	0.000531695	-1.35756	4.72029e-07	7.12059e-07	0.0162171
0.0283286	35.3	0.000534311	-1.35756	4.55143e-07	6.87016e-07	0.0162171
0.0282486	35.4	0.00053694	-1.35756	4.38935e-07	6.62964e-07	0.016217
0.028169	35.5	0.000539581	-1.35756	4.23377e-07	6.39863e-07	0.016217
0.0280899	35.6	0.000542234	-1.35756	4.08443e-07	6.17677e-07	0.016217
0.0280112	35.7	0.0005449	-1.35756	3.94107e-07	5.9637e-07	0.016217
0.027933	35.8	0.000547579	-1.35756	3.80347e-07	5.75908e-07	0.016217
0.0278552	35.9	0.00055027	-1.35756	3.67138e-07	5.56258e-07	0.016217
0.0277778	36	0.000552975	-1.35756	3.5446e-07	5.37387e-07	0.016217
0.0277008	36.1	0.000555692	-1.35756	3.4229e-07	5.19266e-07	0.016217
0.0276243	36.2	0.000558421	-1.35756	3.3061e-07	5.01864e-07	0.016217
0.0275482	36.3	0.000561162	-1.35756	3.194e-07	4.85155e-07	0.0162169
0.0274725	36.4	0.000563914	-1.35756	3.0864e-07	4.69111e-07	0.0162169
0.0273973	36.5	0.000566677	-1.35756	2.98315e-07	4.53705e-07	0.0162169
0.0273224	36.6	0.000569449	-1.35756	2.88405e-07	4.38914e-07	0.0162169
0.027248	36.7	0.000572231	-1.35756	2.78896e-07	4.24713e-07	0.0162169
0.0271739	36.8	0.000575022	-1.35756	2.6977e-07	4.11078e-07	0.0162169
0.0271003	36.9	0.000577822	-1.35756	2.61014e-07	3.97989e-07	0.0162169
0.027027	37	0.000580629	-1.35756	2.52611e-07	3.85424e-07	0.0162169
0.0269542	37.1	0.000583445	-1.35756	2.44549e-07	3.73361e-07	0.0162169
0.0268817	37.2	0.000586269	-1.35756	2.36813e-07	3.61783e-07	0.0162169
0.0268097	37.3	0.000589101	-1.35756	2.2939e-07	3.50669e-07	0.0162169
0.026738	37.4	0.000591941	-1.35756	2.22267e-07	3.40001e-07	0.0162169
0.0266667	37.5	0.000594789	-1.35756	2.15432e-07	3.29764e-07	0.0162169
0.0265957	37.6	0.000597647	-1.35756	2.08874e-07	3.19938e-07	0.0162168
0.0265252	37.7	0.000600514	-1.35756	2.0258e-07	3.10509e-07	0.0162168
0.026455	37.8	0.000603391	-1.35756	1.96541e-07	3.01461e-07	0.0162168
0.0263852	37.9	0.000606278	-1.35756	1.90746e-07	2.92779e-07	0.0162168
0.0263158	38	0.000609175	-1.35756	1.85186e-07	2.84449e-07	0.0162168
0.0262467	38.1	0.000612081	-1.35756	1.79852e-07	2.76458e-07	0.0162168
0.026178	38.2	0.000614998	-1.35756	1.74735e-07	2.68791e-07	0.0162168
0.0261097	38.3	0.000617925	-1.35756	1.69826e-07	2.61437e-07	0.0162168
0.0260417	38.4	0.00062086	-1.35756	1.65118e-07	2.54384e-07	0.0162168
0.025974	38.5	0.000623805	-1.35756	1.60602e-07	2.47618e-07	0.0162168
0.0259067	38.6	0.000626759	-1.35756	1.56272e-07	2.41131e-07	0.0162168
0.0258398	38.7	0.000629722	-1.35756	1.52121e-07	2.3491e-07	0.0162168
0.0257732	38.8	0.000632692	-1.35756	1.48142e-07	2.28945e-07	0.0162168
0.0257069	38.9	0.000635671	-1.35756	1.44329e-07	2.23226e-07	0.0162168
0.025641	39	0.000638658	-1.35756	1.40676e-07	2.17745e-07	0.0162168
0.0255754	39.1	0.000641651	-1.35756	1.37178e-07	2.12491e-07	0.0162168
0.0255102	39.2	0.00064465	-1.35756	1.33829e-07	2.07457e-07	0.0162168
0.0254453	39.3	0.000647656	-1.35756	1.30623e-07	2.02632e-07	0.0162168
0.0253807	39.4	0.000650668	-1.35756	1.27557e-07	1.98011e-07	0.0162168
0.0253165	39.5	0.000653685	-1.35756	1.24623e-07	1.93584e-07	0.0162167
0.0252525	39.6	0.000656708	-1.35756	1.21819e-07	1.89344e-07	0.0162167
0.0251889	39.7	0.000659737	-1.35756	1.19137e-07	1.85283e-07	0.0162167
0.0251256	39.8	0.000662772	-1.35756	1.16574e-07	1.81396e-07	0.0162167
0.0250627	39.9	0.000665815	-1.35756	1.14125e-07	1.77675e-07	0.0162167
0.025	40	0.000668864	-1.35756	1.11784e-07	1.74114e-07	0.0162167
0.0249377	40.1	0.000671921	-1.35756	1.09548e-07	1.70707e-07	0.0162167
0.0248756	40.2	0.000674986	-1.35756	1.07412e-07	1.67449e-07	0.0162167
0.0248139	40.3	0.000678058	-1.35756	1.05372e-07	1.64334e-07	0.0162167
0.0247525	40.4	0.000681136	-1.35756	1.03424e-07	1.61357e-07	0.0162167
0.0246914	40.5	0.00068422	-1.35756	1.01564e-07	1.58513e-07	0.0162167
0.0246305	40.6	0.000687307	-1.35756	9.97907e-08	1.55796e-07	0.0162167
0.02457	40.7	0.000690397	-1.35756	9.80992e-08	1.53204e-07	0.0162167
0.0245098	40.8	0.00069349	-1.35756	9.64869e-08	1.50729e-07	0.0162167
0.0244499	40.9	0.000696583	-1.35756	9.49511e-08	1.48369e-07	0.0162167
0.0243902	41	0.000699678	-1.35756	9.34889e-08	1.4612e-07	0.0162167
0.0243309	41.1	0.000702774	-1.35756	9.20975e-08	1.43977e-07	0.0162167
0.0242718	41.2	0.00070587	-1.35756	9.07746e-08	1.41936e-07	0.0162167
0.0242131	41.3	0.000708969	-1.35756	8.95177e-08	1.39994e-07	0.0162167
0.0241546	41.4	0.000712072	-1.35756	8.83247e-08	1.38148e-07	0.0162167
0.0240964	41.5	0.000715177	-1.35756	8.71938e-08	1.36394e-07	0.0162167
0.0240385	41.6	0.000718284	-1.35756	8.61231e-08	1.34729e-07	0.0162167
0.0239808	41.7	0.000721395	-1.35756	8.5111e-08	1.33151e-07	0.0162167
0.0239234	41.8	0.000724509	-1.35756	8.41559e-08	1.31655e-07	0.0162167
0.0238663	41.9	0.000727625	-1.35756	8.32561e-08	1.30241e-07	0.0162167
0.0238095	42	0.00073074	-1.35756	8.24103e-08	1.28906e-07	0.0162167
0.023753	42.1	0.000733857	-1.35756	8.16172e-08	1.27648e-07	0.0162167
0.0236967	42.2	0.000736973	-1.35756	8.08762e-08	1.26464e-07	0.0162167
0.0236407	42.3	0.000740088	-1.35756	8.0187e-08	1.25354e-07	0.0162167
0.0235849	42.4	0.0007432	-1.35756	7.955e-08	1.24314e-07	0.0162167
0.0235294	42.5	0.000746308	-1.35756	7.89657e-08	1.23345e-07	0.0162167
0.0234742	42.6	0.000749411	-1.35756	7.84347e-08	1.22445e-07	0.0162167
0.0234192	42.7	0.000752508	-1.35756	7.79577e-08	1.21612e-07	0.0162166
0.0233645	42.8	0.000755594	-1.35756	7.75348e-08	1.20847e-07	0.0162166
0.02331	42.9	0.000758668	-1.35756	7.71656e-08	1.20147e-07	0.0162166
0.0232558	43	0.000761729	-1.35756	7.68497e-08	1.19513e-07	0.0162166
0.0232019	43.1	0.000764774	-1.35756	7.65863e-08	1.18945e-07	0.0162166
0.0231481	43.2	0.000767801	-1.35756	7.63747e-08	1.18442e-07	0.0162166
0.0230947	43.3	0.000770811	-1.35756	7.62145e-08	1.18004e-07	0.0162166
0.0230415	43.4	0.000773802	-1.35756	7.61057e-08	1.17632e-07	0.0162166
0.0229885	43.5	0.000776775	-1.35756	7.60489e-08	1.17323e-07	0.0162166
0.0229358	43.6	0.000779727	-1.35756	7.60449e-08	1.1708e-07	0.0162166
0.0228833	43.7	0.00078266	-1.35756	7.60951e-08	1.169e-07	0.0162166
0.0228311	43.8	0.000785568	-1.35756	7.62004e-08	1.16784e-07	0.0162166
0.022779	43.9	0.000788452	-1.35756	7.6362e-08	1.16733e-07	0.0162166
0.0227273	44	0.000791306	-1.35756	7.65802e-08	1.16745e-07	0.0162166
0.0226757	44.1	0.000794127	-1.35756	7.6855e-08	1.16823e-07	0.0162166
0.0226244	44.2	0.00079691	-1.35756	7.71859e-08	1.16966e-07	0.0162166
0.0225734	44.3	0.000799651	-1.35756	7.75719e-08	1.17178e-07	0.0162166
0.0225225	44.4	0.000802342	-1.35756	7.80112e-08	1.17459e-07	0.0162166
0.0224719	44.5	0.000804983	-1.35756	7.85018e-08	1.17812e-07	0.0162166
0.0224215	44.6	0.000807566	-1.35756	7.90412e-08	1.18239e-07	0.0162166
0.0223714	44.7	0.000810091	-1.35756	7.96266e-08	1.18743e-07	0.0162166
0.0223214	44.8	0.000812556	-1.35756	8.02553e-08	1.19326e-07	0.0162166
0.0222717	44.9	0.000814958	-1.35756	8.0925e-08	1.19993e-07	0.0162166
0.0222222	45	0.0008173	-1.35756	8.16341e-08	1.20745e-07	0.0162166
0.0221729	45.1	0.000819581	-1.35756	8.2382e-08	1.21588e-07	0.0162165
0.0221239	45.2	0.000821804	-1.35756	8.31693e-08	1.22524e-07	0.0162165
0.0220751	45.3	0.000823968	-1.35756	8.39976e-08	1.23558e-07	0.0162165
0.0220264	45.4	0.000826079	-1.35756	8.48696e-08	1.24694e-07	0.0162165
0.021978	45.5	0.000828134	-1.35756	8.57881e-08	1.25936e-07	0.0162165
0.0219298	45.6	0.000830136	-1.35756	8.67553e-08	1.27287e-07	0.0162165
0.0218818	45.7	0.000832087	-1.35756	8.7773e-08	1.28751e-07	0.0162165
0.0218341	45.8	0.00083399	-1.35756	8.88424e-08	1.3033e-07	0.0162165
0.0217865	45.9	0.000835846	-1.35756	8.99637e-08	1.32025e-07	0.0162165
0.0217391	46	0.000837656	-1.35756	9.11366e-08	1.33838e-07	0.0162165
0.021692	46.1	0.000839421	-1.35756	9.23603e-08	1.35768e-07	0.0162165
0.021645	46.2	0.00084114	-1.35756	9.36328e-08	1.37813e-07	0.0162165
0.0215983	46.3	0.00084281	-1.35756	9.49513e-08	1.39967e-07	0.0162164
0.0215517	46.4	0.000844427	-1.35756	9.63115e-08	1.42225e-07	0.0162164
0.0215054	46.5	0.000845991	-1.35756	9.77071e-08	1.44576e-07	0.0162164
0.0214592	46.6	0.0008475	-1.35756	9.91295e-08	1.47006e-07	0.0162164
0.0214133	46.7	0.000848951	-1.35756	1.00567e-07	1.49499e-07	0.0162164
0.0213675	46.8	0.000850354	-1.35756	1.02007e-07	1.52032e-07	0.0162164
0.021322	46.9	0.000851716	-1.35756	1.03433e-07	1.54583e-07	0.0162164
0.0212766	47	0.000853049	-1.35756	1.04828e-07	1.57124e-07	0.0162164
0.0212314	47.1	0.000854369	-1.35756	1.06174e-07	1.59627e-07	0.0162163
0.0211864	47.2	0.000855693	-1.35756	1.07453e-07	1.62064e-07	0.0162163
0.0211416	47.3	0.000857041	-1.35756	1.08651e-07	1.64409e-07	0.0162163
0.021097	47.4	0.000858427	-1.35756	1.09756e-07	1.66639e-07	0.0162163
0.0210526	47.5	0.000859867	-1.35756	1.10757e-07	1.68733e-07	0.0162163
0.0210084	47.6	0.000861368	-1.35756	1.1165e-07	1.70676e-07	0.0162163
0.0209644	47.7	0.000862935	-1.35756	1.12431e-07	1.72457e-07	0.0162163
0.0209205	47.8	0.000864564	-1.35756	1.131e-07	1.74068e-07	0.0162163
0.0208768	47.9	0.000866248	-1.35756	1.13659e-07	1.75504e-07	0.0162162
0.0208333	48	0.000867978	-1.35756	1.14111e-07	1.76762e-07	0.0162162
0.02079	48.1	0.000869739	-1.35756	1.14457e-07	1.77839e-07	0.0162162
0.0207469	48.2	0.000871519	-1.35756	1.14698e-07	1.78732e-07	0.0162162
0.0207039	48.3	0.000873305	-1.35756	1.14834e-07	1.79435e-07	0.0162162
0.0206612	48.4	0.000875086	-1.35756	1.14865e-07	1.7994e-07	0.0162162
0.0206186	48.5	0.000876854	-1.35756	1.14788e-07	1.80237e-07	0.0162162
0.0205761	48.6	0.000878606	-1.35756	1.14599e-07	1.80313e-07	0.0162162
0.0205339	48.7	0.00088034	-1.35756	1.14296e-07	1.80154e-07	0.0162162
0.0204918	48.8	0.000882064	-1.35756	1.13875e-07	1.79748e-07	0.0162162
0.0204499	48.9	0.000883785	-1.35756	1.13336e-07	1.79084e-07	0.0162161
0.0204082	49	0.000885521	-1.35756	1.1268e-07	1.78158e-07	0.0162161
0.0203666	49.1	0.000887289	-1.35756	1.11914e-07	1.76975e-07	0.0162161
0.0203252	49.2	0.000889113	-1.35756	1.11047e-07	1.75552e-07	0.0162161
0.020284	49.3	0.000891015	-1.35756	1.10095e-07	1.73917e-07	0.0162161
0.0202429	49.4	0.000893019	-1.35756	1.09078e-07	1.72111e-07	0.0162161
0.020202	49.5	0.000895143	-1.35756	1.08017e-07	1.70184e-07	0.0162161
0.0201613	49.6	0.000897403	-1.35756	1.06935e-07	1.68192e-07	0.0162161
0.0201207	49.7	0.000899807	-1.35756	1.05855e-07	1.66192e-07	0.0162161
0.0200803	49.8	0.000902356	-1.35756	1.04799e-07	1.64234e-07	0.0162161
0.0200401	49.9	0.000905048	-1.35756	1.03783e-07	1.62361e-07	0.016216
0.02	50	0.000907876	-1.35756	1.02819e-07	1.60604e-07	0.016216
0.0199601	50.1	0.000910824	-1.35756	1.01916e-07	1.58985e-07	0.016216
0.0199203	50.2	0.000913879	-1.35756	1.01079e-07	1.57511e-07	0.016216
0.0198807	50.3	0.000917029	-1.35756	1.00306e-07	1.56184e-07	0.016216
0.0198413	50.4	0.000920256	-1.35756	9.95976e-08	1.54997e-07	0.016216
0.019802	50.5	0.000923551	-1.35756	9.89484e-08	1.53942e-07	0.016216
0.0197628	50.6	0.0009269	-1.35756	9.83542e-08	1.53004e-07	0.016216
0.0197239	50.7	0.000930296	-1.35756	9.78099e-08	1.52173e-07	0.016216
0.019685	50.8	0.000933731	-1.35756	9.73102e-08	1.51434e-07	0.016216
0.0196464	50.9	0.000937196	-1.35756	9.68498e-08	1.50775e-07	0.016216
0.0196078	51	0.000940687	-1.35756	9.6424e-08	1.50186e-07	0.016216
0.0195695	51.1	0.000944201	-1.35756	9.60284e-08	1.49657e-07	0.016216
0.0195312	51.2	0.000947729	-1.35756	9.56593e-08	1.49179e-07	0.016216
0.0194932	51.3	0.000951275	-1.35756	9.53133e-08	1.48745e-07	0.016216
0.0194553	51.4	0.000954832	-1.35756	9.49876e-08	1.48348e-07	0.016216
0.0194175	51.5	0.000958397	-1.35756	9.46797e-08	1.47984e-07	0.016216
0.0193798	51.6	0.000961969	-1.35756	9.43875e-08	1.47648e-07	0.016216
0.0193424	51.7	0.000965545	-1.35756	9.41087e-08	1.47335e-07	0.016216
0.019305	51.8	0.000969122	-1.35756	9.38405e-08	1.47043e-07	0.016216
0.0192678	51.9	0.000972706	-1.35756	9.35802e-08	1.4677e-07	0.016216
0.0192308	52	0.000976303	-1.35756	9.33258e-08	1.46513e-07	0.016216
0.0191939	52.1	0.000979914	-1.35756	9.30772e-08	1.4627e-07	0.016216
0.0191571	52.2	0.000983539	-1.35756	9.28348e-08	1.46039e-07	0.016216
0.0191205	52.3	0.000987175	-1.35756	9.25987e-08	1.45818e-07	0.016216
0.019084	52.4	0.000990821	-1.35756	9.23684e-08	1.45607e-07	0.016216
0.0190476	52.5	0.000994477	-1.35756	9.21432e-08	1.45404e-07	0.016216
0.0190114	52.6	0.00099814	-1.35756	9.19224e-08	1.45208e-07	0.016216
0.0189753	52.7	0.00100181	-1.35756	9.17054e-08	1.45019e-07	0.016216
0.0189394	52.8	0.00100549	-1.35756	9.14917e-08	1.44835e-07	0.016216
0.0189036	52.9	0.00100917	-1.35756	9.12808e-08	1.44656e-07	0.016216
0.0188679	53	0.00101286	-1.35756	9.10724e-08	1.44482e-07	0.016216
0.0188324	53.1	0.00101656	-1.35756	9.0866e-08	1.44312e-07	0.016216
0.018797	53.2	0.00102027	-1.35756	9.06615e-08	1.44145e-07	0.016216
0.0187617	53.3	0.00102398	-1.35756	9.04584e-08	1.43982e-07	0.016216
0.0187266	53.4	0.0010277	-1.35756	9.02567e-08	1.43821e-07	0.016216
0.0186916	53.5	0.00103142	-1.35756	9.00561e-08	1.43663e-07	0.016216
0.0186567	53.6	0.00103515	-1.35756	8.98565e-08	1.43507e-07	0.016216
0.018622	53.7	0.00103889	-1.35756	8.96577e-08	1.43353e-07	0.016216
0.0185874	53.8	0.00104264	-1.35756	8.94596e-08	1.432e-07	0.016216
0.0185529	53.9	0.00104639	-1.35756	8.9262e-08	1.43049e-07	0.016216
0.0185185	54	0.00105015	-1.35756	8.90648e-08	1.42898e-07	0.016216
0.0184843	54.1	0.00105392	-1.35756	8.88679e-08	1.42749e-07	0.016216
0.0184502	54.2	0.00105769	-1.35756	8.86713e-08	1.426e-07	0.016216
0.0184162	54.3	0.00106147	-1.35756	8.84746e-08	1.42452e-07	0.016216
0.0183824	54.4	0.00106526	-1.35756	8.82779e-08	1.42304e-07	0.016216
0.0183486	54.5	0.00106906	-1.35756	8.80812e-08	1.42156e-07	0.016216
0.018315	54.6	0.00107286	-1.35756	8.78841e-08	1.42009e-07	0.016216
0.0182815	54.7	0.00107666	-1.35756	8.76866e-08	1.41861e-07	0.016216
0.0182482	54.8	0.00108048	-1.35756	8.74889e-08	1.41712e-07	0.016216
0.0182149	54.9	0.0010843	-1.35756	8.72908e-08	1.41564e-07	0.016216
0.0181818	55	0.00108813	-1.35756	8.70924e-08	1.41414e-07	0.016216
0.0181488	55.1	0.00109197	-1.35756	8.68934e-08	1.41264e-07	0.016216
0.0181159	55.2	0.00109581	-1.35756	8.6694e-08	1.41113e-07	0.016216
0.0180832	55.3	0.00109966	-1.35756	8.6494e-08	1.40961e-07	0.016216
0.0180505	55.4	0.00110352	-1.35756	8.62934e-08	1.40807e-07	0.016216
0.018018	55.5	0.00110738	-1.35756	8.60921e-08	1.40653e-07	0.016216
0.0179856	55.6	0.00111125	-1.35756	8.589e-08	1.40497e-07	0.016216
0.0179533	55.7	0.00111513	-1.35756	8.56873e-08	1.40339e-07	0.016216
0.0179211	55.8	0.00111901	-1.35756	8.54837e-08	1.4018e-07	0.016216
0.0178891	55.9	0.00112291	-1.35756	8.52793e-08	1.4002e-07	0.016216
0.0178571	56	0.0011268	-1.35756	8.5074e-08	1.39857e-07	0.016216
0.0178253	56.1	0.00113071	-1.35756	8.48678e-08	1.39693e-07	0.016216
0.0177936	56.2	0.00113462	-1.35756	8.46606e-08	1.39526e-07	0.016216
0.017762	56.3	0.00113854	-1.35756	8.44525e-08	1.39358e-07	0.016216
0.0177305	56.4	0.00114247	-1.35756	8.42434e-08	1.39187e-07	0.016216
0.0176991	56.5	0.0011464	-1.35756	8.40333e-08	1.39014e-07	0.016216
0.0176678	56.6	0.00115035	-1.35756	8.38221e-08	1.38838e-07	0.016216
0.0176367	56.7	0.00115429	-1.35756	8.36098e-08	1.3866e-07	0.016216
0.0176056	56.8	0.00115825	-1.35756	8.33965e-08	1.3848e-07	0.016216
0.0175747	56.9	0.00116221	-1.35756	8.31821e-08	1.38297e-07	0.016216
0.0175439	57	0.00116618	-1.35756	8.29666e-08	1.38111e-07	0.016216
0.0175131	57.1	0.00117016	-1.35756	8.27499e-08	1.37922e-07	0.016216
0.0174825	57.2	0.00117414	-1.35756	8.25321e-08	1.3773e-07	0.016216
0.017452	57.3	0.00117813	-1.35756	8.23132e-08	1.37536e-07	0.016216
0.0174216	57.4	0.00118213	-1.35756	8.20931e-08	1.37338e-07	0.016216
0.0173913	57.5	0.00118614	-1.35756	8.18719e-08	1.37137e-07	0.016216
0.0173611	57.6	0.00119014	-1.35756	8.16495e-08	1.36933e-07	0.016216
0.017331	57.7	0.00119416	-1.35756	8.1426e-08	1.36726e-07	0.016216
0.017301	57.8	0.00119819	-1.35756	8.12014e-08	1.36516e-07	0.0162159
0.0172712	57.9	0.00120222	-1.35756	8.09756e-08	1.36302e-07	0.0162159
0.0172414	58	0.00120626	-1.35756	8.07487e-08	1.36085e-07	0.0162159
0.0172117	58.1	0.00121031	-1.35756	8.05207e-08	1.35864e-07	0.0162159
0.0171821	58.2	0.00121437	-1.35756	8.02915e-08	1.3564e-07	0.0162159
0.0171527	58.3	0.00121843	-1.35756	8.00612e-08	1.35412e-07	0.0162159
0.0171233	58.4	0.00122249	-1.35756	7.98299e-08	1.3518e-07	0.0162159
0.017094	58.5	0.00122657	-1.35756	7.95975e-08	1.34945e-07	0.0162159
0.0170648	58.6	0.00123065	-1.35756	7.9364e-08	1.34706e-07	0.0162159
0.0170358	58.7	0.00123474	-1.35756	7.91295e-08	1.34464e-07	0.0162159
0.0170068	58.8	0.00123884	-1.35756	7.8894e-08	1.34217e-07	0.0162159
0.0169779	58.9	0.00124294	-1.35756	7.86575e-08	1.33967e-07	0.0162159
0.0169492	59	0.00124705	-1.35756	7.842e-08	1.33713e-07	0.0162159
0.0169205	59.1	0.00125117	-1.35756	7.81816e-08	1.33455e-07	0.0162159
0.0168919	59.2	0.0012553	-1.35756	7.79423e-08	1.33193e-07	0.0162159
0.0168634	59.3	0.00125943	-1.35756	7.7702e-08	1.32927e-07	0.0162159
0.016835	59.4	0.00126356	-1.35756	7.74609e-08	1.32657e-07	0.0162159
0.0168067	59.5	0.00126771	-1.35756	7.7219e-08	1.32383e-07	0.0162159
0.0167785	59.6	0.00127186	-1.35756	7.69762e-08	1.32105e-07	0.0162159
0.0167504	59.7	0.00127603	-1.35756	7.67326e-08	1.31823e-07	0.0162159
0.0167224	59.8	0.00128019	-1.35756	7.64883e-08	1.31537e-07	0.0162159
0.0166945	59.9	0.00128437	-1.35756	7.62431e-08	1.31247e-07	0.0162159
0.0166667	60	0.00128855	-1.35756	7.59973e-08	1.30953e-07	0.0162159
0.0166389	60.1	0.00129273	-1.35756	7.57508e-08	1.30655e-07	0.0162159
0.0166113	60.2	0.00129693	-1.35756	7.55036e-08	1.30353e-07	0.0162159
0.0165837	60.3	0.00130113	-1.35756	7.52557e-08	1.30046e-07	0.0162159
0.0165563	60.4	0.00130534	-1.35756	7.50072e-08	1.29736e-07	0.0162159
0.0165289	60.5	0.00130956	-1.35756	7.47581e-08	1.29421e-07	0.0162159
0.0165017	60.6	0.00131378	-1.35756	7.45084e-08	1.29103e-07	0.0162159
0.0164745	60.7	0.00131801	-1.35756	7.42581e-08	1.2878e-07	0.0162159
0.0164474	60.8	0.00132225	-1.35756	7.40072e-08	1.28454e-07	0.0162159
0.0164204	60.9	0.0013265	-1.35756	7.37557e-08	1.28124e-07	0.0162159
0.0163934	61	0.00133075	-1.35756	7.35038e-08	1.27789e-07	0.0162159
0.0163666	61.1	0.001335	-1.35756	7.32513e-08	1.27451e-07	0.0162159
0.0163399	61.2	0.00133927	-1.35756	7.29984e-08	1.27108e-07	0.0162159
0.0163132	61.3	0.00134354	-1.35756	7.27449e-08	1.26762e-07	0.0162159
0.0162866	61.4	0.00134782	-1.35756	7.2491e-08	1.26412e-07	0.0162159
0.0162602	61.5	0.00135211	-1.35756	7.22367e-08	1.26058e-07	0.0162159
0.0162338	61.6	0.0013564	-1.35756	7.19819e-08	1.257e-07	0.0162159
0.0162075	61.7	0.0013607	-1.35756	7.17266e-08	1.25339e-07	0.0162159
0.0161812	61.8	0.00136501	-1.35756	7.14709e-08	1.24973e-07	0.0162159
0.0161551	61.9	0.00136932	-1.35756	7.12148e-08	1.24605e-07	0.0162159
0.016129	62	0.00137364	-1.35756	7.09582e-08	1.24232e-07	0.0162159
0.0161031	62.1	0.00137797	-1.35756	7.07012e-08	1.23856e-07	0.0162159
0.0160772	62.2	0.00138231	-1.35756	7.04438e-08	1.23477e-07	0.0162159
0.0160514	62.3	0.00138665	-1.35756	7.0186e-08	1.23094e-07	0.0162159
0.0160256	62.4	0.001391	-1.35756	6.99277e-08	1.22707e-07	0.0162159
0.016	62.5	0.00139535	-1.35756	6.96691e-08	1.22318e-07	0.0162159
0.0159744	62.6	0.00139972	-1.35756	6.941e-08	1.21925e-07	0.0162159
0.015949	62.7	0.00140408	-1.35756	6.91505e-08	1.21528e-07	0.0162159
0.0159236	62.8	0.00140846	-1.35756	6.88906e-08	1.21129e-07	0.0162159
0.0158983	62.9	0.00141284	-1.35756	6.86303e-08	1.20727e-07	0.0162159
0.015873	63	0.00141723	-1.35756	6.83695e-08	1.20321e-07	0.0162159
0.0158479	63.1	0.00142163	-1.35756	6.81083e-08	1.19913e-07	0.0162159
0.0158228	63.2	0.00142603	-1.35756	6.78467e-08	1.19502e-07	0.0162159
0.0157978	63.3	0.00143044	-1.35756	6.75847e-08	1.19088e-07	0.0162159
0.0157729	63.4	0.00143486	-1.35756	6.73223e-08	1.18672e-07	0.0162159
0.015748	63.5	0.00143929	-1.35756	6.70594e-08	1.18252e-07	0.0162159
0.0157233	63.6	0.00144371	-1.35756	6.67962e-08	1.17831e-07	0.0162159
0.0156986	63.7	0.00144815	-1.35756	6.65325e-08	1.17407e-07	0.0162159
0.015674	63.8	0.00145259	-1.35756	6.62684e-08	1.1698e-07	0.0162159
0.0156495	63.9	0.00145705	-1.35756	6.6004e-08	1.16551e-07	0.0162159
0.015625	64	0.0014615	-1.35756	6.57391e-08	1.1612e-07	0.0162159
0.0156006	64.1	0.00146596	-1.35756	6.5474e-08	1.15687e-07	0.0162159
0.0155763	64.2	0.00147043	-1.35756	6.52084e-08	1.15252e-07	0.0162159
0.0155521	64.3	0.00147491	-1.35756	6.49426e-08	1.14815e-07	0.0162159
0.015528	64.4	0.00147939	-1.35756	6.46764e-08	1.14376e-07	0.0162159
0.0155039	64.5	0.00148388	-1.35756	6.441e-08	1.13936e-07	0.0162159
0.0154799	64.6	0.00148838	-1.35756	6.41433e-08	1.13494e-07	0.0162159
0.015456	64.7	0.00149288	-1.35756	6.38764e-08	1.1305e-07	0.0162159
0.0154321	64.8	0.00149739	-1.35756	6.36093e-08	1.12605e-07	0.0162159
0.0154083	64.9	0.0015019	-1.35756	6.3342e-08	1.12158e-07	0.0162159
0.0153846	65	0.00150643	-1.35756	6.30747e-08	1.1171e-07	0.0162159
0.015361	65.1	0.00151095	-1.35756	6.28072e-08	1.11261e-07	0.0162159
0.0153374	65.2	0.00151548	-1.35756	6.25397e-08	1.10811e-07	0.0162159
0.0153139	65.3	0.00152002	-1.35756	6.22721e-08	1.1036e-07	0.0162159
0.0152905	65.4	0.00152457	-1.35756	6.20045e-08	1.09908e-07	0.0162159
0.0152672	65.5	0.00152912	-1.35756	6.17369e-08	1.09455e-07	0.0162159
0.0152439	65.6	0.00153368	-1.35756	6.14692e-08	1.09002e-07	0.0162159
0.0152207	65.7	0.00153824	-1.35756	6.12016e-08	1.08548e-07	0.0162159
0.0151976	65.8	0.00154281	-1.35756	6.09338e-08	1.08094e-07	0.0162159
0.0151745	65.9	0.00154738	-1.35756	6.0666e-08	1.07639e-07	0.0162159
0.0151515	66	0.00155196	-1.35756	6.03981e-08	1.07183e-07	0.0162159
0.0151286	66.1	0.00155654	-1.35756	6.01301e-08	1.06728e-07	0.0162159
0.0151057	66.2	0.00156113	-1.35756	5.9862e-08	1.06272e-07	0.0162159
0.015083	66.3	0.00156573	-1.35756	5.95937e-08	1.05817e-07	0.0162159
0.0150602	66.4	0.00157033	-1.35756	5.93253e-08	1.05361e-07	0.0162159
0.0150376	66.5	0.00157493	-1.35756	5.90568e-08	1.04906e-07	0.0162159
0.015015	66.6	0.00157954	-1.35756	5.87882e-08	1.04451e-07	0.0162159
0.0149925	66.7	0.00158416	-1.35756	5.85196e-08	1.03996e-07	0.0162159
0.0149701	66.8	0.00158877	-1.35756	5.8251e-08	1.03542e-07	0.0162159
0.0149477	66.9	0.0015934	-1.35756	5.79827e-08	1.03088e-07	0.0162159
0.0149254	67	0.00159802	-1.35756	5.77146e-08	1.02634e-07	0.0162159
0.0149031	67.1	0.00160265	-1.35756	5.74468e-08	1.02181e-07	0.0162159
0.014881	67.2	0.00160727	-1.35756	5.71794e-08	1.01729e-07	0.0162159
0.0148588	67.3	0.0016119	-1.35756	5.69123e-08	1.01277e-07	0.0162159
0.0148368	67.4	0.00161654	-1.35756	5.66457e-08	1.00826e-07	0.0162159
0.0148148	67.5	0.00162117	-1.35756	5.63795e-08	1.00375e-07	0.0162159
0.0147929	67.6	0.0016258	-1.35756	5.61138e-08	9.99249e-08	0.0162159
0.014771	67.7	0.00163044	-1.35756	5.58484e-08	9.94755e-08	0.0162159
0.0147493	67.8	0.00163507	-1.35756	5.55835e-08	9.90268e-08	0.0162159
0.0147275	67.9	0.0016397	-1.35756	5.53189e-08	9.85784e-08	0.0162159
0.0147059	68	0.00164433	-1.35756	5.50545e-08	9.81309e-08	0.0162159
0.0146843	68.1	0.00164896	-1.35756	5.47902e-08	9.76838e-08	0.0162159
0.0146628	68.2	0.00165359	-1.35756	5.45255e-08	9.72371e-08	0.0162159
0.0146413	68.3	0.00165821	-1.35756	5.42599e-08	9.67908e-08	0.0162159
0.0146199	68.4	0.00166283	-1.35756	5.39927e-08	9.63447e-08	0.0162159
0.0145985	68.5	0.00166743	-1.35756	5.37236e-08	9.58992e-08	0.0162159
0.0145773	68.6	0.00167203	-1.35756	5.34528e-08	9.54534e-08	0.0162159
0.014556	68.7	0.00167662	-1.35756	5.31819e-08	9.50075e-08	0.0162159
0.0145349	68.8	0.00168121	-1.35756	5.29128e-08	9.45612e-08	0.0162159
0.0145138	68.9	0.00168578	-1.35756	5.26469e-08	9.41141e-08	0.0162159
0.0144928	69	0.00169034	-1.35756	5.23848e-08	9.36656e-08	0.0162159
0.0144718	69.1	0.00169489	-1.35756	5.2126e-08	9.32155e-08	0.0162159
0.0144509	69.2	0.00169942	-1.35756	5.187e-08	9.27627e-08	0.0162159
0.01443	69.3	0.00170393	-1.35756	5.16161e-08	9.23065e-08	0.0162159
0.0144092	69.4	0.00170842	-1.35756	5.13635e-08	9.18459e-08	0.0162159
0.0143885	69.5	0.00171288	-1.35756	5.11117e-08	9.13793e-08	0.0162159
0.0143678	69.6	0.00171731	-1.35756	5.08601e-08	9.09055e-08	0.0162159
0.0143472	69.7	0.00172172	-1.35756	5.0608e-08	9.04221e-08	0.0162159
0.0143266	69.8	0.0017261	-1.35756	5.03549e-08	8.99269e-08	0.0162159
0.0143062	69.9	0.00173044	-1.35756	5.00997e-08	8.9417e-08	0.0162159
0.0142857	70	0.00173475	-1.35756	4.98416e-08	8.88884e-08	0.0162159
0.0142653	70.1	0.00173902	-1.35756	4.95792e-08	8.83366e-08	0.0162159
0.014245	70.2	0.00174325	-1.35756	4.9311e-08	8.7756e-08	0.0162159
0.0142248	70.3	0.00174742	-1.35756	4.90349e-08	8.71394e-08	0.0162159
0.0142045	70.4	0.00175153	-1.35756	4.87484e-08	8.64782e-08	0.0162159
0.0141844	70.5	0.00175556	-1.35756	4.84483e-08	8.57615e-08	0.0162159
0.0141643	70.6	0.0017595	-1.35756	4.81304e-08	8.49759e-08	0.0162159
0.0141443	70.7	0.00176333	-1.35756	4.77892e-08	8.41051e-08	0.0162159
0.0141243	70.8	0.00176702	-1.35756	4.74175e-08	8.31293e-08	0.0162159
0.0141044	70.9	0.00177056	-1.35756	4.70068e-08	8.20252e-08	0.0162159
0.0140845	71	0.00177393	-1.35756	4.65463e-08	8.07652e-08	0.0162158
0.0140647	71.1	0.00177711	-1.35756	4.60237e-08	7.93184e-08	0.0162158
0.0140449	71.2	0.00178007	-1.35756	4.54251e-08	7.7652e-08	0.0162158
0.0140252	71.3	0.00178281	-1.35756	4.47357e-08	7.5733e-08	0.0162158
0.0140056	71.4	0.00178532	-1.35756	4.39411e-08	7.35323e-08	0.0162158
0.013986	71.5	0.00178761	-1.35756	4.30292e-08	7.10298e-08	0.0162158
0.0139665	71.6	0.0017897	-1.35756	4.19927e-08	6.82201e-08	0.0162158
0.013947	71.7	0.00179161	-1.35756	4.08313e-08	6.51184e-08	0.0162158
0.0139276	71.8	0.00179338	-1.35756	3.95543e-08	6.17628e-08	0.0162158
0.0139082	71.9	0.00179505	-1.35756	3.81805e-08	5.82156e-08	0.0162158
0.0138889	72	0.00179666	-1.35756	3.67378e-08	5.45558e-08	0.0162158
0.0138696	72.1	0.00179825	-1.35756	3.52599e-08	5.08715e-08	0.0162158
0.0138504	72.2	0.00179984	-1.35756	3.37825e-08	4.72496e-08	0.0162158
0.0138313	72.3	0.00180145	-1.35756	3.23394e-08	4.37664e-08	0.0162157
0.0138122	72.4	0.00180307	-1.35756	3.09593e-08	4.04817e-08	0.0162157
0.0137931	72.5	0.00180472	-1.35756	2.96641e-08	3.74369e-08	0.0162157
0.0137741	72.6	0.00180638	-1.35756	2.84688e-08	3.46562e-08	0.0162157
0.0137552	72.7	0.00180805	-1.35756	2.73821e-08	3.21495e-08	0.0162157
0.0137363	72.8	0.00180971	-1.35756	2.64079e-08	2.99164e-08	0.0162157
0.0137174	72.9	0.00181137	-1.35756	2.55469e-08	2.795e-08	0.0162157
0.0136986	73	0.00181302	-1.35756	2.47976e-08	2.62394e-08	0.0162157
0.0136799	73.1	0.00181466	-1.35756	2.41573e-08	2.47723e-08	0.0162157
0.0136612	73.2	0.0018163	-1.35756	2.36222e-08	2.35363e-08	0.0162156
0.0136426	73.3	0.00181794	-1.35756	2.31876e-08	2.25189e-08	0.0162156
0.013624	73.4	0.00181961	-1.35756	2.28475e-08	2.17074e-08	0.0162156
0.0136054	73.5	0.00182131	-1.35756	2.25945e-08	2.10892e-08	0.0162156
0.013587	73.6	0.00182308	-1.35756	2.242e-08	2.0651e-08	0.0162156
0.0135685	73.7	0.00182494	-1.35756	2.23143e-08	2.03774e-08	0.0162156
0.0135501	73.8	0.00182693	-1.35756	2.2267e-08	2.02517e-08	0.0162156
0.0135318	73.9	0.00182909	-1.35756	2.22674e-08	2.02555e-08	0.0162156
0.0135135	74	0.00183143	-1.35756	2.23048e-08	2.03676e-08	0.0162156
0.0134953	74.1	0.00183401	-1.35756	2.23693e-08	2.05669e-08	0.0162155
0.0134771	74.2	0.00183683	-1.35756	2.24522e-08	2.08322e-08	0.0162155
0.013459	74.3	0.00183991	-1.35756	2.2546e-08	2.1144e-08	0.0162155
0.0134409	74.4	0.00184326	-1.35756	2.26454e-08	2.14861e-08	0.0162155
0.0134228	74.5	0.00184685	-1.35756	2.27462e-08	2.18459e-08	0.0162155
0.0134048	74.6	0.00185068	-1.35756	2.2846e-08	2.22139e-08	0.0162155
0.0133869	74.7	0.00185471	-1.35756	2.29431e-08	2.25843e-08	0.0162155
0.013369	74.8	0.00185892	-1.35756	2.30365e-08	2.29527e-08	0.0162155
0.0133511	74.9	0.00186328	-1.35756	2.31257e-08	2.33164e-08	0.0162155
0.0133333	75	0.00186776	-1.35756	2.32103e-08	2.36736e-08	0.0162155
0.0133156	75.1	0.00187234	-1.35756	2.32899e-08	2.40229e-08	0.0162155
0.0132979	75.2	0.001877	-1.35756	2.33641e-08	2.43633e-08	0.0162155
0.0132802	75.3	0.00188172	-1.35756	2.34325e-08	2.46935e-08	0.0162155
0.0132626	75.4	0.00188649	-1.35756	2.3495e-08	2.50124e-08	0.0162155
0.013245	75.5	0.00189129	-1.35756	2.35509e-08	2.53189e-08	0.0162155
0.0132275	75.6	0.00189613	-1.35756	2.36002e-08	2.56122e-08	0.0162155
0.01321	75.7	0.00190099	-1.35756	2.36423e-08	2.58913e-08	0.0162155
0.0131926	75.8	0.00190586	-1.35756	2.36771e-08	2.61549e-08	0.0162155
0.0131752	75.9	0.00191075	-1.35756	2.37042e-08	2.64021e-08	0.0162155
0.0131579	76	0.00191566	-1.35756	2.37236e-08	2.66327e-08	0.0162155
0.0131406	76.1	0.00192058	-1.35756	2.37349e-08	2.68454e-08	0.0162155
0.0131234	76.2	0.00192551	-1.35756	2.37383e-08	2.70397e-08	0.0162155
0.0131062	76.3	0.00193044	-1.35756	2.37335e-08	2.72153e-08	0.0162155
0.013089	76.4	0.00193538	-1.35756	2.37205e-08	2.73715e-08	0.0162155
0.0130719	76.5	0.00194033	-1.35756	2.36995e-08	2.75085e-08	0.0162155
0.0130548	76.6	0.00194527	-1.35756	2.36705e-08	2.76255e-08	0.0162155
0.0130378	76.7	0.00195022	-1.35756	2.36335e-08	2.77229e-08	0.0162154
0.0130208	76.8	0.00195516	-1.35756	2.35889e-08	2.78006e-08	0.0162154
0.0130039	76.9	0.0019601	-1.35756	2.35367e-08	2.78586e-08	0.0162154
0.012987	77	0.00196504	-1.35756	2.34773e-08	2.78974e-08	0.0162154
0.0129702	77.1	0.00196998	-1.35756	2.34109e-08	2.79171e-08	0.0162154
0.0129534	77.2	0.00197492	-1.35756	2.33377e-08	2.79185e-08	0.0162154
0.0129366	77.3	0.00197986	-1.35756	2.32583e-08	2.79018e-08	0.0162154
0.0129199	77.4	0.00198481	-1.35756	2.31728e-08	2.78679e-08	0.0162154
0.0129032	77.5	0.00198976	-1.35756	2.30817e-08	2.78174e-08	0.0162154
0.0128866	77.6	0.00199472	-1.35756	2.29854e-08	2.77509e-08	0.0162154
0.01287	77.7	0.00199969	-1.35756	2.28842e-08	2.76695e-08	0.0162154
0.0128535	77.8	0.00200468	-1.35756	2.27787e-08	2.75739e-08	0.0162154
0.012837	77.9	0.00200969	-1.35756	2.26692e-08	2.7465e-08	0.0162154
0.0128205	78	0.00201472	-1.35756	2.25561e-08	2.73437e-08	0.0162154
0.0128041	78.1	0.00201976	-1.35756	2.244e-08	2.72112e-08	0.0162154
0.0127877	78.2	0.00202483	-1.35756	2.23212e-08	2.70684e-08	0.0162154
0.0127714	78.3	0.0020299	-1.35756	2.22001e-08	2.69162e-08	0.0162154
0.0127551	78.4	0.00203499	-1.35756	2.20772e-08	2.67558e-08	0.0162154
0.0127389	78.5	0.0020401	-1.35756	2.19529e-08	2.6588e-08	0.0162154
0.0127226	78.6	0.00204521	-1.35756	2.18275e-08	2.6414e-08	0.0162154
0.0127065	78.7	0.00205034	-1.35756	2.17016e-08	2.62344e-08	0.0162154
0.0126904	78.8	0.00205547	-1.35756	2.15754e-08	2.60506e-08	0.0162154
0.0126743	78.9	0.00206061	-1.35756	2.14493e-08	2.58632e-08	0.0162154
0.0126582	79	0.00206576	-1.35756	2.13236e-08	2.56733e-08	0.0162154
0.0126422	79.1	0.00207092	-1.35756	2.11987e-08	2.54818e-08	0.0162154
0.0126263	79.2	0.00207608	-1.35756	2.10748e-08	2.52893e-08	0.0162154
0.0126103	79.3	0.00208125	-1.35756	2.09523e-08	2.50967e-08	0.0162154
0.0125945	79.4	0.00208642	-1.35756	2.08315e-08	2.49045e-08	0.0162154
0.0125786	79.5	0.0020916	-1.35756	2.07124e-08	2.47139e-08	0.0162154
0.0125628	79.6	0.00209679	-1.35756	2.05955e-08	2.45251e-08	0.0162154
0.0125471	79.7	0.00210198	-1.35756	2.04808e-08	2.4339e-08	0.0162154
0.0125313	79.8	0.00210717	-1.35756	2.03686e-08	2.41558e-08	0.0162154
0.0125156	79.9	0.00211237	-1.35756	2.02591e-08	2.39762e-08	0.0162154
0.0125	80	0.00211758	-1.35756	2.01523e-08	2.38007e-08	0.0162154
0.0124844	80.1	0.00212279	-1.35756	2.00485e-08	2.36297e-08	0.0162154
0.0124688	80.2	0.002128	-1.35756	1.99476e-08	2.34637e-08	0.0162154
0.0124533	80.3	0.00213322	-1.35756	1.98499e-08	2.33026e-08	0.0162154
0.0124378	80.4	0.00213845	-1.35756	1.97554e-08	2.31469e-08	0.0162154
0.0124224	80.5	0.00214368	-1.35756	1.96641e-08	2.29972e-08	0.0162154
0.0124069	80.6	0.00214892	-1.35756	1.95761e-08	2.28531e-08	0.0162154
0.0123916	80.7	0.00215417	-1.35756	1.94914e-08	2.27151e-08	0.0162154
0.0123762	80.8	0.00215941	-1.35756	1.94101e-08	2.25832e-08	0.0162154
0.0123609	80.9	0.00216467	-1.35756	1.93321e-08	2.24573e-08	0.0162154
0.0123457	81	0.00216994	-1.35756	1.92575e-08	2.23381e-08	0.0162154
0.0123305	81.1	0.00217521	-1.35756	1.91862e-08	2.22253e-08	0.0162154
0.0123153	81.2	0.00218049	-1.35756	1.91182e-08	2.21186e-08	0.0162154
0.0123001	81.3	0.00218578	-1.35756	1.90535e-08	2.20184e-08	0.0162154
0.012285	81.4	0.00219107	-1.35756	1.8992e-08	2.19243e-08	0.0162154
0.0122699	81.5	0.00219637	-1.35756	1.89336e-08	2.18367e-08	0.0162154
0.0122549	81.6	0.00220168	-1.35756	1.88784e-08	2.17551e-08	0.0162154
0.0122399	81.7	0.00220699	-1.35756	1.88262e-08	2.16794e-08	0.0162154
0.0122249	81.8	0.00221231	-1.35756	1.87769e-08	2.16097e-08	0.0162154
0.01221	81.9	0.00221763	-1.35756	1.87306e-08	2.15458e-08	0.0162154
0.0121951	82	0.00222296	-1.35756	1.86871e-08	2.14874e-08	0.0162154
0.0121803	82.1	0.00222829	-1.35756	1.86463e-08	2.14346e-08	0.0162154
0.0121655	82.2	0.00223363	-1.35756	1.86082e-08	2.13871e-08	0.0162154
0.0121507	82.3	0.00223897	-1.35756	1.85726e-08	2.13448e-08	0.0162154
0.0121359	82.4	0.00224432	-1.35756	1.85394e-08	2.13073e-08	0.0162154
0.0121212	82.5	0.00224967	-1.35756	1.85086e-08	2.12746e-08	0.0162154
0.0121065	82.6	0.00225502	-1.35756	1.84801e-08	2.12464e-08	0.0162154
0.0120919	82.7	0.00226037	-1.35756	1.84538e-08	2.12225e-08	0.0162154
0.0120773	82.8	0.00226573	-1.35756	1.84295e-08	2.12027e-08	0.0162154
0.0120627	82.9	0.00227109	-1.35756	1.84072e-08	2.11869e-08	0.0162154
0.0120482	83	0.00227645	-1.35756	1.83868e-08	2.11748e-08	0.0162154
0.0120337	83.1	0.00228182	-1.35756	1.83682e-08	2.1166e-08	0.0162154
0.0120192	83.2	0.00228719	-1.35756	1.83513e-08	2.11609e-08	0.0162154
0.0120048	83.3	0.00229256	-1.35756	1.8336e-08	2.11583e-08	0.0162154
0.0119904	83.4	0.00229794	-1.35756	1.83221e-08	2.11585e-08	0.0162154
0.011976	83.5	0.00230332	-1.35756	1.83096e-08	2.11618e-08	0.0162154
0.0119617	83.6	0.00230872	-1.35756	1.82985e-08	2.11672e-08	0.0162154
0.0119474	83.7	0.00231412	-1.35756	1.82887e-08	2.11748e-08	0.0162154
0.0119332	83.8	0.00231953	-1.35756	1.82799e-08	2.11844e-08	0.0162154
0.011919	83.9	0.00232496	-1.35756	1.82721e-08	2.1196e-08	0.0162154
0.0119048	84	0.00233039	-1.35756	1.82652e-08	2.12088e-08	0.0162154
0.0118906	84.1	0.00233584	-1.35756	1.8259e-08	2.12233e-08	0.0162154
0.0118765	84.2	0.0023413	-1.35756	1.82535e-08	2.12389e-08	0.0162154
0.0118624	84.3	0.00234677	-1.35756	1.82486e-08	2.12554e-08	0.0162154
0.0118483	84.4	0.00235224	-1.35756	1.82441e-08	2.12726e-08	0.0162154
0.0118343	84.5	0.00235773	-1.35756	1.824e-08	2.12906e-08	0.0162154
0.0118203	84.6	0.00236323	-1.35756	1.82361e-08	2.13089e-08	0.0162154
0.0118064	84.7	0.00236873	-1.35756	1.82326e-08	2.13275e-08	0.0162154
0.0117925	84.8	0.00237424	-1.35756	1.82291e-08	2.13461e-08	0.0162154
0.0117786	84.9	0.00237976	-1.35756	1.82258e-08	2.13647e-08	0.0162154
0.0117647	85	0.00238528	-1.35756	1.82224e-08	2.1383e-08	0.0162154
0.0117509	85.1	0.00239081	-1.35756	1.8219e-08	2.14009e-08	0.0162154
0.0117371	85.2	0.00239635	-1.35756	1.82156e-08	2.14183e-08	0.0162154
0.0117233	85.3	0.00240189	-1.35756	1.82114e-08	2.14348e-08	0.0162154
0.0117096	85.4	0.00240743	-1.35756	1.82068e-08	2.145e-08	0.0162154
0.0116959	85.5	0.00241298	-1.35756	1.8202e-08	2.14644e-08	0.0162154
0.0116822	85.6	0.00241852	-1.35756	1.8197e-08	2.14778e-08	0.0162154
0.0116686	85.7	0.00242407	-1.35756	1.81918e-08	2.14898e-08	0.0162154
0.011655	85.8	0.00242962	-1.35756	1.81864e-08	2.15003e-08	0.0162154
0.0116414	85.9	0.00243516	-1.35756	1.81807e-08	2.15094e-08	0.0162154
0.0116279	86	0.00244071	-1.35756	1.81749e-08	2.1517e-08	0.0162154
0.0116144	86.1	0.00244626	-1.35756	1.81687e-08	2.15227e-08	0.0162154
0.0116009	86.2	0.00245181	-1.35756	1.81622e-08	2.15267e-08	0.0162154
0.0115875	86.3	0.00245738	-1.35756	1.81551e-08	2.15287e-08	0.0162154
0.0115741	86.4	0.00246295	-1.35756	1.81474e-08	2.15285e-08	0.0162154
0.0115607	86.5	0.00246853	-1.35756	1.8139e-08	2.15263e-08	0.0162154
0.0115473	86.6	0.00247412	-1.35756	1.81296e-08	2.1522e-08	0.0162154
0.011534	86.7	0.00247973	-1.35756	1.81191e-08	2.15151e-08	0.0162154
0.0115207	86.8	0.00248534	-1.35756	1.81075e-08	2.1506e-08	0.0162154
0.0115075	86.9	0.00249097	-1.35756	1.80947e-08	2.14943e-08	0.0162154
0.0114943	87	0.0024966	-1.35756	1.80807e-08	2.14805e-08	0.0162154
0.0114811	87.1	0.00250225	-1.35756	1.80653e-08	2.14638e-08	0.0162154
0.0114679	87.2	0.00250791	-1.35756	1.80487e-08	2.14444e-08	0.0162154
0.0114548	87.3	0.00251357	-1.35756	1.80308e-08	2.14225e-08	0.0162154
0.0114416	87.4	0.00251924	-1.35756	1.80116e-08	2.13977e-08	0.0162154
0.0114286	87.5	0.00252492	-1.35756	1.7991e-08	2.13702e-08	0.0162154
0.0114155	87.6	0.00253061	-1.35756	1.79692e-08	2.13397e-08	0.0162154
0.0114025	87.7	0.00253631	-1.35756	1.79461e-08	2.13066e-08	0.0162154
0.0113895	87.8	0.00254202	-1.35756	1.79217e-08	2.12706e-08	0.0162154
0.0113766	87.9	0.00254773	-1.35756	1.7896e-08	2.12315e-08	0.0162154
0.0113636	88	0.00255345	-1.35756	1.78689e-08	2.11895e-08	0.0162154
0.0113507	88.1	0.00255918	-1.35756	1.78406e-08	2.11445e-08	0.0162154
0.0113379	88.2	0.00256491	-1.35756	1.78109e-08	2.10965e-08	0.0162154
0.011325	88.3	0.00257065	-1.35756	1.77799e-08	2.10454e-08	0.0162154
0.0113122	88.4	0.0025764	-1.35756	1.77475e-08	2.09915e-08	0.0162154
0.0112994	88.5	0.00258216	-1.35756	1.77138e-08	2.09344e-08	0.0162154
0.0112867	88.6	0.00258792	-1.35756	1.76788e-08	2.08746e-08	0.0162154
0.011274	88.7	0.00259369	-1.35756	1.76424e-08	2.08114e-08	0.0162154
0.0112613	88.8	0.00259946	-1.35756	1.76046e-08	2.07456e-08	0.0162154
0.0112486	88.9	0.00260525	-1.35756	1.75655e-08	2.06765e-08	0.0162154
0.011236	89	0.00261103	-1.35756	1.75251e-08	2.06044e-08	0.0162154
0.0112233	89.1	0.00261683	-1.35756	1.74833e-08	2.05295e-08	0.0162154
0.0112108	89.2	0.00262263	-1.35756	1.74401e-08	2.04516e-08	0.0162154
0.0111982	89.3	0.00262843	-1.35756	1.73956e-08	2.03707e-08	0.0162154
0.0111857	89.4	0.00263425	-1.35756	1.73498e-08	2.0287e-08	0.0162154
0.0111732	89.5	0.00264007	-1.35756	1.73026e-08	2.02005e-08	0.0162154
0.0111607	89.6	0.00264589	-1.35756	1.7254e-08	2.01111e-08	0.0162154
0.0111483	89.7	0.00265172	-1.35756	1.72041e-08	2.00189e-08	0.0162154
0.0111359	89.8	0.00265756	-1.35756	1.71529e-08	1.99239e-08	0.0162154
0.0111235	89.9	0.00266341	-1.35756	1.71003e-08	1.98261e-08	0.0162154
0.0111111	90	0.00266926	-1.35756	1.70463e-08	1.97258e-08	0.0162154
0.0110988	90.1	0.00267511	-1.35756	1.69911e-08	1.96227e-08	0.0162154
0.0110865	90.2	0.00268097	-1.35756	1.69345e-08	1.95172e-08	0.0162154
0.0110742	90.3	0.00268684	-1.35756	1.68767e-08	1.94093e-08	0.0162154
0.0110619	90.4	0.00269272	-1.35756	1.68176e-08	1.92986e-08	0.0162154
0.0110497	90.5	0.0026986	-1.35756	1.67573e-08	1.91856e-08	0.0162154
0.0110375	90.6	0.00270448	-1.35756	1.66957e-08	1.90702e-08	0.0162154
0.0110254	90.7	0.00271038	-1.35756	1.66329e-08	1.89525e-08	0.0162154
0.0110132	90.8	0.00271627	-1.35756	1.65689e-08	1.88327e-08	0.0162154
0.0110011	90.9	0.00272218	-1.35756	1.65036e-08	1.87106e-08	0.0162154
0.010989	91	0.00272809	-1.35756	1.64372e-08	1.85864e-08	0.0162154
0.0109769	91.1	0.00273401	-1.35756	1.63695e-08	1.84601e-08	0.0162154
0.0109649	91.2	0.00273993	-1.35756	1.63006e-08	1.83318e-08	0.0162154
0.0109529	91.3	0.00274586	-1.35756	1.62306e-08	1.82017e-08	0.0162154
0.0109409	91.4	0.00275179	-1.35756	1.61595e-08	1.80695e-08	0.0162154
0.010929	91.5	0.00275774	-1.35756	1.60873e-08	1.79357e-08	0.0162154
0.010917	91.6	0.00276368	-1.35756	1.60141e-08	1.78e-08	0.0162154
0.0109051	91.7	0.00276963	-1.35756	1.594e-08	1.76629e-08	0.0162154
0.0108932	91.8	0.0027756	-1.35756	1.58647e-08	1.7524e-08	0.0162154
0.0108814	91.9	0.00278156	-1.35756	1.57885e-08	1.73837e-08	0.0162154
0.0108696	92	0.00278753	-1.35756	1.57112e-08	1.72419e-08	0.0162154
0.0108578	92.1	0.00279351	-1.35756	1.56331e-08	1.70988e-08	0.0162154
0.010846	92.2	0.00279949	-1.35756	1.55541e-08	1.69541e-08	0.0162154
0.0108342	92.3	0.00280548	-1.35756	1.54744e-08	1.68086e-08	0.0162154
0.0108225	92.4	0.00281147	-1.35756	1.53939e-08	1.66618e-08	0.0162154
0.0108108	92.5	0.00281748	-1.35756	1.53126e-08	1.65138e-08	0.0162154
0.0107991	92.6	0.00282348	-1.35756	1.52307e-08	1.63651e-08	0.0162154
0.0107875	92.7	0.0028295	-1.35756	1.51481e-08	1.62155e-08	0.0162154
0.0107759	92.8	0.00283551	-1.35756	1.50648e-08	1.60647e-08	0.0162154
0.0107643	92.9	0.00284154	-1.35756	1.4981e-08	1.59135e-08	0.0162154
0.0107527	93	0.00284757	-1.35756	1.48967e-08	1.57614e-08	0.0162154
0.0107411	93.1	0.00285361	-1.35756	1.48118e-08	1.56087e-08	0.0162154
0.0107296	93.2	0.00285965	-1.35756	1.47264e-08	1.54556e-08	0.0162154
0.0107181	93.3	0.0028657	-1.35756	1.46407e-08	1.53019e-08	0.0162154
0.0107066	93.4	0.00287175	-1.35756	1.45545e-08	1.51477e-08	0.0162154
0.0106952	93.5	0.00287781	-1.35756	1.4468e-08	1.49932e-08	0.0162154
0.0106838	93.6	0.00288388	-1.35756	1.43811e-08	1.48386e-08	0.0162154
0.0106724	93.7	0.00288996	-1.35756	1.4294e-08	1.46837e-08	0.0162154
0.010661	93.8	0.00289603	-1.35756	1.42066e-08	1.45286e-08	0.0162154
0.0106496	93.9	0.00290212	-1.35756	1.4119e-08	1.43736e-08	0.0162154
0.0106383	94	0.00290821	-1.35756	1.40312e-08	1.42184e-08	0.0162154
0.010627	94.1	0.00291431	-1.35756	1.39433e-08	1.40633e-08	0.0162154
0.0106157	94.2	0.00292041	-1.35756	1.38554e-08	1.39083e-08	0.0162154
0.0106045	94.3	0.00292652	-1.35756	1.37673e-08	1.37535e-08	0.0162154
0.0105932	94.4	0.00293263	-1.35756	1.36793e-08	1.35989e-08	0.0162154
0.010582	94.5	0.00293875	-1.35756	1.35912e-08	1.34445e-08	0.0162154
0.0105708	94.6	0.00294488	-1.35756	1.35032e-08	1.32904e-08	0.0162154
0.0105597	94.7	0.00295101	-1.35756	1.34153e-08	1.3137e-08	0.0162154
0.0105485	94.8	0.00295715	-1.35756	1.33275e-08	1.29838e-08	0.0162154
0.0105374	94.9	0.00296329	-1.35756	1.32399e-08	1.28312e-08	0.0162154
0.0105263	95	0.00296944	-1.35756	1.31525e-08	1.2679e-08	0.0162154
0.0105152	95.1	0.0029756	-1.35756	1.30652e-08	1.25274e-08	0.0162154
0.0105042	95.2	0.00298177	-1.35756	1.29774e-08	1.23802e-08	0.0162154
0.0104932	95.3	0.00298793	-1.35756	1.28895e-08	1.22306e-08	0.0162154
0.0104822	95.4	0.00299411	-1.35756	1.28015e-08	1.20773e-08	0.0162154
0.0104712	95.5	0.00300029	-1.35756	1.27132e-08	1.19174e-08	0.0162154
0.0104603	95.6	0.00300648	-1.35756	1.26251e-08	1.17595e-08	0.0162154
0.0104493	95.7	0.00301267	-1.35756	1.25373e-08	1.16037e-08	0.0162154
0.0104384	95.8	0.00301887	-1.35756	1.24501e-08	1.14497e-08	0.0162154
0.0104275	95.9	0.00302507	-1.35756	1.23631e-08	1.12967e-08	0.0162154
0.0104167	96	0.00303128	-1.35756	1.22765e-08	1.11453e-08	0.0162154
0.0104058	96.1	0.0030375	-1.35756	1.21904e-08	1.09949e-08	0.0162154
0.010395	96.2	0.00304372	-1.35756	1.21049e-08	1.08458e-08	0.0162154
0.0103842	96.3	0.00304995	-1.35756	1.20201e-08	1.06981e-08	0.0162154
0.0103734	96.4	0.00305619	-1.35756	1.19354e-08	1.05513e-08	0.0162154
0.0103627	96.5	0.00306243	-1.35756	1.18512e-08	1.04058e-08	0.0162154
0.010352	96.6	0.00306868	-1.35756	1.17676e-08	1.02615e-08	0.0162154
0.0103413	96.7	0.00307493	-1.35756	1.16847e-08	1.01184e-08	0.0162154
0.0103306	96.8	0.00308119	-1.35756	1.16024e-08	9.97673e-09	0.0162154
0.0103199	96.9	0.00308746	-1.35756	1.15209e-08	9.83624e-09	0.0162154
0.0103093	97	0.00309373	-1.35756	1.14401e-08	9.69727e-09	0.0162154
0.0102987	97.1	0.0031	-1.35756	1.13601e-08	9.55964e-09	0.0162154
0.0102881	97.2	0.00310629	-1.35756	1.12808e-08	9.42331e-09	0.0162154
0.0102775	97.3	0.00311258	-1.35756	1.12023e-08	9.28859e-09	0.0162154
0.0102669	97.4	0.00311888	-1.35756	1.11246e-08	9.15505e-09	0.0162153
0.0102564	97.5	0.00312518	-1.35756	1.10477e-08	9.02319e-09	0.0162153
0.0102459	97.6	0.00313148	-1.35756	1.09717e-08	8.89254e-09	0.0162153
0.0102354	97.7	0.0031378	-1.35756	1.08964e-08	8.76363e-09	0.0162153
0.0102249	97.8	0.00314411	-1.35756	1.0822e-08	8.63602e-09	0.0162153
0.0102145	97.9	0.00315044	-1.35756	1.07484e-08	8.50997e-09	0.0162153
0.0102041	98	0.00315677	-1.35756	1.06757e-08	8.38541e-09	0.0162153
0.0101937	98.1	0.00316311	-1.35756	1.06038e-08	8.26234e-09	0.0162153
0.0101833	98.2	0.00316945	-1.35756	1.05328e-08	8.1407e-09	0.0162153
0.0101729	98.3	0.0031758	-1.35756	1.04626e-08	8.02055e-09	0.0162153
0.0101626	98.4	0.00318216	-1.35756	1.03933e-08	7.90209e-09	0.0162153
0.0101523	98.5	0.00318852	-1.35756	1.03249e-08	7.78496e-09	0.0162153
0.010142	98.6	0.00319488	-1.35756	1.02574e-08	7.6696e-09	0.0162153
0.0101317	98.7	0.00320125	-1.35756	1.01907e-08	7.55568e-09	0.0162153
0.0101215	98.8	0.00320764	-1.35756	1.01249e-08	7.44319e-09	0.0162153
0.0101112	98.9	0.00321402	-1.35756	1.006e-08	7.33221e-09	0.0162153
0.010101	99	0.00322041	-1.35756	9.99598e-09	7.2229e-09	0.0162153
0.0100908	99.1	0.00322681	-1.35756	9.93283e-09	7.11488e-09	0.0162153
0.0100806	99.2	0.00323322	-1.35756	9.87056e-09	7.00848e-09	0.0162153
0.0100705	99.3	0.00323963	-1.35756	9.80916e-09	6.90372e-09	0.0162153
0.0100604	99.4	0.00324604	-1.35756	9.74865e-09	6.80015e-09	0.0162153
0.0100503	99.5	0.00325246	-1.35756	9.689e-09	6.69835e-09	0.0162153
0.0100402	99.6	0.00325889	-1.35756	9.63022e-09	6.59785e-09	0.0162153
0.0100301	99.7	0.00326532	-1.35756	9.57231e-09	6.49898e-09	0.0162153
0.01002	99.8	0.00327176	-1.35756	9.51526e-09	6.40157e-09	0.0162153
0.01001	99.9	0.00327821	-1.35756	9.45907e-09	6.30553e-09	0.0162153
0.01	100	0.00328465	-1.35756	9.40374e-09	6.21105e-09	0.0162153
