#T	β	c	e	chiz	chic	s
100	0.01	0.000133272	-0.338297	0.00642583	0.00658896	1.09855
50	0.02	0.000535332	-0.351653	0.0127036	0.0130228	1.09835
33.3333	0.03	0.00120913	-0.365062	0.0188338	0.0193021	1.09801
25	0.04	0.00215706	-0.378521	0.0248169	0.0254275	1.09754
20	0.05	0.00338094	-0.392024	0.0306537	0.0313998	1.09693
16.6667	0.06	0.00488198	-0.405567	0.0363448	0.0372198	1.09619
14.2857	0.07	0.00666084	-0.419145	0.0418912	0.0428885	1.0953
12.5	0.08	0.00871754	-0.432752	0.0472939	0.0484069	1.09428
11.1111	0.09	0.0110515	-0.446385	0.0525538	0.0537762	1.09312
10	0.1	0.0136616	-0.460038	0.0576721	0.0589977	1.09183
9.09091	0.11	0.016546	-0.473707	0.0626499	0.0640726	1.09039
8.33333	0.12	0.0197023	-0.487385	0.0674887	0.0690024	1.08882
7.69231	0.13	0.0231277	-0.501069	0.0721898	0.0737886	1.08711
7.14286	0.14	0.0268184	-0.514754	0.0767545	0.0784327	1.08526
6.66667	0.15	0.0307705	-0.528434	0.0811846	0.0829364	1.08328
6.25	0.16	0.0349793	-0.542104	0.0854814	0.0873014	1.08116
5.88235	0.17	0.0394395	-0.55576	0.0896467	0.0915294	1.07891
5.55556	0.18	0.0441455	-0.569396	0.0936822	0.0956224	1.07652
5.26316	0.19	0.0490911	-0.583008	0.0975897	0.0995823	1.074
5	0.2	0.0542695	-0.596592	0.101371	0.103411	1.07135
4	0.25	0.0833916	-0.663913	0.118451	0.120657	1.05621
3.33333	0.3	0.117112	-0.729842	0.132672	0.13494	1.03809
2.5	0.4	0.193523	-0.85563	0.153604	0.155747	0.994137
2	0.5	0.273706	-0.970981	0.166301	0.168087	0.942325
1.66667	0.6	0.349275	-1.07427	0.172739	0.174035	0.885622
1.42857	0.7	0.414567	-1.16504	0.174589	0.175336	0.826721
1.25	0.8	0.466748	-1.24373	0.173176	0.173367	0.767804
1.11111	0.9	0.505215	-1.31128	0.169508	0.169164	0.710476
1	1	0.530806	-1.3689	0.164324	0.163487	0.655815
0.909091	1.1	0.545123	-1.41786	0.158158	0.156878	0.60447
0.833333	1.2	0.550052	-1.45939	0.151393	0.149722	0.556766
0.769231	1.3	0.547466	-1.49461	0.1443	0.142287	0.512796
0.714286	1.4	0.539075	-1.52448	0.137071	0.134762	0.472501
0.666667	1.5	0.526357	-1.54987	0.129841	0.127276	0.435721
0.625	1.6	0.510545	-1.57149	0.122707	0.119918	0.402242
0.588235	1.7	0.492638	-1.58994	0.115735	0.11275	0.371819
0.555556	1.8	0.473428	-1.60574	0.108971	0.105815	0.3442
0.526316	1.9	0.453528	-1.6193	0.102448	0.0991403	0.319134
0.5	2	0.433405	-1.63097	0.0961844	0.0927458	0.296383
0.47619	2.1	0.413405	-1.64105	0.0901935	0.0866432	0.275722
0.454545	2.2	0.393776	-1.64979	0.0844812	0.0808389	0.256945
0.434783	2.3	0.374692	-1.65739	0.079049	0.0753353	0.239864
0.416667	2.4	0.35627	-1.66401	0.0738955	0.0701311	0.224309
0.4	2.5	0.338579	-1.6698	0.0690162	0.0652221	0.210127
0.384615	2.6	0.321659	-1.67488	0.0644052	0.0606019	0.19718
0.37037	2.7	0.305523	-1.67935	0.060055	0.0562624	0.185345
0.357143	2.8	0.290168	-1.68329	0.055957	0.0521938	0.174514
0.344828	2.9	0.275579	-1.68677	0.0521021	0.0483855	0.164588
0.333333	3	0.261732	-1.68986	0.0484805	0.0448259	0.155481
0.322581	3.1	0.2486	-1.69261	0.0450822	0.0415033	0.147115
0.3125	3.2	0.236152	-1.69505	0.0418971	0.0384054	0.139421
0.30303	3.3	0.224355	-1.69723	0.038915	0.0355201	0.132336
0.294118	3.4	0.213178	-1.69918	0.0361256	0.0328354	0.125806
0.285714	3.5	0.20259	-1.70093	0.0335191	0.0303396	0.11978
0.277778	3.6	0.192559	-1.70249	0.0310855	0.0280212	0.114215
0.27027	3.7	0.183057	-1.7039	0.0288153	0.0258691	0.10907
0.263158	3.8	0.174055	-1.70517	0.0266992	0.0238729	0.104309
0.25641	3.9	0.165528	-1.70632	0.0247281	0.0220224	0.0998988
0.25	4	0.157451	-1.70735	0.0228936	0.0203079	0.0958108
0.243902	4.1	0.149799	-1.70829	0.0211871	0.0187203	0.0920178
0.238095	4.2	0.142553	-1.70914	0.0196009	0.0172511	0.0884958
0.232558	4.3	0.135689	-1.70991	0.0181272	0.015892	0.0852226
0.227273	4.4	0.129189	-1.71061	0.016759	0.0146355	0.0821783
0.222222	4.5	0.123033	-1.71125	0.0154892	0.0134742	0.0793446
0.217391	4.6	0.117205	-1.71183	0.0143115	0.0124015	0.0767049
0.212766	4.7	0.111687	-1.71236	0.0132197	0.0114109	0.0742439
0.208333	4.8	0.106463	-1.71284	0.0122079	0.0104967	0.0719478
0.204082	4.9	0.101518	-1.71328	0.0112708	0.00965311	0.0698039
0.2	5	0.0968382	-1.71369	0.0104031	0.00887508	0.0678005
0.196078	5.1	0.092409	-1.71406	0.00959998	0.00815774	0.065927
0.192308	5.2	0.0882175	-1.7144	0.00885696	0.00749659	0.0641735
0.188679	5.3	0.0842512	-1.71471	0.00816977	0.00688743	0.0625312
0.185185	5.4	0.0804982	-1.715	0.00753441	0.00632634	0.0609916
0.181818	5.5	0.076947	-1.71526	0.00694716	0.0058097	0.0595473
0.178571	5.6	0.073587	-1.71551	0.00640454	0.00533412	0.0581913
0.175439	5.7	0.0704076	-1.71573	0.00590329	0.00489647	0.0569172
0.172414	5.8	0.0673992	-1.71594	0.00544038	0.00449384	0.055719
0.169492	5.9	0.0645523	-1.71614	0.00501299	0.00412352	0.0545913
0.166667	6	0.0618581	-1.71631	0.00461849	0.00378301	0.0535292
0.163934	6.1	0.059308	-1.71648	0.00425444	0.00347	0.0525279
0.16129	6.2	0.0568939	-1.71663	0.00391854	0.00318232	0.0515833
0.15873	6.3	0.0546084	-1.71678	0.0036087	0.00291799	0.0506914
0.15625	6.4	0.052444	-1.71691	0.00332294	0.00267518	0.0498486
0.153846	6.5	0.050394	-1.71703	0.00305945	0.00245218	0.0490515
0.151515	6.6	0.0484517	-1.71715	0.00281653	0.00224742	0.048297
0.149254	6.7	0.046611	-1.71726	0.00259261	0.00205944	0.0475824
0.147059	6.8	0.0448661	-1.71736	0.00238625	0.00188691	0.0469049
0.144928	6.9	0.0432114	-1.71745	0.00219609	0.00172859	0.046262
0.142857	7	0.0416416	-1.71754	0.00202089	0.00158334	0.0456517
0.140845	7.1	0.0401519	-1.71762	0.00185949	0.00145009	0.0450716
0.138889	7.2	0.0387376	-1.7177	0.00171084	0.00132789	0.04452
0.136986	7.3	0.0373942	-1.71777	0.00157393	0.00121583	0.0439951
0.135135	7.4	0.0361176	-1.71784	0.00144786	0.00111309	0.0434951
0.133333	7.5	0.0349038	-1.7179	0.00133179	0.00101891	0.0430185
0.131579	7.6	0.0337493	-1.71796	0.00122492	0.000932594	0.0425639
0.12987	7.7	0.0326505	-1.71802	0.00112655	0.000853492	0.04213
0.128205	7.8	0.0316041	-1.71807	0.00103601	0.000781015	0.0417155
0.126582	7.9	0.0306071	-1.71812	0.000952681	0.000714617	0.0413193
0.125	8	0.0296565	-1.71817	0.000875997	0.000653796	0.0409403
0.123457	8.1	0.0287496	-1.71821	0.000805436	0.000598092	0.0405776
0.121951	8.2	0.027884	-1.71826	0.000740514	0.000547081	0.0402302
0.120482	8.3	0.0270571	-1.7183	0.000680785	0.000500373	0.0398973
0.119048	8.4	0.0262668	-1.71834	0.000625839	0.000457609	0.0395781
0.117647	8.5	0.0255108	-1.71837	0.000575298	0.000418464	0.0392718
0.116279	8.6	0.0247873	-1.71841	0.00052881	0.000382636	0.0389777
0.114943	8.7	0.0240943	-1.71844	0.000486055	0.000349845	0.0386952
0.113636	8.8	0.0234301	-1.71847	0.000446736	0.000319838	0.0384237
0.11236	8.9	0.0227931	-1.7185	0.000410578	0.000292382	0.0381626
0.111111	9	0.0221817	-1.71853	0.00037733	0.000267263	0.0379114
0.10989	9.1	0.0215944	-1.71855	0.000346759	0.000244284	0.0376696
0.108696	9.2	0.02103	-1.71858	0.000318651	0.000223264	0.0374368
0.107527	9.3	0.0204872	-1.7186	0.000292811	0.000204039	0.0372124
0.106383	9.4	0.0199647	-1.71863	0.000269055	0.000186456	0.0369962
0.105263	9.5	0.0194616	-1.71865	0.000247217	0.000170378	0.0367877
0.104167	9.6	0.0189766	-1.71867	0.000227144	0.000155676	0.0365865
0.103093	9.7	0.0185089	-1.71869	0.000208693	0.000142235	0.0363924
0.102041	9.8	0.0180575	-1.71871	0.000191734	0.000129946	0.0362049
0.10101	9.9	0.0176216	-1.71873	0.000176148	0.000118712	0.0360239
0.1	10	0.0172004	-1.71875	0.000161823	0.000108443	0.035849
0.0990099	10.1	0.0167931	-1.71876	0.000148659	9.90577e-05	0.0356799
0.0980392	10.2	0.016399	-1.71878	0.000136562	9.04796e-05	0.0355165
0.0970874	10.3	0.0160175	-1.71879	0.000125446	8.26403e-05	0.0353585
0.0961538	10.4	0.0156479	-1.71881	0.000115231	7.54765e-05	0.0352056
0.0952381	10.5	0.0152897	-1.71882	0.000105846	6.89305e-05	0.0350577
0.0943396	10.6	0.0149423	-1.71884	9.72219e-05	6.29494e-05	0.0349145
0.0934579	10.7	0.0146053	-1.71885	8.92985e-05	5.74847e-05	0.0347759
0.0925926	10.8	0.0142781	-1.71886	8.20189e-05	5.24923e-05	0.0346416
0.0917431	10.9	0.0139603	-1.71887	7.5331e-05	4.79315e-05	0.0345116
0.0909091	11	0.0136514	-1.71889	6.91868e-05	4.37652e-05	0.0343856
0.0900901	11.1	0.0133512	-1.7189	6.35424e-05	3.99596e-05	0.0342635
0.0892857	11.2	0.0130591	-1.71891	5.83572e-05	3.64836e-05	0.0341452
0.0884956	11.3	0.0127749	-1.71892	5.35941e-05	3.33088e-05	0.0340305
0.0877193	11.4	0.0124983	-1.71893	4.92187e-05	3.04092e-05	0.0339193
0.0869565	11.5	0.0122289	-1.71894	4.51997e-05	2.77611e-05	0.0338114
0.0862069	11.6	0.0119664	-1.71895	4.15081e-05	2.53429e-05	0.0337068
0.0854701	11.7	0.0117106	-1.71895	3.81173e-05	2.31346e-05	0.0336053
0.0847458	11.8	0.0114612	-1.71896	3.50029e-05	2.11177e-05	0.0335068
0.0840336	11.9	0.011218	-1.71897	3.21424e-05	1.92765e-05	0.0334113
0.0833333	12	0.0109807	-1.71898	2.95152e-05	1.75953e-05	0.0333185
0.0826446	12.1	0.0107492	-1.71899	2.71024e-05	1.60607e-05	0.0332285
0.0819672	12.2	0.0105232	-1.71899	2.48865e-05	1.46593e-05	0.0331411
0.0813008	12.3	0.0103025	-1.719	2.28513e-05	1.33798e-05	0.0330562
0.0806452	12.4	0.010087	-1.71901	2.09825e-05	1.22117e-05	0.0329738
0.08	12.5	0.00987645	-1.71901	1.92662e-05	1.11454e-05	0.0328938
0.0793651	12.6	0.00967075	-1.71902	1.76901e-05	1.0172e-05	0.0328161
0.0787402	12.7	0.00946973	-1.71903	1.62428e-05	9.28354e-06	0.0327406
0.078125	12.8	0.00927324	-1.71903	1.49138e-05	8.47259e-06	0.0326672
0.0775194	12.9	0.00908114	-1.71904	1.36934e-05	7.73306e-06	0.032596
0.0769231	13	0.0088933	-1.71904	1.25726e-05	7.05718e-06	0.0325267
0.0763359	13.1	0.00870959	-1.71905	1.15435e-05	6.44029e-06	0.0324594
0.0757576	13.2	0.0085299	-1.71905	1.05985e-05	5.87725e-06	0.0323941
0.075188	13.3	0.00835411	-1.71906	9.73079e-06	5.36336e-06	0.0323305
0.0746269	13.4	0.00818212	-1.71906	8.93405e-06	4.89434e-06	0.0322687
0.0740741	13.5	0.00801383	-1.71907	8.20248e-06	4.46628e-06	0.0322087
0.0735294	13.6	0.00784912	-1.71907	7.53076e-06	4.07563e-06	0.0321504
0.0729927	13.7	0.00768792	-1.71907	6.914e-06	3.71912e-06	0.0320936
0.0724638	13.8	0.00753013	-1.71908	6.34771e-06	3.39377e-06	0.0320385
0.0719424	13.9	0.00737568	-1.71908	5.82782e-06	3.09705e-06	0.0319848
0.0714286	14	0.00722446	-1.71909	5.3505e-06	2.82629e-06	0.0319327
0.070922	14.1	0.00707641	-1.71909	4.91224e-06	2.57919e-06	0.031882
0.0704225	14.2	0.00693145	-1.71909	4.50986e-06	2.35369e-06	0.0318327
0.0699301	14.3	0.0067895	-1.7191	4.14042e-06	2.1479e-06	0.0317848
0.0694444	14.4	0.00665049	-1.7191	3.80122e-06	1.9601e-06	0.0317381
0.0689655	14.5	0.00651436	-1.7191	3.48981e-06	1.78872e-06	0.0316928
0.0684932	14.6	0.00638104	-1.71911	3.2039e-06	1.63233e-06	0.0316487
0.0680272	14.7	0.00625046	-1.71911	2.94141e-06	1.48962e-06	0.0316058
0.0675676	14.8	0.00612258	-1.71911	2.70042e-06	1.3594e-06	0.0315641
0.0671141	14.9	0.00599732	-1.71911	2.47918e-06	1.24057e-06	0.0315235
0.0666667	15	0.00587463	-1.71912	2.27606e-06	1.13214e-06	0.031484
0.0662252	15.1	0.00575445	-1.71912	2.08959e-06	1.0332e-06	0.0314456
0.0657895	15.2	0.00563674	-1.71912	1.91841e-06	9.42927e-07	0.0314082
0.0653595	15.3	0.00552143	-1.71912	1.76125e-06	8.60558e-07	0.0313719
0.0649351	15.4	0.00540849	-1.71913	1.61698e-06	7.85405e-07	0.0313365
0.0645161	15.5	0.00529785	-1.71913	1.48454e-06	7.16836e-07	0.0313021
0.0641026	15.6	0.00518948	-1.71913	1.36296e-06	6.54277e-07	0.0312686
0.0636943	15.7	0.00508332	-1.71913	1.25135e-06	5.97203e-07	0.0312361
0.0632911	15.8	0.00497934	-1.71914	1.1489e-06	5.45134e-07	0.0312044
0.0628931	15.9	0.00487748	-1.71914	1.05485e-06	4.97634e-07	0.0311735
0.0625	16	0.00477771	-1.71914	9.68518e-07	4.54302e-07	0.0311435
0.0621118	16.1	0.00467999	-1.71914	8.89274e-07	4.14775e-07	0.0311143
0.0617284	16.2	0.00458426	-1.71914	8.16535e-07	3.78721e-07	0.0310859
0.0613497	16.3	0.0044905	-1.71914	7.4977e-07	3.45836e-07	0.0310583
0.0609756	16.4	0.00439867	-1.71915	6.8849e-07	3.15845e-07	0.0310314
0.0606061	16.5	0.00430872	-1.71915	6.32245e-07	2.88494e-07	0.0310052
0.060241	16.6	0.00422063	-1.71915	5.80623e-07	2.63554e-07	0.0309797
0.0598802	16.7	0.00413434	-1.71915	5.33248e-07	2.40816e-07	0.0309549
0.0595238	16.8	0.00404984	-1.71915	4.89771e-07	2.20088e-07	0.0309307
0.0591716	16.9	0.00396708	-1.71915	4.49874e-07	2.01196e-07	0.0309072
0.0588235	17	0.00388603	-1.71916	4.13264e-07	1.83981e-07	0.0308844
0.0584795	17.1	0.00380666	-1.71916	3.79672e-07	1.68298e-07	0.0308621
0.0581395	17.2	0.00372893	-1.71916	3.48854e-07	1.54014e-07	0.0308404
0.0578035	17.3	0.00365282	-1.71916	3.2058e-07	1.41008e-07	0.0308193
0.0574713	17.4	0.00357828	-1.71916	2.94644e-07	1.29169e-07	0.0307988
0.0571429	17.5	0.0035053	-1.71916	2.70855e-07	1.18396e-07	0.0307788
0.0568182	17.6	0.00343383	-1.71916	2.49036e-07	1.08596e-07	0.0307594
0.0564972	17.7	0.00336386	-1.71916	2.29025e-07	9.96822e-08	0.0307405
0.0561798	17.8	0.00329535	-1.71916	2.10673e-07	9.15754e-08	0.030722
0.0558659	17.9	0.00322828	-1.71917	1.93843e-07	8.42018e-08	0.0307041
0.0555556	18	0.00316261	-1.71917	1.78408e-07	7.7493e-08	0.0306866
0.0552486	18.1	0.00309831	-1.71917	1.6425e-07	7.13855e-08	0.0306696
0.0549451	18.2	0.00303537	-1.71917	1.51263e-07	6.58198e-08	0.030653
0.0546448	18.3	0.00297376	-1.71917	1.39345e-07	6.07412e-08	0.0306369
0.0543478	18.4	0.00291345	-1.71917	1.28407e-07	5.60995e-08	0.0306212
0.0540541	18.5	0.00285442	-1.71917	1.18363e-07	5.18486e-08	0.0306059
0.0537634	18.6	0.00279663	-1.71917	1.09137e-07	4.79479e-08	0.0305911
0.0534759	18.7	0.00274008	-1.71917	1.00658e-07	4.43611e-08	0.0305766
0.0531915	18.8	0.00268474	-1.71917	9.2863e-08	4.10569e-08	0.0305625
0.0529101	18.9	0.00263057	-1.71917	8.56939e-08	3.80084e-08	0.0305487
0.0526316	19	0.00257757	-1.71917	7.90984e-08	3.51917e-08	0.0305354
0.052356	19.1	0.00252571	-1.71918	7.3029e-08	3.25871e-08	0.0305224
0.0520833	19.2	0.00247496	-1.71918	6.74428e-08	3.01762e-08	0.0305097
0.0518135	19.3	0.00242532	-1.71918	6.23009e-08	2.79429e-08	0.0304973
0.0515464	19.4	0.00237674	-1.71918	5.75678e-08	2.58729e-08	0.0304853
0.0512821	19.5	0.00232923	-1.71918	5.32109e-08	2.3953e-08	0.0304736
0.0510204	19.6	0.00228274	-1.71918	4.9201e-08	2.21713e-08	0.0304622
0.0507614	19.7	0.00223728	-1.71918	4.55111e-08	2.05173e-08	0.0304511
0.0505051	19.8	0.0021928	-1.71918	4.21165e-08	1.89819e-08	0.0304403
0.0502513	19.9	0.00214931	-1.71918	3.89943e-08	1.75568e-08	0.0304297
0.05	20	0.00210677	-1.71918	3.61236e-08	1.62347e-08	0.0304195
0.0497512	20.1	0.00206516	-1.71918	3.3485e-08	1.50092e-08	0.0304095
0.049505	20.2	0.00202448	-1.71918	3.10607e-08	1.38741e-08	0.0303997
0.0492611	20.3	0.0019847	-1.71918	2.88341e-08	1.28239e-08	0.0303903
0.0490196	20.4	0.00194581	-1.71918	2.67899e-08	1.18537e-08	0.030381
0.0487805	20.5	0.00190778	-1.71918	2.49139e-08	1.09581e-08	0.030372
0.0485437	20.6	0.00187061	-1.71918	2.31931e-08	1.01326e-08	0.0303633
0.0483092	20.7	0.00183427	-1.71918	2.16153e-08	9.37254e-09	0.0303547
0.0480769	20.8	0.00179874	-1.71918	2.01691e-08	8.67397e-09	0.0303464
0.0478469	20.9	0.00176402	-1.71918	1.88441e-08	8.03291e-09	0.0303383
0.047619	21	0.00173008	-1.71919	1.76306e-08	7.44535e-09	0.0303304
0.0473934	21.1	0.00169692	-1.71919	1.65197e-08	6.90802e-09	0.0303227
0.0471698	21.2	0.00166451	-1.71919	1.5503e-08	6.4177e-09	0.0303152
0.0469484	21.3	0.00163284	-1.71919	1.45731e-08	5.97125e-09	0.0303079
0.046729	21.4	0.00160189	-1.71919	1.37229e-08	5.56607e-09	0.0303008
0.0465116	21.5	0.00157166	-1.71919	1.29459e-08	5.19946e-09	0.0302939
0.0462963	21.6	0.00154213	-1.71919	1.22364e-08	4.86832e-09	0.0302871
0.0460829	21.7	0.00151328	-1.71919	1.1589e-08	4.57054e-09	0.0302805
0.0458716	21.8	0.0014851	-1.71919	1.09987e-08	4.30342e-09	0.0302741
0.0456621	21.9	0.00145757	-1.71919	1.04611e-08	4.06491e-09	0.0302679
0.0454545	22	0.0014307	-1.71919	9.97207e-09	3.85287e-09	0.0302618
0.0452489	22.1	0.00140445	-1.71919	9.52792e-09	3.66508e-09	0.0302558
0.045045	22.2	0.00137882	-1.71919	9.12527e-09	3.4998e-09	0.03025
0.044843	22.3	0.0013538	-1.71919	8.76101e-09	3.35567e-09	0.0302444
0.0446429	22.4	0.00132937	-1.71919	8.43235e-09	3.23134e-09	0.0302389
0.0444444	22.5	0.00130553	-1.71919	8.1367e-09	3.12616e-09	0.0302335
0.0442478	22.6	0.00128225	-1.71919	7.87172e-09	3.03981e-09	0.0302283
0.0440529	22.7	0.00125954	-1.71919	7.63523e-09	2.97244e-09	0.0302232
0.0438596	22.8	0.00123737	-1.71919	7.42523e-09	2.9247e-09	0.0302182
0.0436681	22.9	0.00121574	-1.71919	7.23982e-09	2.8981e-09	0.0302134
0.0434783	23	0.00119464	-1.71919	7.0772e-09	2.89398e-09	0.0302087
0.04329	23.1	0.00117405	-1.71919	6.93562e-09	2.91412e-09	0.030204
0.0431034	23.2	0.00115397	-1.71919	6.81339e-09	2.96014e-09	0.0301995
0.0429185	23.3	0.00113438	-1.71919	6.70879e-09	3.03424e-09	0.0301952
0.042735	23.4	0.00111527	-1.71919	6.6201e-09	3.1366e-09	0.0301909
0.0425532	23.5	0.00109664	-1.71919	6.5456e-09	3.26805e-09	0.0301867
0.0423729	23.6	0.00107848	-1.71919	6.48355e-09	3.42758e-09	0.0301826
0.0421941	23.7	0.00106077	-1.71919	6.43225e-09	3.61341e-09	0.0301787
0.0420168	23.8	0.0010435	-1.71919	6.39008e-09	3.82287e-09	0.0301748
0.041841	23.9	0.00102667	-1.71919	6.35554e-09	4.05272e-09	0.030171
0.0416667	24	0.00101027	-1.71919	6.32732e-09	4.29936e-09	0.0301673
0.0414938	24.1	0.000994289	-1.71919	6.30439e-09	4.55937e-09	0.0301637
0.0413223	24.2	0.000978717	-1.71919	6.28596e-09	4.82966e-09	0.0301602
0.0411523	24.3	0.000963547	-1.71919	6.27151e-09	5.1084e-09	0.0301568
0.0409836	24.4	0.000948772	-1.71919	6.26075e-09	5.39363e-09	0.0301535
0.0408163	24.5	0.000934383	-1.71919	6.25357e-09	5.68429e-09	0.0301502
0.0406504	24.6	0.000920371	-1.71919	6.24996e-09	5.97887e-09	0.030147
0.0404858	24.7	0.00090673	-1.71919	6.24993e-09	6.27687e-09	0.0301439
0.0403226	24.8	0.000893453	-1.71919	6.25346e-09	6.57605e-09	0.0301409
0.0401606	24.9	0.000880532	-1.71919	6.2605e-09	6.87401e-09	0.0301379
0.04	25	0.000867959	-1.71919	6.27089e-09	7.16759e-09	0.030135
0.0398406	25.1	0.000855729	-1.71919	6.28442e-09	7.45286e-09	0.0301322
0.0396825	25.2	0.000843833	-1.71919	6.30078e-09	7.72506e-09	0.0301294
0.0395257	25.3	0.000832265	-1.71919	6.3196e-09	7.97969e-09	0.0301267
0.0393701	25.4	0.000821018	-1.71919	6.34045e-09	8.21092e-09	0.0301241
0.0392157	25.5	0.000810086	-1.71919	6.36284e-09	8.41408e-09	0.0301215
0.0390625	25.6	0.000799463	-1.71919	6.38624e-09	8.58374e-09	0.030119
0.0389105	25.7	0.000789141	-1.71919	6.41008e-09	8.71653e-09	0.0301165
0.0387597	25.8	0.000779115	-1.71919	6.43379e-09	8.80894e-09	0.0301141
0.03861	25.9	0.000769378	-1.71919	6.45684e-09	8.85976e-09	0.0301117
0.0384615	26	0.000759927	-1.71919	6.47873e-09	8.86812e-09	0.0301094
0.0383142	26.1	0.000750753	-1.71919	6.49903e-09	8.83584e-09	0.0301072
0.0381679	26.2	0.000741851	-1.71919	6.51742e-09	8.76572e-09	0.030105
0.0380228	26.3	0.000733217	-1.71919	6.53368e-09	8.66139e-09	0.0301029
0.0378788	26.4	0.000724843	-1.7192	6.5477e-09	8.52695e-09	0.0301008
0.0377358	26.5	0.000716727	-1.7192	6.55945e-09	8.36784e-09	0.0300987
0.037594	26.6	0.00070886	-1.7192	6.56903e-09	8.18869e-09	0.0300967
0.0374532	26.7	0.00070124	-1.7192	6.57658e-09	7.9934e-09	0.0300947
0.0373134	26.8	0.000693861	-1.7192	6.58234e-09	7.7866e-09	0.0300928
0.0371747	26.9	0.000686717	-1.7192	6.58658e-09	7.57102e-09	0.0300909
0.037037	27	0.000679805	-1.7192	6.58964e-09	7.34968e-09	0.0300891
0.0369004	27.1	0.000673119	-1.7192	6.59184e-09	7.12504e-09	0.0300873
0.0367647	27.2	0.000666654	-1.7192	6.59354e-09	6.89923e-09	0.0300855
0.03663	27.3	0.000660407	-1.7192	6.59508e-09	6.67397e-09	0.0300837
0.0364964	27.4	0.000654372	-1.7192	6.59677e-09	6.45133e-09	0.0300821
0.0363636	27.5	0.000648545	-1.7192	6.59887e-09	6.23291e-09	0.0300804
0.0362319	27.6	0.000642922	-1.7192	6.60158e-09	6.02105e-09	0.0300788
0.0361011	27.7	0.000637499	-1.7192	6.60503e-09	5.81834e-09	0.0300772
0.0359712	27.8	0.000632271	-1.7192	6.60925e-09	5.62719e-09	0.0300756
0.0358423	27.9	0.000627235	-1.7192	6.61419e-09	5.45105e-09	0.0300741
0.0357143	28	0.000622387	-1.7192	6.61974e-09	5.29343e-09	0.0300726
0.0355872	28.1	0.000617723	-1.7192	6.62573e-09	5.15818e-09	0.0300711
0.035461	28.2	0.000613238	-1.7192	6.63196e-09	5.04893e-09	0.0300696
0.0353357	28.3	0.00060893	-1.7192	6.63828e-09	4.96946e-09	0.0300682
0.0352113	28.4	0.000604795	-1.7192	6.64459e-09	4.92297e-09	0.0300668
0.0350877	28.5	0.000600828	-1.7192	6.6509e-09	4.91201e-09	0.0300655
0.034965	28.6	0.000597028	-1.7192	6.65736e-09	4.93853e-09	0.0300641
0.0348432	28.7	0.00059339	-1.7192	6.66428e-09	5.00369e-09	0.0300628
0.0347222	28.8	0.00058991	-1.7192	6.67211e-09	5.10665e-09	0.0300615
0.0346021	28.9	0.000586587	-1.7192	6.68144e-09	5.24713e-09	0.0300602
0.0344828	29	0.000583417	-1.7192	6.69295e-09	5.42328e-09	0.030059
0.0343643	29.1	0.000580396	-1.7192	6.70743e-09	5.63194e-09	0.0300578
0.0342466	29.2	0.000577522	-1.7192	6.72568e-09	5.8707e-09	0.0300566
0.0341297	29.3	0.00057479	-1.7192	6.74855e-09	6.13569e-09	0.0300554
0.0340136	29.4	0.000572201	-1.7192	6.77686e-09	6.4238e-09	0.0300542
0.0338983	29.5	0.00056975	-1.7192	6.81139e-09	6.73051e-09	0.0300531
0.0337838	29.6	0.000567432	-1.7192	6.8528e-09	7.0521e-09	0.030052
0.03367	29.7	0.000565248	-1.7192	6.9016e-09	7.38374e-09	0.0300509
0.033557	29.8	0.000563194	-1.7192	6.95806e-09	7.72019e-09	0.0300498
0.0334448	29.9	0.000561266	-1.7192	7.02213e-09	8.05559e-09	0.0300487
0.0333333	30	0.000559464	-1.7192	7.09336e-09	8.38421e-09	0.0300476
0.0332226	30.1	0.000557782	-1.7192	7.1709e-09	8.69883e-09	0.0300466
0.0331126	30.2	0.000556221	-1.7192	7.25342e-09	8.99302e-09	0.0300456
0.0330033	30.3	0.000554776	-1.7192	7.33917e-09	9.25979e-09	0.0300446
0.0328947	30.4	0.000553445	-1.7192	7.42606e-09	9.492e-09	0.0300436
0.0327869	30.5	0.000552227	-1.7192	7.51182e-09	9.68419e-09	0.0300426
0.0326797	30.6	0.000551117	-1.7192	7.59421e-09	9.82966e-09	0.0300416
0.0325733	30.7	0.000550116	-1.7192	7.67125e-09	9.92491e-09	0.0300407
0.0324675	30.8	0.000549219	-1.7192	7.74148e-09	9.96706e-09	0.0300398
0.0323625	30.9	0.000548426	-1.7192	7.80414e-09	9.95603e-09	0.0300388
0.0322581	31	0.000547734	-1.7192	7.85919e-09	9.89558e-09	0.0300379
0.0321543	31.1	0.000547141	-1.7192	7.90733e-09	9.79101e-09	0.030037
0.0320513	31.2	0.000546646	-1.7192	7.94969e-09	9.65243e-09	0.0300361
0.0319489	31.3	0.000546247	-1.7192	7.98763e-09	9.491e-09	0.0300353
0.0318471	31.4	0.000545942	-1.7192	8.0224e-09	9.32109e-09	0.0300344
0.031746	31.5	0.000545729	-1.7192	8.055e-09	9.15543e-09	0.0300335
0.0316456	31.6	0.000545607	-1.7192	8.08608e-09	9.00904e-09	0.0300327
0.0315457	31.7	0.000545573	-1.7192	8.11607e-09	8.89347e-09	0.0300319
0.0314465	31.8	0.000545628	-1.7192	8.1453e-09	8.81897e-09	0.0300311
0.031348	31.9	0.000545769	-1.7192	8.17419e-09	8.79166e-09	0.0300302
0.03125	32	0.000545993	-1.7192	8.20333e-09	8.81573e-09	0.0300294
0.0311526	32.1	0.000546301	-1.7192	8.23348e-09	8.89051e-09	0.0300286
0.0310559	32.2	0.000546689	-1.7192	8.26553e-09	9.01495e-09	0.0300278
0.0309598	32.3	0.000547158	-1.7192	8.30037e-09	9.18389e-09	0.0300271
0.0308642	32.4	0.000547705	-1.7192	8.33882e-09	9.39466e-09	0.0300263
0.0307692	32.5	0.00054833	-1.7192	8.38157e-09	9.64374e-09	0.0300255
0.0306748	32.6	0.000549029	-1.7192	8.42913e-09	9.93025e-09	0.0300248
0.030581	32.7	0.000549802	-1.7192	8.48186e-09	1.02534e-08	0.030024
0.0304878	32.8	0.000550648	-1.7192	8.53999e-09	1.06134e-08	0.0300233
0.0303951	32.9	0.000551564	-1.7192	8.60368e-09	1.10105e-08	0.0300226
0.030303	33	0.000552551	-1.7192	8.67302e-09	1.14435e-08	0.0300218
0.0302115	33.1	0.000553605	-1.7192	8.74811e-09	1.19092e-08	0.0300211
0.0301205	33.2	0.000554727	-1.7192	8.82902e-09	1.24033e-08	0.0300204
0.03003	33.3	0.000555913	-1.7192	8.91585e-09	1.29188e-08	0.0300197
0.0299401	33.4	0.000557164	-1.7192	9.00867e-09	1.34483e-08	0.030019
0.0298507	33.5	0.000558476	-1.7192	9.10754e-09	1.39837e-08	0.0300183
0.0297619	33.6	0.000559851	-1.7192	9.21242e-09	1.4517e-08	0.0300176
0.0296736	33.7	0.000561285	-1.7192	9.32315e-09	1.50402e-08	0.0300169
0.0295858	33.8	0.000562778	-1.7192	9.43942e-09	1.55483e-08	0.0300162
0.0294985	33.9	0.000564327	-1.7192	9.56072e-09	1.60371e-08	0.0300155
0.0294118	34	0.000565935	-1.7192	9.68635e-09	1.65041e-08	0.0300149
0.0293255	34.1	0.000567596	-1.7192	9.81544e-09	1.69498e-08	0.0300142
0.0292398	34.2	0.000569311	-1.7192	9.94698e-09	1.73757e-08	0.0300135
0.0291545	34.3	0.000571078	-1.7192	1.00798e-08	1.77848e-08	0.0300129
0.0290698	34.4	0.000572898	-1.7192	1.02129e-08	1.81802e-08	0.0300122
0.0289855	34.5	0.000574767	-1.7192	1.03448e-08	1.85653e-08	0.0300116
0.0289017	34.6	0.000576687	-1.7192	1.04745e-08	1.89423e-08	0.0300109
0.0288184	34.7	0.000578654	-1.7192	1.06008e-08	1.9313e-08	0.0300103
0.0287356	34.8	0.000580669	-1.7192	1.07227e-08	1.96767e-08	0.0300096
0.0286533	34.9	0.000582731	-1.7192	1.0839e-08	2.00312e-08	0.030009
0.0285714	35	0.000584839	-1.7192	1.09489e-08	2.03731e-08	0.0300084
0.02849	35.1	0.000586992	-1.7192	1.10518e-08	2.06984e-08	0.0300077
0.0284091	35.2	0.00058919	-1.7192	1.1147e-08	2.10022e-08	0.0300071
0.0283286	35.3	0.000591432	-1.7192	1.12341e-08	2.12791e-08	0.0300065
0.0282486	35.4	0.000593717	-1.7192	1.13129e-08	2.15267e-08	0.0300059
0.028169	35.5	0.000596045	-1.7192	1.13834e-08	2.17412e-08	0.0300053
0.0280899	35.6	0.000598414	-1.7192	1.14457e-08	2.19209e-08	0.0300046
0.0280112	35.7	0.000600826	-1.7192	1.15001e-08	2.20662e-08	0.030004
0.027933	35.8	0.00060328	-1.7192	1.1547e-08	2.21779e-08	0.0300034
0.0278552	35.9	0.000605772	-1.7192	1.15871e-08	2.22596e-08	0.0300028
0.0277778	36	0.000608304	-1.7192	1.16213e-08	2.23149e-08	0.0300022
0.0277008	36.1	0.000610877	-1.7192	1.16506e-08	2.235e-08	0.0300016
0.0276243	36.2	0.000613486	-1.7192	1.16763e-08	2.23708e-08	0.030001
0.0275482	36.3	0.000616132	-1.7192	1.16995e-08	2.23851e-08	0.0300004
0.0274725	36.4	0.000618816	-1.7192	1.17217e-08	2.24019e-08	0.0299998
0.0273973	36.5	0.000621535	-1.7192	1.17444e-08	2.24305e-08	0.0299992
0.0273224	36.6	0.000624288	-1.7192	1.17688e-08	2.2481e-08	0.0299986
0.027248	36.7	0.000627074	-1.7192	1.17963e-08	2.25634e-08	0.029998
0.0271739	36.8	0.000629896	-1.7192	1.18279e-08	2.26878e-08	0.0299974
0.0271003	36.9	0.000632749	-1.7192	1.18646e-08	2.28624e-08	0.0299968
0.027027	37	0.000635632	-1.7192	1.19071e-08	2.30953e-08	0.0299962
0.0269542	37.1	0.000638546	-1.7192	1.19554e-08	2.33912e-08	0.0299956
0.0268817	37.2	0.000641491	-1.7192	1.20097e-08	2.3753e-08	0.0299951
0.0268097	37.3	0.000644463	-1.7192	1.20693e-08	2.41787e-08	0.0299945
0.026738	37.4	0.000647462	-1.7192	1.21333e-08	2.46651e-08	0.0299939
0.0266667	37.5	0.000650489	-1.7192	1.22003e-08	2.52055e-08	0.0299933
0.0265957	37.6	0.000653543	-1.7192	1.22687e-08	2.57913e-08	0.0299927
0.0265252	37.7	0.000656623	-1.7192	1.23365e-08	2.64125e-08	0.0299921
0.026455	37.8	0.000659727	-1.7192	1.24018e-08	2.70578e-08	0.0299915
0.0263852	37.9	0.000662858	-1.7192	1.24625e-08	2.77162e-08	0.029991
0.0263158	38	0.000666014	-1.7192	1.25171e-08	2.83763e-08	0.0299904
0.0262467	38.1	0.000669195	-1.7192	1.25645e-08	2.90271e-08	0.0299898
0.026178	38.2	0.000672404	-1.7192	1.26038e-08	2.96577e-08	0.0299892
0.0261097	38.3	0.000675638	-1.7192	1.26348e-08	3.02589e-08	0.0299886
0.0260417	38.4	0.000678897	-1.7192	1.26576e-08	3.08212e-08	0.0299881
0.025974	38.5	0.000682185	-1.7192	1.26726e-08	3.13373e-08	0.0299875
0.0259067	38.6	0.0006855	-1.7192	1.26807e-08	3.18003e-08	0.0299869
0.0258398	38.7	0.000688843	-1.7192	1.26826e-08	3.22038e-08	0.0299863
0.0257732	38.8	0.000692212	-1.7192	1.26795e-08	3.25433e-08	0.0299858
0.0257069	38.9	0.000695607	-1.7192	1.26723e-08	3.28145e-08	0.0299852
0.025641	39	0.00069903	-1.7192	1.26622e-08	3.30144e-08	0.0299846
0.0255754	39.1	0.000702478	-1.7192	1.26502e-08	3.31411e-08	0.029984
0.0255102	39.2	0.000705953	-1.7192	1.26375e-08	3.31959e-08	0.0299834
0.0254453	39.3	0.000709453	-1.7192	1.26248e-08	3.31799e-08	0.0299829
0.0253807	39.4	0.000712978	-1.7192	1.26127e-08	3.30971e-08	0.0299823
0.0253165	39.5	0.000716528	-1.7192	1.26017e-08	3.29529e-08	0.0299817
0.0252525	39.6	0.000720101	-1.7192	1.25919e-08	3.27524e-08	0.0299811
0.0251889	39.7	0.000723699	-1.7192	1.25833e-08	3.25017e-08	0.0299806
0.0251256	39.8	0.000727321	-1.7192	1.25755e-08	3.22074e-08	0.02998
0.0250627	39.9	0.000730967	-1.7192	1.25685e-08	3.18765e-08	0.0299794
0.025	40	0.000734635	-1.7192	1.25622e-08	3.15146e-08	0.0299788
0.0249377	40.1	0.000738326	-1.7192	1.25568e-08	3.11303e-08	0.0299783
0.0248756	40.2	0.00074204	-1.7192	1.25527e-08	3.07306e-08	0.0299777
0.0248139	40.3	0.000745777	-1.7192	1.25504e-08	3.03246e-08	0.0299771
0.0247525	40.4	0.000749535	-1.7192	1.25505e-08	2.99195e-08	0.0299765
0.0246914	40.5	0.000753316	-1.7192	1.25535e-08	2.95242e-08	0.0299759
0.0246305	40.6	0.000757117	-1.7192	1.256e-08	2.91426e-08	0.0299754
0.02457	40.7	0.000760939	-1.7192	1.25705e-08	2.87757e-08	0.0299748
0.0245098	40.8	0.000764781	-1.7192	1.25855e-08	2.8419e-08	0.0299742
0.0244499	40.9	0.000768643	-1.7192	1.26059e-08	2.80658e-08	0.0299736
0.0243902	41	0.000772526	-1.7192	1.26323e-08	2.77087e-08	0.029973
0.0243309	41.1	0.00077643	-1.7192	1.26656e-08	2.73418e-08	0.0299725
0.0242718	41.2	0.000780354	-1.7192	1.27068e-08	2.69667e-08	0.0299719
0.0242131	41.3	0.000784301	-1.7192	1.27568e-08	2.65893e-08	0.0299713
0.0241546	41.4	0.000788268	-1.7192	1.28162e-08	2.62208e-08	0.0299707
0.0240964	41.5	0.000792257	-1.7192	1.28853e-08	2.58731e-08	0.0299701
0.0240385	41.6	0.000796265	-1.7192	1.2964e-08	2.55585e-08	0.0299695
0.0239808	41.7	0.000800293	-1.7192	1.30517e-08	2.52889e-08	0.029969
0.0239234	41.8	0.000804342	-1.7192	1.31478e-08	2.50722e-08	0.0299684
0.0238663	41.9	0.000808409	-1.7192	1.32513e-08	2.49146e-08	0.0299678
0.0238095	42	0.000812495	-1.7192	1.33612e-08	2.48196e-08	0.0299672
0.023753	42.1	0.000816598	-1.7192	1.34765e-08	2.47873e-08	0.0299666
0.0236967	42.2	0.00082072	-1.7192	1.35962e-08	2.48143e-08	0.029966
0.0236407	42.3	0.000824859	-1.7192	1.37194e-08	2.48932e-08	0.0299654
0.0235849	42.4	0.000829016	-1.7192	1.38451e-08	2.50144e-08	0.0299648
0.0235294	42.5	0.000833189	-1.7192	1.39725e-08	2.51669e-08	0.0299643
0.0234742	42.6	0.000837377	-1.7192	1.41008e-08	2.53406e-08	0.0299637
0.0234192	42.7	0.000841583	-1.7192	1.42298e-08	2.5528e-08	0.0299631
0.0233645	42.8	0.000845802	-1.7192	1.43592e-08	2.57258e-08	0.0299625
0.02331	42.9	0.000850039	-1.7192	1.44891e-08	2.59367e-08	0.0299619
0.0232558	43	0.000854291	-1.7192	1.46197e-08	2.61672e-08	0.0299613
0.0232019	43.1	0.000858558	-1.7192	1.47513e-08	2.64274e-08	0.0299607
0.0231481	43.2	0.000862839	-1.7192	1.48841e-08	2.67289e-08	0.0299601
0.0230947	43.3	0.000867137	-1.7192	1.50181e-08	2.70842e-08	0.0299595
0.0230415	43.4	0.000871451	-1.7192	1.51531e-08	2.75056e-08	0.0299589
0.0229885	43.5	0.000875776	-1.7192	1.52887e-08	2.80027e-08	0.0299583
0.0229358	43.6	0.000880117	-1.7192	1.54242e-08	2.85846e-08	0.0299577
0.0228833	43.7	0.000884473	-1.7192	1.5559e-08	2.92581e-08	0.0299571
0.0228311	43.8	0.000888845	-1.7192	1.56922e-08	3.00282e-08	0.0299565
0.022779	43.9	0.000893231	-1.7192	1.58229e-08	3.08989e-08	0.0299559
0.0227273	44	0.000897632	-1.7192	1.59504e-08	3.18718e-08	0.0299553
0.0226757	44.1	0.000902049	-1.7192	1.60736e-08	3.29472e-08	0.0299547
0.0226244	44.2	0.000906478	-1.7192	1.61913e-08	3.41232e-08	0.0299541
0.0225734	44.3	0.000910926	-1.7192	1.63023e-08	3.5396e-08	0.0299535
0.0225225	44.4	0.000915388	-1.7192	1.64051e-08	3.67581e-08	0.0299529
0.0224719	44.5	0.000919864	-1.7192	1.64982e-08	3.81982e-08	0.0299523
0.0224215	44.6	0.000924356	-1.7192	1.65803e-08	3.97027e-08	0.0299517
0.0223714	44.7	0.000928864	-1.7192	1.66502e-08	4.12523e-08	0.0299511
0.0223214	44.8	0.000933385	-1.7192	1.67072e-08	4.28254e-08	0.0299504
0.0222717	44.9	0.000937921	-1.7192	1.6751e-08	4.44003e-08	0.0299498
0.0222222	45	0.000942471	-1.7192	1.67816e-08	4.59532e-08	0.0299492
0.0221729	45.1	0.000947036	-1.7192	1.67996e-08	4.74632e-08	0.0299486
0.0221239	45.2	0.000951616	-1.7192	1.68057e-08	4.89127e-08	0.029948
0.0220751	45.3	0.000956212	-1.7192	1.68009e-08	5.02892e-08	0.0299474
0.0220264	45.4	0.000960825	-1.7192	1.67864e-08	5.15855e-08	0.0299468
0.021978	45.5	0.000965454	-1.7192	1.67633e-08	5.28007e-08	0.0299461
0.0219298	45.6	0.000970098	-1.7192	1.67331e-08	5.39371e-08	0.0299455
0.0218818	45.7	0.00097476	-1.7192	1.6697e-08	5.50013e-08	0.0299449
0.0218341	45.8	0.000979438	-1.7192	1.66563e-08	5.60029e-08	0.0299443
0.0217865	45.9	0.000984132	-1.7192	1.66124e-08	5.69509e-08	0.0299437
0.0217391	46	0.000988847	-1.7192	1.65666e-08	5.78552e-08	0.029943
0.021692	46.1	0.000993578	-1.7192	1.65199e-08	5.87231e-08	0.0299424
0.021645	46.2	0.000998329	-1.7192	1.64737e-08	5.95632e-08	0.0299418
0.0215983	46.3	0.0010031	-1.7192	1.64289e-08	6.03794e-08	0.0299412
0.0215517	46.4	0.00100788	-1.7192	1.63866e-08	6.1174e-08	0.0299405
0.0215054	46.5	0.00101269	-1.7192	1.63478e-08	6.19482e-08	0.0299399
0.0214592	46.6	0.00101752	-1.7192	1.63132e-08	6.26995e-08	0.0299393
0.0214133	46.7	0.00102236	-1.7192	1.62835e-08	6.34272e-08	0.0299386
0.0213675	46.8	0.00102722	-1.7192	1.62593e-08	6.41271e-08	0.029938
0.021322	46.9	0.00103211	-1.7192	1.62408e-08	6.47953e-08	0.0299374
0.0212766	47	0.00103701	-1.7192	1.62279e-08	6.54295e-08	0.0299367
0.0212314	47.1	0.00104194	-1.7192	1.62203e-08	6.60261e-08	0.0299361
0.0211864	47.2	0.00104688	-1.7192	1.62177e-08	6.65825e-08	0.0299355
0.0211416	47.3	0.00105184	-1.7192	1.62192e-08	6.70976e-08	0.0299348
0.021097	47.4	0.00105683	-1.7192	1.62242e-08	6.75718e-08	0.0299342
0.0210526	47.5	0.00106183	-1.7192	1.62319e-08	6.80052e-08	0.0299335
0.0210084	47.6	0.00106686	-1.7192	1.6242e-08	6.84043e-08	0.0299329
0.0209644	47.7	0.00107191	-1.7192	1.62534e-08	6.87697e-08	0.0299322
0.0209205	47.8	0.00107698	-1.7192	1.62656e-08	6.91055e-08	0.0299316
0.0208768	47.9	0.00108207	-1.7192	1.62782e-08	6.94136e-08	0.029931
0.0208333	48	0.00108718	-1.7192	1.6291e-08	6.96983e-08	0.0299303
0.02079	48.1	0.00109231	-1.7192	1.63036e-08	6.99673e-08	0.0299297
0.0207469	48.2	0.00109746	-1.7192	1.63162e-08	7.02242e-08	0.029929
0.0207039	48.3	0.00110264	-1.7192	1.63289e-08	7.0475e-08	0.0299284
0.0206612	48.4	0.00110784	-1.7192	1.63419e-08	7.07235e-08	0.0299277
0.0206186	48.5	0.00111305	-1.7192	1.63556e-08	7.09754e-08	0.0299271
0.0205761	48.6	0.00111829	-1.7192	1.637e-08	7.12332e-08	0.0299264
0.0205339	48.7	0.00112355	-1.7192	1.63856e-08	7.14984e-08	0.0299258
0.0204918	48.8	0.00112883	-1.7192	1.64025e-08	7.17732e-08	0.0299251
0.0204499	48.9	0.00113413	-1.7192	1.64209e-08	7.20562e-08	0.0299244
0.0204082	49	0.00113946	-1.7192	1.64409e-08	7.23467e-08	0.0299238
0.0203666	49.1	0.0011448	-1.7192	1.64627e-08	7.26428e-08	0.0299231
0.0203252	49.2	0.00115016	-1.7192	1.64859e-08	7.29419e-08	0.0299225
0.020284	49.3	0.00115554	-1.7192	1.65104e-08	7.32419e-08	0.0299218
0.0202429	49.4	0.00116093	-1.7192	1.65359e-08	7.35402e-08	0.0299211
0.020202	49.5	0.00116635	-1.7192	1.65623e-08	7.38356e-08	0.0299205
0.0201613	49.6	0.00117179	-1.7192	1.65895e-08	7.41273e-08	0.0299198
0.0201207	49.7	0.00117724	-1.7192	1.66174e-08	7.44173e-08	0.0299191
0.0200803	49.8	0.00118272	-1.7192	1.66462e-08	7.47058e-08	0.0299185
0.0200401	49.9	0.00118821	-1.7192	1.66767e-08	7.49981e-08	0.0299178
0.02	50	0.00119372	-1.7192	1.67095e-08	7.52967e-08	0.0299171
0.0199601	50.1	0.00119925	-1.7192	1.67457e-08	7.56052e-08	0.0299165
0.0199203	50.2	0.0012048	-1.7192	1.67864e-08	7.59275e-08	0.0299158
0.0198807	50.3	0.00121037	-1.7192	1.68328e-08	7.62678e-08	0.0299151
0.0198413	50.4	0.00121596	-1.7192	1.68861e-08	7.6629e-08	0.0299144
0.019802	50.5	0.00122156	-1.7192	1.69471e-08	7.70138e-08	0.0299138
0.0197628	50.6	0.00122719	-1.7192	1.70164e-08	7.74248e-08	0.0299131
0.0197239	50.7	0.00123283	-1.7192	1.70941e-08	7.78622e-08	0.0299124
0.019685	50.8	0.0012385	-1.7192	1.71799e-08	7.83244e-08	0.0299117
0.0196464	50.9	0.00124419	-1.7192	1.7273e-08	7.88043e-08	0.029911
0.0196078	51	0.0012499	-1.7192	1.73722e-08	7.92932e-08	0.0299103
0.0195695	51.1	0.00125562	-1.7192	1.7476e-08	7.97736e-08	0.0299097
0.0195312	51.2	0.00126137	-1.7192	1.75827e-08	8.02213e-08	0.029909
0.0194932	51.3	0.00126714	-1.7192	1.76903e-08	8.0606e-08	0.0299083
0.0194553	51.4	0.00127293	-1.7192	1.77967e-08	8.08912e-08	0.0299076
0.0194175	51.5	0.00127874	-1.7192	1.79e-08	8.10389e-08	0.0299069
0.0193798	51.6	0.00128457	-1.7192	1.79982e-08	8.10118e-08	0.0299062
0.0193424	51.7	0.00129042	-1.7192	1.80897e-08	8.07794e-08	0.0299055
0.019305	51.8	0.00129628	-1.7192	1.81731e-08	8.03209e-08	0.0299048
0.0192678	51.9	0.00130217	-1.7192	1.8247e-08	7.96277e-08	0.0299041
0.0192308	52	0.00130808	-1.7192	1.83107e-08	7.87041e-08	0.0299034
0.0191939	52.1	0.001314	-1.7192	1.83631e-08	7.75659e-08	0.0299027
0.0191571	52.2	0.00131995	-1.7192	1.84039e-08	7.62402e-08	0.029902
0.0191205	52.3	0.00132592	-1.7192	1.84329e-08	7.47594e-08	0.0299013
0.019084	52.4	0.0013319	-1.7192	1.84502e-08	7.31614e-08	0.0299006
0.0190476	52.5	0.0013379	-1.7192	1.84564e-08	7.14809e-08	0.0298999
0.0190114	52.6	0.00134393	-1.7192	1.84529e-08	6.97553e-08	0.0298992
0.0189753	52.7	0.00134997	-1.7192	1.84407e-08	6.80123e-08	0.0298985
0.0189394	52.8	0.00135603	-1.7192	1.84214e-08	6.62802e-08	0.0298978
0.0189036	52.9	0.00136211	-1.7192	1.83966e-08	6.45825e-08	0.0298971
0.0188679	53	0.00136821	-1.7192	1.83675e-08	6.29398e-08	0.0298964
0.0188324	53.1	0.00137433	-1.7192	1.83354e-08	6.13688e-08	0.0298957
0.018797	53.2	0.00138047	-1.7192	1.83014e-08	5.98839e-08	0.029895
0.0187617	53.3	0.00138663	-1.7192	1.82666e-08	5.84943e-08	0.0298943
0.0187266	53.4	0.0013928	-1.7192	1.8232e-08	5.72081e-08	0.0298936
0.0186916	53.5	0.001399	-1.7192	1.81986e-08	5.60286e-08	0.0298928
0.0186567	53.6	0.00140521	-1.7192	1.81674e-08	5.496e-08	0.0298921
0.018622	53.7	0.00141144	-1.7192	1.81392e-08	5.40021e-08	0.0298914
0.0185874	53.8	0.00141768	-1.7192	1.81149e-08	5.31556e-08	0.0298907
0.0185529	53.9	0.00142395	-1.7192	1.8095e-08	5.24194e-08	0.02989
0.0185185	54	0.00143023	-1.7192	1.80798e-08	5.17924e-08	0.0298893
0.0184843	54.1	0.00143653	-1.7192	1.80694e-08	5.12737e-08	0.0298885
0.0184502	54.2	0.00144284	-1.7192	1.80638e-08	5.08609e-08	0.0298878
0.0184162	54.3	0.00144917	-1.7192	1.80627e-08	5.05545e-08	0.0298871
0.0183824	54.4	0.00145552	-1.7192	1.80657e-08	5.03518e-08	0.0298864
0.0183486	54.5	0.00146189	-1.7192	1.80725e-08	5.02534e-08	0.0298856
0.018315	54.6	0.00146826	-1.7192	1.80828e-08	5.02583e-08	0.0298849
0.0182815	54.7	0.00147466	-1.7192	1.8096e-08	5.03663e-08	0.0298842
0.0182482	54.8	0.00148107	-1.7192	1.81117e-08	5.05779e-08	0.0298834
0.0182149	54.9	0.0014875	-1.7192	1.81296e-08	5.08939e-08	0.0298827
0.0181818	55	0.00149394	-1.7192	1.81493e-08	5.13153e-08	0.029882
0.0181488	55.1	0.0015004	-1.7192	1.81704e-08	5.18438e-08	0.0298812
0.0181159	55.2	0.00150687	-1.7192	1.81925e-08	5.24783e-08	0.0298805
0.0180832	55.3	0.00151336	-1.7192	1.82151e-08	5.32202e-08	0.0298798
0.0180505	55.4	0.00151986	-1.7192	1.82375e-08	5.40648e-08	0.029879
0.018018	55.5	0.00152638	-1.7192	1.82589e-08	5.5007e-08	0.0298783
0.0179856	55.6	0.00153291	-1.7192	1.82781e-08	5.60379e-08	0.0298775
0.0179533	55.7	0.00153946	-1.7192	1.82938e-08	5.71441e-08	0.0298768
0.0179211	55.8	0.00154602	-1.7192	1.83045e-08	5.83116e-08	0.0298761
0.0178891	55.9	0.0015526	-1.7192	1.83086e-08	5.95255e-08	0.0298753
0.0178571	56	0.0015592	-1.7192	1.83046e-08	6.07694e-08	0.0298746
0.0178253	56.1	0.00156581	-1.7192	1.82912e-08	6.20305e-08	0.0298738
0.0177936	56.2	0.00157243	-1.7192	1.82675e-08	6.32951e-08	0.0298731
0.017762	56.3	0.00157907	-1.7192	1.82328e-08	6.45541e-08	0.0298723
0.0177305	56.4	0.00158573	-1.7192	1.81867e-08	6.57992e-08	0.0298716
0.0176991	56.5	0.0015924	-1.7192	1.81292e-08	6.70216e-08	0.0298708
0.0176678	56.6	0.00159909	-1.7192	1.80601e-08	6.82135e-08	0.0298701
0.0176367	56.7	0.00160579	-1.7192	1.79797e-08	6.93676e-08	0.0298693
0.0176056	56.8	0.00161251	-1.7192	1.78879e-08	7.04738e-08	0.0298685
0.0175747	56.9	0.00161924	-1.7192	1.77848e-08	7.15221e-08	0.0298678
0.0175439	57	0.00162599	-1.7192	1.76704e-08	7.2501e-08	0.029867
0.0175131	57.1	0.00163275	-1.7192	1.75446e-08	7.34e-08	0.0298663
0.0174825	57.2	0.00163953	-1.7192	1.74077e-08	7.4208e-08	0.0298655
0.017452	57.3	0.00164632	-1.7192	1.726e-08	7.49165e-08	0.0298647
0.0174216	57.4	0.00165313	-1.7192	1.7102e-08	7.55167e-08	0.029864
0.0173913	57.5	0.00165995	-1.7192	1.69348e-08	7.60036e-08	0.0298632
0.0173611	57.6	0.00166679	-1.7192	1.67597e-08	7.63734e-08	0.0298624
0.017331	57.7	0.00167365	-1.7192	1.65785e-08	7.66273e-08	0.0298617
0.017301	57.8	0.00168052	-1.7192	1.63932e-08	7.67655e-08	0.0298609
0.0172712	57.9	0.00168741	-1.7192	1.62061e-08	7.67937e-08	0.0298601
0.0172414	58	0.00169432	-1.7192	1.60195e-08	7.67199e-08	0.0298594
0.0172117	58.1	0.00170125	-1.7192	1.5836e-08	7.65542e-08	0.0298586
0.0171821	58.2	0.00170819	-1.7192	1.56577e-08	7.63072e-08	0.0298578
0.0171527	58.3	0.00171516	-1.7192	1.54867e-08	7.5992e-08	0.029857
0.0171233	58.4	0.00172214	-1.7192	1.5325e-08	7.56218e-08	0.0298563
0.017094	58.5	0.00172914	-1.7192	1.51742e-08	7.52102e-08	0.0298555
0.0170648	58.6	0.00173616	-1.7192	1.50356e-08	7.47698e-08	0.0298547
0.0170358	58.7	0.00174319	-1.7192	1.49101e-08	7.43115e-08	0.0298539
0.0170068	58.8	0.00175025	-1.7192	1.47984e-08	7.38445e-08	0.0298531
0.0169779	58.9	0.00175732	-1.7192	1.4701e-08	7.3379e-08	0.0298523
0.0169492	59	0.00176441	-1.7192	1.46177e-08	7.29202e-08	0.0298516
0.0169205	59.1	0.00177152	-1.7192	1.45483e-08	7.24731e-08	0.0298508
0.0168919	59.2	0.00177865	-1.7192	1.44921e-08	7.20418e-08	0.02985
0.0168634	59.3	0.00178579	-1.7192	1.44481e-08	7.16295e-08	0.0298492
0.016835	59.4	0.00179295	-1.7192	1.44151e-08	7.12379e-08	0.0298484
0.0168067	59.5	0.00180013	-1.7192	1.43917e-08	7.08707e-08	0.0298476
0.0167785	59.6	0.00180733	-1.7192	1.43764e-08	7.05306e-08	0.0298468
0.0167504	59.7	0.00181455	-1.7192	1.43678e-08	7.02228e-08	0.029846
0.0167224	59.8	0.00182177	-1.7192	1.43646e-08	6.99524e-08	0.0298452
0.0166945	59.9	0.00182902	-1.7192	1.43655e-08	6.9727e-08	0.0298444
0.0166667	60	0.00183629	-1.7192	1.43697e-08	6.95528e-08	0.0298436
0.0166389	60.1	0.00184358	-1.7192	1.43762e-08	6.94353e-08	0.0298429
0.0166113	60.2	0.00185088	-1.7192	1.43843e-08	6.93797e-08	0.0298421
0.0165837	60.3	0.00185821	-1.7192	1.43932e-08	6.93859e-08	0.0298412
0.0165563	60.4	0.00186554	-1.7192	1.44024e-08	6.94538e-08	0.0298404
0.0165289	60.5	0.00187291	-1.7192	1.44114e-08	6.95772e-08	0.0298396
0.0165017	60.6	0.00188029	-1.7192	1.44197e-08	6.97466e-08	0.0298388
0.0164745	60.7	0.00188769	-1.7192	1.44273e-08	6.99504e-08	0.029838
0.0164474	60.8	0.00189511	-1.7192	1.4434e-08	7.01724e-08	0.0298372
0.0164204	60.9	0.00190255	-1.7192	1.44402e-08	7.03965e-08	0.0298364
0.0163934	61	0.00191001	-1.7192	1.4446e-08	7.0606e-08	0.0298356
0.0163666	61.1	0.00191749	-1.7192	1.44519e-08	7.07872e-08	0.0298348
0.0163399	61.2	0.00192499	-1.7192	1.44584e-08	7.09271e-08	0.029834
0.0163132	61.3	0.00193251	-1.7192	1.44659e-08	7.10176e-08	0.0298332
0.0162866	61.4	0.00194005	-1.7192	1.44748e-08	7.10535e-08	0.0298324
0.0162602	61.5	0.00194762	-1.7192	1.44856e-08	7.10348e-08	0.0298315
0.0162338	61.6	0.0019552	-1.7192	1.44984e-08	7.09607e-08	0.0298307
0.0162075	61.7	0.00196281	-1.7192	1.45135e-08	7.08353e-08	0.0298299
0.0161812	61.8	0.00197043	-1.7192	1.45308e-08	7.06626e-08	0.0298291
0.0161551	61.9	0.00197807	-1.7192	1.45504e-08	7.04456e-08	0.0298283
0.016129	62	0.00198574	-1.7192	1.45719e-08	7.01902e-08	0.0298274
0.0161031	62.1	0.00199343	-1.7192	1.45952e-08	6.98998e-08	0.0298266
0.0160772	62.2	0.00200113	-1.7192	1.46199e-08	6.95806e-08	0.0298258
0.0160514	62.3	0.00200886	-1.7192	1.46458e-08	6.92374e-08	0.029825
0.0160256	62.4	0.0020166	-1.7192	1.46726e-08	6.88775e-08	0.0298241
0.016	62.5	0.00202437	-1.7192	1.47002e-08	6.85086e-08	0.0298233
0.0159744	62.6	0.00203215	-1.7192	1.47285e-08	6.81371e-08	0.0298225
0.015949	62.7	0.00203995	-1.7192	1.47574e-08	6.77725e-08	0.0298216
0.0159236	62.8	0.00204777	-1.7192	1.47871e-08	6.74206e-08	0.0298208
0.0158983	62.9	0.00205562	-1.7192	1.48177e-08	6.70862e-08	0.02982
0.015873	63	0.00206348	-1.7192	1.48493e-08	6.67741e-08	0.0298191
0.0158479	63.1	0.00207135	-1.7192	1.48819e-08	6.64845e-08	0.0298183
0.0158228	63.2	0.00207925	-1.7192	1.49158e-08	6.62163e-08	0.0298175
0.0157978	63.3	0.00208717	-1.7192	1.49508e-08	6.59655e-08	0.0298166
0.0157729	63.4	0.0020951	-1.7192	1.4987e-08	6.57253e-08	0.0298158
0.015748	63.5	0.00210304	-1.7192	1.50244e-08	6.54861e-08	0.0298149
0.0157233	63.6	0.00211101	-1.7192	1.50627e-08	6.52378e-08	0.0298141
0.0156986	63.7	0.00211899	-1.7192	1.51016e-08	6.49645e-08	0.0298133
0.015674	63.8	0.00212699	-1.7192	1.51408e-08	6.46526e-08	0.0298124
0.0156495	63.9	0.002135	-1.7192	1.51798e-08	6.42848e-08	0.0298116
0.015625	64	0.00214303	-1.7192	1.52182e-08	6.38451e-08	0.0298107
0.0156006	64.1	0.00215107	-1.7192	1.52551e-08	6.33182e-08	0.0298099
0.0155763	64.2	0.00215913	-1.7192	1.52899e-08	6.26912e-08	0.029809
0.0155521	64.3	0.0021672	-1.7192	1.53218e-08	6.19544e-08	0.0298082
0.015528	64.4	0.00217528	-1.7192	1.53499e-08	6.11033e-08	0.0298073
0.0155039	64.5	0.00218338	-1.7192	1.53732e-08	6.01378e-08	0.0298065
0.0154799	64.6	0.00219149	-1.7192	1.53908e-08	5.90659e-08	0.0298056
0.015456	64.7	0.00219961	-1.7192	1.54018e-08	5.78999e-08	0.0298047
0.0154321	64.8	0.00220774	-1.7192	1.54054e-08	5.66595e-08	0.0298039
0.0154083	64.9	0.00221589	-1.7192	1.54013e-08	5.53665e-08	0.029803
0.0153846	65	0.00222404	-1.7192	1.53891e-08	5.40449e-08	0.0298022
0.015361	65.1	0.00223221	-1.7192	1.53689e-08	5.27183e-08	0.0298013
0.0153374	65.2	0.0022404	-1.7192	1.53413e-08	5.14112e-08	0.0298004
0.0153139	65.3	0.00224859	-1.7192	1.53068e-08	5.01414e-08	0.0297996
0.0152905	65.4	0.0022568	-1.7192	1.52665e-08	4.8926e-08	0.0297987
0.0152672	65.5	0.00226502	-1.7192	1.52214e-08	4.77775e-08	0.0297978
0.0152439	65.6	0.00227326	-1.7192	1.51725e-08	4.67047e-08	0.029797
0.0152207	65.7	0.0022815	-1.7192	1.51205e-08	4.57139e-08	0.0297961
0.0151976	65.8	0.00228977	-1.7192	1.5066e-08	4.48117e-08	0.0297952
0.0151745	65.9	0.00229804	-1.7192	1.50091e-08	4.39994e-08	0.0297944
0.0151515	66	0.00230633	-1.7192	1.49496e-08	4.32787e-08	0.0297935
0.0151286	66.1	0.00231464	-1.7192	1.48868e-08	4.26501e-08	0.0297926
0.0151057	66.2	0.00232296	-1.7192	1.48198e-08	4.21107e-08	0.0297917
0.015083	66.3	0.00233129	-1.7192	1.47472e-08	4.16589e-08	0.0297909
0.0150602	66.4	0.00233963	-1.7192	1.46674e-08	4.12887e-08	0.02979
0.0150376	66.5	0.002348	-1.7192	1.45788e-08	4.0996e-08	0.0297891
0.015015	66.6	0.00235636	-1.7192	1.44798e-08	4.07739e-08	0.0297882
0.0149925	66.7	0.00236475	-1.7192	1.43689e-08	4.06162e-08	0.0297873
0.0149701	66.8	0.00237315	-1.7192	1.4245e-08	4.05193e-08	0.0297864
0.0149477	66.9	0.00238156	-1.7192	1.41076e-08	4.04802e-08	0.0297856
0.0149254	67	0.00238998	-1.7192	1.39565e-08	4.04975e-08	0.0297847
0.0149031	67.1	0.00239842	-1.7192	1.37923e-08	4.0574e-08	0.0297838
0.014881	67.2	0.00240687	-1.7192	1.36164e-08	4.07123e-08	0.0297829
0.0148588	67.3	0.00241534	-1.7192	1.34303e-08	4.09161e-08	0.029782
0.0148368	67.4	0.00242382	-1.7192	1.32363e-08	4.11892e-08	0.0297811
0.0148148	67.5	0.00243232	-1.7192	1.30367e-08	4.15345e-08	0.0297802
0.0147929	67.6	0.00244083	-1.7192	1.28335e-08	4.1954e-08	0.0297793
0.014771	67.7	0.00244936	-1.7192	1.26291e-08	4.24443e-08	0.0297784
0.0147493	67.8	0.00245791	-1.7192	1.2425e-08	4.30039e-08	0.0297775
0.0147275	67.9	0.00246647	-1.7192	1.22225e-08	4.36258e-08	0.0297766
0.0147059	68	0.00247506	-1.7192	1.20225e-08	4.43006e-08	0.0297757
0.0146843	68.1	0.00248365	-1.7192	1.18255e-08	4.50166e-08	0.0297748
0.0146628	68.2	0.00249227	-1.7192	1.16315e-08	4.5758e-08	0.0297739
0.0146413	68.3	0.00250089	-1.7192	1.14406e-08	4.65052e-08	0.029773
0.0146199	68.4	0.00250954	-1.7192	1.12524e-08	4.72348e-08	0.0297721
0.0145985	68.5	0.00251822	-1.7192	1.10667e-08	4.79211e-08	0.0297712
0.0145773	68.6	0.0025269	-1.7192	1.08833e-08	4.85383e-08	0.0297703
0.014556	68.7	0.00253561	-1.7192	1.07018e-08	4.90589e-08	0.0297694
0.0145349	68.8	0.00254433	-1.7192	1.05223e-08	4.94582e-08	0.0297685
0.0145138	68.9	0.00255307	-1.7192	1.03445e-08	4.9715e-08	0.0297676
0.0144928	69	0.00256183	-1.7192	1.01685e-08	4.98127e-08	0.0297667
0.0144718	69.1	0.00257061	-1.7192	9.99414e-09	4.97424e-08	0.0297658
0.0144509	69.2	0.00257941	-1.7192	9.82152e-09	4.9498e-08	0.0297648
0.01443	69.3	0.00258823	-1.7192	9.65069e-09	4.90839e-08	0.0297639
0.0144092	69.4	0.00259706	-1.7192	9.4818e-09	4.85074e-08	0.029763
0.0143885	69.5	0.0026059	-1.7192	9.31503e-09	4.77853e-08	0.0297621
0.0143678	69.6	0.00261477	-1.7192	9.15068e-09	4.69348e-08	0.0297612
0.0143472	69.7	0.00262365	-1.7192	8.98908e-09	4.59803e-08	0.0297603
0.0143266	69.8	0.00263255	-1.7192	8.83059e-09	4.49474e-08	0.0297593
0.0143062	69.9	0.00264146	-1.7192	8.67551e-09	4.38611e-08	0.0297584
0.0142857	70	0.00265039	-1.7192	8.52412e-09	4.27498e-08	0.0297575
0.0142653	70.1	0.00265934	-1.7192	8.37658e-09	4.16363e-08	0.0297566
0.014245	70.2	0.0026683	-1.7192	8.23291e-09	4.05421e-08	0.0297556
0.0142248	70.3	0.00267728	-1.7192	8.09303e-09	3.94867e-08	0.0297547
0.0142045	70.4	0.00268627	-1.7192	7.9567e-09	3.84839e-08	0.0297538
0.0141844	70.5	0.00269528	-1.7192	7.82361e-09	3.75468e-08	0.0297529
0.0141643	70.6	0.00270431	-1.7192	7.69343e-09	3.66822e-08	0.0297519
0.0141443	70.7	0.00271334	-1.7192	7.56585e-09	3.5896e-08	0.029751
0.0141243	70.8	0.0027224	-1.7192	7.44064e-09	3.51894e-08	0.0297501
0.0141044	70.9	0.00273146	-1.7192	7.31774e-09	3.45628e-08	0.0297491
0.0140845	71	0.00274055	-1.7192	7.19719e-09	3.40145e-08	0.0297482
0.0140647	71.1	0.00274965	-1.7192	7.07925e-09	3.3541e-08	0.0297472
0.0140449	71.2	0.00275876	-1.7192	6.96422e-09	3.31381e-08	0.0297463
0.0140252	71.3	0.0027679	-1.7192	6.85252e-09	3.28005e-08	0.0297454
0.0140056	71.4	0.00277704	-1.7192	6.74456e-09	3.25233e-08	0.0297444
0.013986	71.5	0.00278621	-1.7192	6.64071e-09	3.22998e-08	0.0297435
0.0139665	71.6	0.0027954	-1.7192	6.54131e-09	3.21257e-08	0.0297425
0.013947	71.7	0.00280459	-1.7192	6.4466e-09	3.19923e-08	0.0297416
0.0139276	71.8	0.00281381	-1.7192	6.35678e-09	3.18956e-08	0.0297406
0.0139082	71.9	0.00282304	-1.7192	6.27197e-09	3.18253e-08	0.0297397
0.0138889	72	0.0028323	-1.7192	6.19232e-09	3.17763e-08	0.0297388
0.0138696	72.1	0.00284156	-1.7192	6.11794e-09	3.17391e-08	0.0297378
0.0138504	72.2	0.00285085	-1.7192	6.04901e-09	3.17076e-08	0.0297369
0.0138313	72.3	0.00286015	-1.7192	5.98569e-09	3.16743e-08	0.0297359
0.0138122	72.4	0.00286947	-1.7192	5.92822e-09	3.1634e-08	0.0297349
0.0137931	72.5	0.0028788	-1.7192	5.87683e-09	3.1582e-08	0.029734
0.0137741	72.6	0.00288816	-1.7192	5.83175e-09	3.15161e-08	0.029733
0.0137552	72.7	0.00289752	-1.7192	5.79314e-09	3.14361e-08	0.0297321
0.0137363	72.8	0.00290691	-1.7192	5.76111e-09	3.13439e-08	0.0297311
0.0137174	72.9	0.00291632	-1.7192	5.73566e-09	3.12444e-08	0.0297302
0.0136986	73	0.00292573	-1.7192	5.71665e-09	3.11432e-08	0.0297292
0.0136799	73.1	0.00293517	-1.7192	5.70385e-09	3.105e-08	0.0297282
0.0136612	73.2	0.00294462	-1.7192	5.69687e-09	3.09735e-08	0.0297273
0.0136426	73.3	0.00295409	-1.7192	5.69529e-09	3.0924e-08	0.0297263
0.013624	73.4	0.00296357	-1.7192	5.69857e-09	3.09113e-08	0.0297253
0.0136054	73.5	0.00297307	-1.7192	5.70612e-09	3.09453e-08	0.0297244
0.013587	73.6	0.00298259	-1.7192	5.71734e-09	3.10322e-08	0.0297234
0.0135685	73.7	0.00299212	-1.7192	5.73155e-09	3.11749e-08	0.0297224
0.0135501	73.8	0.00300166	-1.7192	5.74799e-09	3.13726e-08	0.0297215
0.0135318	73.9	0.00301122	-1.7192	5.76577e-09	3.16214e-08	0.0297205
0.0135135	74	0.0030208	-1.7192	5.7839e-09	3.19122e-08	0.0297195
0.0134953	74.1	0.0030304	-1.7192	5.80124e-09	3.2231e-08	0.0297185
0.0134771	74.2	0.00304001	-1.7192	5.81655e-09	3.25652e-08	0.0297176
0.013459	74.3	0.00304965	-1.7192	5.82857e-09	3.28984e-08	0.0297166
0.0134409	74.4	0.0030593	-1.7192	5.83615e-09	3.322e-08	0.0297156
0.0134228	74.5	0.00306898	-1.7192	5.83825e-09	3.35194e-08	0.0297146
0.0134048	74.6	0.00307868	-1.7192	5.83408e-09	3.37906e-08	0.0297137
0.0133869	74.7	0.0030884	-1.7192	5.82319e-09	3.40319e-08	0.0297127
0.013369	74.8	0.00309815	-1.7192	5.8054e-09	3.4245e-08	0.0297117
0.0133511	74.9	0.00310793	-1.7192	5.78088e-09	3.4435e-08	0.0297107
0.0133333	75	0.00311773	-1.7192	5.7501e-09	3.4605e-08	0.0297097
0.0133156	75.1	0.00312756	-1.7192	5.71375e-09	3.47634e-08	0.0297087
0.0132979	75.2	0.00313742	-1.7192	5.67284e-09	3.4916e-08	0.0297078
0.0132802	75.3	0.00314731	-1.7192	5.62846e-09	3.50684e-08	0.0297068
0.0132626	75.4	0.00315722	-1.7192	5.58187e-09	3.52271e-08	0.0297058
0.013245	75.5	0.00316717	-1.7192	5.53435e-09	3.5395e-08	0.0297048
0.0132275	75.6	0.00317714	-1.7192	5.48719e-09	3.55782e-08	0.0297038
0.01321	75.7	0.00318714	-1.7192	5.44166e-09	3.57807e-08	0.0297028
0.0131926	75.8	0.00319718	-1.7192	5.3989e-09	3.60045e-08	0.0297018
0.0131752	75.9	0.00320723	-1.7192	5.35998e-09	3.62557e-08	0.0297008
0.0131579	76	0.00321732	-1.7192	5.32582e-09	3.65368e-08	0.0296998
0.0131406	76.1	0.00322743	-1.7192	5.29717e-09	3.68525e-08	0.0296988
0.0131234	76.2	0.00323757	-1.7192	5.27471e-09	3.72081e-08	0.0296978
0.0131062	76.3	0.00324774	-1.7192	5.25893e-09	3.76065e-08	0.0296968
0.013089	76.4	0.00325793	-1.7192	5.25023e-09	3.80535e-08	0.0296958
0.0130719	76.5	0.00326814	-1.7192	5.24885e-09	3.8552e-08	0.0296948
0.0130548	76.6	0.00327839	-1.7192	5.25491e-09	3.91075e-08	0.0296938
0.0130378	76.7	0.00328866	-1.7192	5.26846e-09	3.97196e-08	0.0296928
0.0130208	76.8	0.00329896	-1.7192	5.28934e-09	4.0392e-08	0.0296918
0.0130039	76.9	0.00330928	-1.7192	5.31729e-09	4.1122e-08	0.0296908
0.012987	77	0.00331962	-1.7192	5.35185e-09	4.19056e-08	0.0296898
0.0129702	77.1	0.00332998	-1.7192	5.39239e-09	4.27359e-08	0.0296888
0.0129534	77.2	0.00334037	-1.7192	5.43815e-09	4.36032e-08	0.0296877
0.0129366	77.3	0.00335078	-1.7192	5.48819e-09	4.44936e-08	0.0296867
0.0129199	77.4	0.00336121	-1.7192	5.54153e-09	4.53944e-08	0.0296857
0.0129032	77.5	0.00337167	-1.7192	5.59723e-09	4.62895e-08	0.0296847
0.0128866	77.6	0.00338215	-1.7192	5.65445e-09	4.71669e-08	0.0296837
0.01287	77.7	0.00339265	-1.7192	5.71257e-09	4.80149e-08	0.0296827
0.0128535	77.8	0.00340317	-1.7192	5.7712e-09	4.88284e-08	0.0296816
0.012837	77.9	0.00341371	-1.7192	5.83024e-09	4.96039e-08	0.0296806
0.0128205	78	0.00342427	-1.7192	5.88975e-09	5.0342e-08	0.0296796
0.0128041	78.1	0.00343486	-1.7192	5.94999e-09	5.1044e-08	0.0296786
0.0127877	78.2	0.00344547	-1.7192	6.01123e-09	5.17126e-08	0.0296776
0.0127714	78.3	0.0034561	-1.7192	6.07387e-09	5.23509e-08	0.0296765
0.0127551	78.4	0.00346675	-1.7192	6.1382e-09	5.29592e-08	0.0296755
0.0127389	78.5	0.00347742	-1.7192	6.20458e-09	5.35353e-08	0.0296745
0.0127226	78.6	0.00348811	-1.7192	6.27326e-09	5.40769e-08	0.0296735
0.0127065	78.7	0.00349882	-1.7192	6.34449e-09	5.45778e-08	0.0296724
0.0126904	78.8	0.00350954	-1.7192	6.41845e-09	5.50305e-08	0.0296714
0.0126743	78.9	0.0035203	-1.7192	6.49527e-09	5.54258e-08	0.0296704
0.0126582	79	0.00353107	-1.7192	6.57519e-09	5.57562e-08	0.0296693
0.0126422	79.1	0.00354186	-1.7192	6.65856e-09	5.60142e-08	0.0296683
0.0126263	79.2	0.00355266	-1.7192	6.74599e-09	5.61995e-08	0.0296673
0.0126103	79.3	0.00356349	-1.7192	6.8384e-09	5.63147e-08	0.0296662
0.0125945	79.4	0.00357434	-1.7192	6.93708e-09	5.63698e-08	0.0296652
0.0125786	79.5	0.0035852	-1.7192	7.04355e-09	5.63785e-08	0.0296641
0.0125628	79.6	0.00359608	-1.7192	7.15958e-09	5.63586e-08	0.0296631
0.0125471	79.7	0.00360699	-1.7192	7.28693e-09	5.63294e-08	0.0296621
0.0125313	79.8	0.0036179	-1.7192	7.42733e-09	5.63072e-08	0.029661
0.0125156	79.9	0.00362883	-1.7192	7.58231e-09	5.63089e-08	0.02966
0.0125	80	0.00363977	-1.7192	7.7532e-09	5.63451e-08	0.0296589
0.0124844	80.1	0.00365073	-1.7192	7.94109e-09	5.64259e-08	0.0296579
0.0124688	80.2	0.00366169	-1.7192	8.14687e-09	5.65579e-08	0.0296568
0.0124533	80.3	0.00367266	-1.7192	8.37125e-09	5.67444e-08	0.0296558
0.0124378	80.4	0.00368364	-1.7192	8.61479e-09	5.69907e-08	0.0296547
0.0124224	80.5	0.00369463	-1.7192	8.87797e-09	5.72991e-08	0.0296537
0.0124069	80.6	0.00370562	-1.7192	9.16112e-09	5.76745e-08	0.0296526
0.0123916	80.7	0.0037166	-1.7192	9.4645e-09	5.81239e-08	0.0296516
0.0123762	80.8	0.00372759	-1.7192	9.78821e-09	5.86523e-08	0.0296505
0.0123609	80.9	0.00373857	-1.7192	1.01321e-08	5.92698e-08	0.0296495
0.0123457	81	0.00374953	-1.7192	1.04958e-08	5.99829e-08	0.0296484
0.0123305	81.1	0.00376049	-1.7192	1.08784e-08	6.07986e-08	0.0296473
0.0123153	81.2	0.00377143	-1.7192	1.12783e-08	6.17206e-08	0.0296463
0.0123001	81.3	0.00378235	-1.7192	1.16933e-08	6.27475e-08	0.0296452
0.012285	81.4	0.00379326	-1.7192	1.21205e-08	6.38754e-08	0.0296442
0.0122699	81.5	0.00380414	-1.7192	1.25565e-08	6.50996e-08	0.0296431
0.0122549	81.6	0.003815	-1.7192	1.29977e-08	6.64188e-08	0.029642
0.0122399	81.7	0.00382585	-1.7192	1.34402e-08	6.7836e-08	0.029641
0.0122249	81.8	0.00383667	-1.7192	1.3881e-08	6.93635e-08	0.0296399
0.01221	81.9	0.00384748	-1.7192	1.43168e-08	7.10138e-08	0.0296388
0.0121951	82	0.00385826	-1.7192	1.47447e-08	7.28006e-08	0.0296378
0.0121803	82.1	0.00386904	-1.7192	1.51621e-08	7.47294e-08	0.0296367
0.0121655	82.2	0.00387981	-1.7192	1.55658e-08	7.6799e-08	0.0296356
0.0121507	82.3	0.00389056	-1.7192	1.59529e-08	7.89952e-08	0.0296345
0.0121359	82.4	0.00390131	-1.7192	1.63201e-08	8.1293e-08	0.0296335
0.0121212	82.5	0.00391206	-1.7192	1.66642e-08	8.36606e-08	0.0296324
0.0121065	82.6	0.0039228	-1.7192	1.69819e-08	8.60559e-08	0.0296313
0.0120919	82.7	0.00393356	-1.7192	1.72705e-08	8.84358e-08	0.0296302
0.0120773	82.8	0.00394432	-1.7192	1.75278e-08	9.0754e-08	0.0296291
0.0120627	82.9	0.0039551	-1.7192	1.77529e-08	9.29687e-08	0.0296281
0.0120482	83	0.0039659	-1.7192	1.79463e-08	9.50434e-08	0.029627
0.0120337	83.1	0.00397673	-1.7192	1.81102e-08	9.69532e-08	0.0296259
0.0120192	83.2	0.00398759	-1.7192	1.82485e-08	9.86837e-08	0.0296248
0.0120048	83.3	0.00399848	-1.7192	1.8366e-08	1.00234e-07	0.0296237
0.0119904	83.4	0.00400939	-1.7192	1.84684e-08	1.01614e-07	0.0296226
0.011976	83.5	0.00402035	-1.7192	1.85617e-08	1.02846e-07	0.0296215
0.0119617	83.6	0.00403132	-1.7192	1.86515e-08	1.03959e-07	0.0296204
0.0119474	83.7	0.00404234	-1.7192	1.87428e-08	1.04984e-07	0.0296194
0.0119332	83.8	0.00405337	-1.7192	1.88396e-08	1.05959e-07	0.0296183
0.011919	83.9	0.00406444	-1.7192	1.89447e-08	1.06921e-07	0.0296172
0.0119048	84	0.00407552	-1.7192	1.90594e-08	1.07902e-07	0.0296161
0.0118906	84.1	0.00408661	-1.7192	1.91841e-08	1.08928e-07	0.029615
0.0118765	84.2	0.00409772	-1.7192	1.93178e-08	1.1002e-07	0.0296139
0.0118624	84.3	0.00410884	-1.7192	1.94589e-08	1.11188e-07	0.0296128
0.0118483	84.4	0.00411997	-1.7192	1.9605e-08	1.12435e-07	0.0296117
0.0118343	84.5	0.00413111	-1.7192	1.97539e-08	1.13749e-07	0.0296106
0.0118203	84.6	0.00414226	-1.7192	1.99031e-08	1.15111e-07	0.0296095
0.0118064	84.7	0.00415341	-1.7192	2.00505e-08	1.16485e-07	0.0296084
0.0117925	84.8	0.00416457	-1.7192	2.01941e-08	1.17827e-07	0.0296073
0.0117786	84.9	0.00417572	-1.7192	2.03324e-08	1.19083e-07	0.0296062
0.0117647	85	0.00418689	-1.7192	2.04635e-08	1.20185e-07	0.0296051
0.0117509	85.1	0.00419805	-1.7192	2.05861e-08	1.21064e-07	0.029604
0.0117371	85.2	0.00420922	-1.71921	2.06983e-08	1.21648e-07	0.0296028
0.0117233	85.3	0.00422039	-1.71921	2.07984e-08	1.21863e-07	0.0296017
0.0117096	85.4	0.00423157	-1.71921	2.08843e-08	1.21645e-07	0.0296006
0.0116959	85.5	0.00424274	-1.71921	2.09539e-08	1.20942e-07	0.0295995
0.0116822	85.6	0.00425391	-1.71921	2.10053e-08	1.19712e-07	0.0295984
0.0116686	85.7	0.00426508	-1.71921	2.10365e-08	1.17937e-07	0.0295973
0.011655	85.8	0.00427626	-1.71921	2.1046e-08	1.15617e-07	0.0295962
0.0116414	85.9	0.00428743	-1.71921	2.10328e-08	1.1277e-07	0.029595
0.0116279	86	0.00429861	-1.71921	2.09962e-08	1.09433e-07	0.0295939
0.0116144	86.1	0.0043098	-1.71921	2.09365e-08	1.05658e-07	0.0295928
0.0116009	86.2	0.00432099	-1.71921	2.08545e-08	1.01507e-07	0.0295917
0.0115875	86.3	0.00433218	-1.71921	2.07521e-08	9.70501e-08	0.0295906
0.0115741	86.4	0.00434339	-1.71921	2.06321e-08	9.23643e-08	0.0295894
0.0115607	86.5	0.00435461	-1.71921	2.04985e-08	8.7525e-08	0.0295883
0.0115473	86.6	0.00436584	-1.71921	2.03566e-08	8.26103e-08	0.0295872
0.011534	86.7	0.00437709	-1.71921	2.02127e-08	7.77012e-08	0.0295861
0.0115207	86.8	0.00438834	-1.71921	2.00739e-08	7.2873e-08	0.0295849
0.0115075	86.9	0.00439963	-1.71921	1.99474e-08	6.82015e-08	0.0295838
0.0114943	87	0.00441091	-1.71921	1.98405e-08	6.37557e-08	0.0295827
0.0114811	87.1	0.00442223	-1.71921	1.97593e-08	5.95963e-08	0.0295815
0.0114679	87.2	0.00443355	-1.71921	1.97086e-08	5.57755e-08	0.0295804
0.0114548	87.3	0.00444489	-1.71921	1.96916e-08	5.23289e-08	0.0295793
0.0114416	87.4	0.00445625	-1.71921	1.97095e-08	4.92781e-08	0.0295781
0.0114286	87.5	0.00446762	-1.71921	1.97616e-08	4.66279e-08	0.029577
0.0114155	87.6	0.00447901	-1.71921	1.98457e-08	4.43662e-08	0.0295759
0.0114025	87.7	0.0044904	-1.71921	1.99586e-08	4.24676e-08	0.0295747
0.0113895	87.8	0.0045018	-1.71921	2.00961e-08	4.08958e-08	0.0295736
0.0113766	87.9	0.00451322	-1.71921	2.02539e-08	3.96065e-08	0.0295725
0.0113636	88	0.00452463	-1.71921	2.04278e-08	3.85499e-08	0.0295713
0.0113507	88.1	0.00453606	-1.71921	2.06142e-08	3.76784e-08	0.0295702
0.0113379	88.2	0.00454749	-1.71921	2.08103e-08	3.69454e-08	0.029569
0.011325	88.3	0.00455892	-1.71921	2.10145e-08	3.63056e-08	0.0295679
0.0113122	88.4	0.00457035	-1.71921	2.12264e-08	3.57217e-08	0.0295667
0.0112994	88.5	0.00458178	-1.71921	2.14463e-08	3.51597e-08	0.0295656
0.0112867	88.6	0.00459321	-1.71921	2.16755e-08	3.45862e-08	0.0295644
0.011274	88.7	0.00460465	-1.71921	2.19159e-08	3.39754e-08	0.0295633
0.0112613	88.8	0.00461607	-1.71921	2.21689e-08	3.32988e-08	0.0295621
0.0112486	88.9	0.00462749	-1.71921	2.24355e-08	3.25324e-08	0.029561
0.011236	89	0.00463889	-1.71921	2.27158e-08	3.16555e-08	0.0295598
0.0112233	89.1	0.00465029	-1.71921	2.30084e-08	3.06504e-08	0.0295587
0.0112108	89.2	0.00466166	-1.71921	2.33104e-08	2.95098e-08	0.0295575
0.0111982	89.3	0.00467302	-1.71921	2.36171e-08	2.82348e-08	0.0295564
0.0111857	89.4	0.00468437	-1.71921	2.39222e-08	2.6839e-08	0.0295552
0.0111732	89.5	0.0046957	-1.71921	2.42179e-08	2.53503e-08	0.029554
0.0111607	89.6	0.00470702	-1.71921	2.44954e-08	2.38079e-08	0.0295529
0.0111483	89.7	0.00471831	-1.71921	2.47454e-08	2.226e-08	0.0295517
0.0111359	89.8	0.00472961	-1.71921	2.4959e-08	2.0762e-08	0.0295506
0.0111235	89.9	0.00474091	-1.71921	2.51283e-08	1.93651e-08	0.0295494
0.0111111	90	0.00475221	-1.71921	2.52472e-08	1.8116e-08	0.0295482
0.0110988	90.1	0.00476351	-1.71921	2.5312e-08	1.7052e-08	0.0295471
0.0110865	90.2	0.00477484	-1.71921	2.53213e-08	1.61928e-08	0.0295459
0.0110742	90.3	0.00478618	-1.71921	2.52761e-08	1.55467e-08	0.0295447
0.0110619	90.4	0.00479756	-1.71921	2.51793e-08	1.51061e-08	0.0295435
0.0110497	90.5	0.00480897	-1.71921	2.5035e-08	1.48537e-08	0.0295424
0.0110375	90.6	0.00482042	-1.71921	2.48481e-08	1.47644e-08	0.0295412
0.0110254	90.7	0.0048319	-1.71921	2.46232e-08	1.48095e-08	0.02954
0.0110132	90.8	0.00484343	-1.71921	2.43648e-08	1.49595e-08	0.0295388
0.0110011	90.9	0.00485499	-1.71921	2.40762e-08	1.51893e-08	0.0295377
0.010989	91	0.00486661	-1.71921	2.37602e-08	1.5477e-08	0.0295365
0.0109769	91.1	0.00487827	-1.71921	2.34184e-08	1.58062e-08	0.0295353
0.0109649	91.2	0.00488997	-1.71921	2.30524e-08	1.61668e-08	0.0295341
0.0109529	91.3	0.00490171	-1.71921	2.26632e-08	1.65569e-08	0.029533
0.0109409	91.4	0.0049135	-1.71921	2.22523e-08	1.69778e-08	0.0295318
0.010929	91.5	0.00492533	-1.71921	2.18213e-08	1.74389e-08	0.0295306
0.010917	91.6	0.00493721	-1.71921	2.13724e-08	1.79525e-08	0.0295294
0.0109051	91.7	0.00494914	-1.71921	2.09089e-08	1.85377e-08	0.0295282
0.0108932	91.8	0.00496111	-1.71921	2.04346e-08	1.92133e-08	0.029527
0.0108814	91.9	0.00497314	-1.71921	1.99546e-08	2.00018e-08	0.0295258
0.0108696	92	0.00498522	-1.71921	1.94748e-08	2.09252e-08	0.0295247
0.0108578	92.1	0.00499734	-1.71921	1.90021e-08	2.20047e-08	0.0295235
0.010846	92.2	0.00500953	-1.71921	1.8544e-08	2.32576e-08	0.0295223
0.0108342	92.3	0.00502176	-1.71921	1.81082e-08	2.47001e-08	0.0295211
0.0108225	92.4	0.00503406	-1.71921	1.77019e-08	2.63476e-08	0.0295199
0.0108108	92.5	0.00504641	-1.71921	1.73316e-08	2.82096e-08	0.0295187
0.0107991	92.6	0.0050588	-1.71921	1.70024e-08	3.02957e-08	0.0295175
0.0107875	92.7	0.00507124	-1.71921	1.67179e-08	3.2608e-08	0.0295163
0.0107759	92.8	0.00508374	-1.71921	1.64796e-08	3.51454e-08	0.0295151
0.0107643	92.9	0.00509627	-1.71921	1.62875e-08	3.78954e-08	0.0295139
0.0107527	93	0.00510883	-1.71921	1.61398e-08	4.08351e-08	0.0295127
0.0107411	93.1	0.00512143	-1.71921	1.6033e-08	4.39277e-08	0.0295115
0.0107296	93.2	0.00513406	-1.71921	1.59625e-08	4.71235e-08	0.0295103
0.0107181	93.3	0.00514672	-1.71921	1.59223e-08	5.03551e-08	0.0295091
0.0107066	93.4	0.00515939	-1.71921	1.59059e-08	5.35445e-08	0.0295079
0.0106952	93.5	0.0051721	-1.71921	1.59061e-08	5.66038e-08	0.0295067
0.0106838	93.6	0.00518482	-1.71921	1.5916e-08	5.94444e-08	0.0295055
0.0106724	93.7	0.00519755	-1.71921	1.59295e-08	6.19837e-08	0.0295043
0.010661	93.8	0.00521031	-1.71921	1.59416e-08	6.41598e-08	0.0295031
0.0106496	93.9	0.00522308	-1.71921	1.59495e-08	6.59406e-08	0.0295019
0.0106383	94	0.00523588	-1.71921	1.59524e-08	6.73269e-08	0.0295006
0.010627	94.1	0.00524868	-1.71921	1.5952e-08	6.83614e-08	0.0294994
0.0106157	94.2	0.00526149	-1.71921	1.59517e-08	6.91176e-08	0.0294982
0.0106045	94.3	0.00527433	-1.71921	1.59562e-08	6.96897e-08	0.029497
0.0105932	94.4	0.00528718	-1.71921	1.59702e-08	7.01716e-08	0.0294958
0.010582	94.5	0.00530003	-1.71921	1.59977e-08	7.06446e-08	0.0294946
0.0105708	94.6	0.00531287	-1.71921	1.60406e-08	7.1154e-08	0.0294934
0.0105597	94.7	0.00532573	-1.71921	1.60987e-08	7.17056e-08	0.0294921
0.0105485	94.8	0.00533857	-1.71921	1.61693e-08	7.22607e-08	0.0294909
0.0105374	94.9	0.00535143	-1.71921	1.62477e-08	7.2742e-08	0.0294897
0.0105263	95	0.00536427	-1.71921	1.6328e-08	7.30491e-08	0.0294885
0.0105152	95.1	0.00537712	-1.71921	1.64038e-08	7.30735e-08	0.0294873
0.0105042	95.2	0.00538995	-1.71921	1.64696e-08	7.27204e-08	0.029486
0.0104932	95.3	0.0054028	-1.71921	1.65215e-08	7.19265e-08	0.0294848
0.0104822	95.4	0.00541566	-1.71921	1.6558e-08	7.06719e-08	0.0294836
0.0104712	95.5	0.00542852	-1.71921	1.658e-08	6.89845e-08	0.0294823
0.0104603	95.6	0.0054414	-1.71921	1.65908e-08	6.69362e-08	0.0294811
0.0104493	95.7	0.0054543	-1.71921	1.65947e-08	6.46345e-08	0.0294799
0.0104384	95.8	0.00546721	-1.71921	1.65973e-08	6.22002e-08	0.0294787
0.0104275	95.9	0.00548014	-1.71921	1.66037e-08	5.97616e-08	0.0294774
0.0104167	96	0.0054931	-1.71921	1.66185e-08	5.74384e-08	0.0294762
0.0104058	96.1	0.00550608	-1.71921	1.66456e-08	5.53309e-08	0.029475
0.010395	96.2	0.00551909	-1.71921	1.66874e-08	5.35174e-08	0.0294737
0.0103842	96.3	0.0055321	-1.71921	1.67456e-08	5.20472e-08	0.0294725
0.0103734	96.4	0.00554515	-1.71921	1.68204e-08	5.09392e-08	0.0294712
0.0103627	96.5	0.00555822	-1.71921	1.69107e-08	5.01782e-08	0.02947
0.010352	96.6	0.00557128	-1.71921	1.70142e-08	4.97128e-08	0.0294688
0.0103413	96.7	0.00558437	-1.71921	1.71271e-08	4.94569e-08	0.0294675
0.0103306	96.8	0.00559745	-1.71921	1.72443e-08	4.92919e-08	0.0294663
0.0103199	96.9	0.00561054	-1.71921	1.73593e-08	4.90739e-08	0.029465
0.0103093	97	0.00562363	-1.71921	1.74648e-08	4.865e-08	0.0294638
0.0102987	97.1	0.00563672	-1.71921	1.7553e-08	4.78696e-08	0.0294625
0.0102881	97.2	0.00564982	-1.71921	1.76166e-08	4.66098e-08	0.0294613
0.0102775	97.3	0.0056629	-1.71921	1.76494e-08	4.47909e-08	0.0294601
0.0102669	97.4	0.00567597	-1.71921	1.76469e-08	4.23945e-08	0.0294588
0.0102564	97.5	0.00568906	-1.71921	1.76068e-08	3.94636e-08	0.0294576
0.0102459	97.6	0.00570214	-1.71921	1.75282e-08	3.61024e-08	0.0294563
0.0102354	97.7	0.00571523	-1.71921	1.74104e-08	3.2461e-08	0.029455
0.0102249	97.8	0.00572833	-1.71921	1.72518e-08	2.87082e-08	0.0294538
0.0102145	97.9	0.00574147	-1.71921	1.7049e-08	2.50107e-08	0.0294525
0.0102041	98	0.00575463	-1.71921	1.67974e-08	2.15151e-08	0.0294513
0.0101937	98.1	0.00576783	-1.71921	1.64926e-08	1.83352e-08	0.02945
0.0101833	98.2	0.00578109	-1.71921	1.61336e-08	1.5549e-08	0.0294488
0.0101729	98.3	0.00579444	-1.71921	1.57244e-08	1.32008e-08	0.0294475
0.0101626	98.4	0.00580787	-1.71921	1.52753e-08	1.13081e-08	0.0294462
0.0101523	98.5	0.00582138	-1.71921	1.48012e-08	9.85998e-09	0.029445
0.010142	98.6	0.00583501	-1.71921	1.43199e-08	8.82752e-09	0.0294437
0.0101317	98.7	0.00584873	-1.71921	1.38491e-08	8.16464e-09	0.0294425
0.0101215	98.8	0.00586254	-1.71921	1.34047e-08	7.81869e-09	0.0294412
0.0101112	98.9	0.00587642	-1.71921	1.2999e-08	7.7313e-09	0.0294399
0.010101	99	0.00589038	-1.71921	1.26404e-08	7.84582e-09	0.0294387
0.0100908	99.1	0.0059044	-1.71921	1.2334e-08	8.10897e-09	0.0294374
0.0100806	99.2	0.00591849	-1.71921	1.20819e-08	8.46923e-09	0.0294361
0.0100705	99.3	0.00593262	-1.71921	1.1884e-08	8.88136e-09	0.0294349
0.0100604	99.4	0.00594679	-1.71921	1.17388e-08	9.3049e-09	0.0294336
0.0100503	99.5	0.00596099	-1.71921	1.16438e-08	9.69922e-09	0.0294323
0.0100402	99.6	0.00597522	-1.71921	1.15956e-08	1.00325e-08	0.029431
0.0100301	99.7	0.00598948	-1.71921	1.15899e-08	1.02793e-08	0.0294298
0.01002	99.8	0.00600374	-1.71921	1.16201e-08	1.04368e-08	0.0294285
0.01001	99.9	0.00601802	-1.71921	1.16771e-08	1.05293e-08	0.0294272
0.01	100	0.00603231	-1.71921	1.17473e-08	1.06254e-08	0.0294259
