#T	β	c	e	chiz	chic	s
100	0.01	1.86547e-05	-0.126861	0.00248762	0.0024875	0.693138
50	0.02	7.49831e-05	-0.128731	0.0049505	0.00495	0.69311
33.3333	0.03	0.00016952	-0.13061	0.00738863	0.00738751	0.693063
25	0.04	0.000302787	-0.132498	0.00980201	0.00980003	0.692997
20	0.05	0.000475287	-0.134395	0.0121907	0.0121876	0.692911
16.6667	0.06	0.000687507	-0.1363	0.0145546	0.0145501	0.692807
14.2857	0.07	0.00093992	-0.138214	0.0168938	0.0168878	0.692682
12.5	0.08	0.00123298	-0.140137	0.0192083	0.0192004	0.692538
11.1111	0.09	0.00156711	-0.142067	0.0214981	0.0214882	0.692374
10	0.1	0.00194274	-0.144006	0.0237633	0.0237511	0.69219
9.09091	0.11	0.00236026	-0.145953	0.0260038	0.0259891	0.691985
8.33333	0.12	0.00282004	-0.147907	0.0282197	0.0282022	0.69176
7.69231	0.13	0.00332244	-0.149869	0.030411	0.0303906	0.691515
7.14286	0.14	0.00386778	-0.151839	0.0325778	0.0325542	0.691249
6.66667	0.15	0.00445639	-0.153816	0.03472	0.034693	0.690963
6.25	0.16	0.00508855	-0.1558	0.0368378	0.0368072	0.690655
5.88235	0.17	0.00576452	-0.157791	0.0389311	0.0388966	0.690327
5.55556	0.18	0.00648455	-0.159789	0.0410001	0.0409615	0.689977
5.26316	0.19	0.00724884	-0.161794	0.0430447	0.0430018	0.689606
5	0.2	0.0080576	-0.163805	0.045065	0.0450176	0.689214
3.33333	0.3	0.0186146	-0.184235	0.0639443	0.0638411	0.684102
2.5	0.4	0.033634	-0.205104	0.08047	0.0802928	0.676795
2	0.5	0.0528619	-0.226205	0.0947404	0.0944738	0.667298
1.66667	0.6	0.0757768	-0.247321	0.106882	0.106513	0.655686
1.42857	0.7	0.101628	-0.268233	0.117043	0.116563	0.642095
1.25	0.8	0.129499	-0.288736	0.125393	0.124795	0.626722
1.11111	0.9	0.158389	-0.308643	0.132112	0.131392	0.609807
1	1	0.187293	-0.327796	0.137387	0.136543	0.591619
0.909091	1.1	0.215278	-0.346064	0.141401	0.140434	0.572445
0.833333	1.2	0.241544	-0.363352	0.144334	0.143248	0.552572
0.769231	1.3	0.265456	-0.379596	0.146356	0.145153	0.532276
0.714286	1.4	0.286562	-0.39476	0.147619	0.146306	0.511813
0.666667	1.5	0.304586	-0.408838	0.148264	0.146845	0.49141
0.625	1.6	0.319417	-0.421842	0.148412	0.146894	0.471261
0.588235	1.7	0.331076	-0.433805	0.148169	0.146559	0.451531
0.555556	1.8	0.339694	-0.444771	0.147625	0.145929	0.43235
0.526316	1.9	0.345476	-0.454793	0.146856	0.14508	0.413816
0.5	2	0.348681	-0.463931	0.145924	0.144075	0.396004
0.47619	2.1	0.349592	-0.472248	0.14488	0.142962	0.378961
0.454545	2.2	0.348505	-0.479807	0.143765	0.141784	0.362715
0.434783	2.3	0.345712	-0.48667	0.142611	0.140572	0.34728
0.416667	2.4	0.34149	-0.492897	0.141444	0.139351	0.332651
0.4	2.5	0.336097	-0.498546	0.140284	0.13814	0.318816
0.384615	2.6	0.329766	-0.503669	0.139144	0.136953	0.305755
0.37037	2.7	0.322707	-0.508318	0.138036	0.135801	0.29344
0.357143	2.8	0.315102	-0.512537	0.136967	0.13469	0.28184
0.344828	2.9	0.30711	-0.51637	0.135942	0.133627	0.270921
0.333333	3	0.298866	-0.519853	0.134965	0.132612	0.260648
0.322581	3.1	0.290485	-0.523022	0.134036	0.131649	0.250985
0.3125	3.2	0.282061	-0.525908	0.133157	0.130737	0.241895
0.30303	3.3	0.273673	-0.52854	0.132327	0.129875	0.233344
0.294118	3.4	0.265383	-0.530942	0.131545	0.129062	0.225298
0.285714	3.5	0.257241	-0.533139	0.13081	0.128296	0.217723
0.277778	3.6	0.249288	-0.535149	0.130118	0.127576	0.210588
0.27027	3.7	0.241552	-0.536991	0.12947	0.126899	0.203864
0.263158	3.8	0.234056	-0.538683	0.128861	0.126263	0.197522
0.25641	3.9	0.226814	-0.540238	0.12829	0.125666	0.191537
0.25	4	0.219836	-0.541669	0.127755	0.125105	0.185883
0.243902	4.1	0.213128	-0.542989	0.127254	0.124589	0.180537
0.238095	4.2	0.206689	-0.544208	0.126784	0.124094	0.175479
0.232558	4.3	0.200521	-0.545336	0.126344	0.123628	0.170689
0.227273	4.4	0.194616	-0.54638	0.125931	0.12319	0.166147
0.222222	4.5	0.188971	-0.547349	0.125543	0.122777	0.161837
0.217391	4.6	0.183579	-0.548249	0.125179	0.122389	0.157743
0.212766	4.7	0.17843	-0.549086	0.124837	0.122022	0.153851
0.208333	4.8	0.173516	-0.549866	0.124515	0.121677	0.150146
0.204082	4.9	0.168828	-0.550594	0.124213	0.121351	0.146617
0.2	5	0.164356	-0.551273	0.123928	0.121042	0.143251
0.196078	5.1	0.160091	-0.55191	0.12366	0.12075	0.140039
0.192308	5.2	0.156021	-0.552506	0.123407	0.120474	0.13697
0.188679	5.3	0.152139	-0.553065	0.123168	0.120211	0.134035
0.185185	5.4	0.148434	-0.55359	0.122943	0.119963	0.131226
0.181818	5.5	0.144897	-0.554084	0.12273	0.119726	0.128535
0.178571	5.6	0.141519	-0.554549	0.122528	0.119501	0.125955
0.175439	5.7	0.138292	-0.554987	0.122337	0.119287	0.123479
0.172414	5.8	0.135208	-0.5554	0.122156	0.119083	0.121101
0.169492	5.9	0.132259	-0.555791	0.121984	0.118888	0.118815
0.166667	6	0.129436	-0.556161	0.121821	0.118702	0.116616
0.163934	6.1	0.126734	-0.556511	0.121666	0.118524	0.114499
0.16129	6.2	0.124146	-0.556843	0.121519	0.118354	0.112459
0.15873	6.3	0.121665	-0.557157	0.121378	0.118191	0.110493
0.15625	6.4	0.119285	-0.557456	0.121245	0.118035	0.108595
0.153846	6.5	0.117001	-0.55774	0.121117	0.117885	0.106764
0.151515	6.6	0.114807	-0.55801	0.120996	0.11774	0.104994
0.149254	6.7	0.112699	-0.558267	0.12088	0.117602	0.103284
0.147059	6.8	0.110672	-0.558513	0.120769	0.117468	0.101629
0.144928	6.9	0.10872	-0.558746	0.120663	0.11734	0.100028
0.142857	7	0.106841	-0.558969	0.120561	0.117216	0.098477
0.140845	7.1	0.105031	-0.559183	0.120464	0.117096	0.0969743
0.138889	7.2	0.103285	-0.559386	0.120371	0.11698	0.0955176
0.136986	7.3	0.101601	-0.559581	0.120282	0.116869	0.0941046
0.135135	7.4	0.0999744	-0.559768	0.120197	0.116761	0.0927334
0.133333	7.5	0.0984033	-0.559947	0.120115	0.116656	0.091402
0.131579	7.6	0.0968846	-0.560118	0.120036	0.116555	0.0901087
0.12987	7.7	0.0954156	-0.560282	0.11996	0.116457	0.0888519
0.128205	7.8	0.093994	-0.56044	0.119887	0.116361	0.0876299
0.126582	7.9	0.0926173	-0.560591	0.119818	0.116269	0.0864413
0.125	8	0.0912835	-0.560737	0.11975	0.116179	0.0852847
0.123457	8.1	0.0899904	-0.560877	0.119686	0.116091	0.0841588
0.121951	8.2	0.0887361	-0.561011	0.119623	0.116006	0.0830623
0.120482	8.3	0.087519	-0.561141	0.119563	0.115923	0.0819941
0.119048	8.4	0.0863372	-0.561265	0.119505	0.115843	0.080953
0.117647	8.5	0.0851892	-0.561385	0.11945	0.115764	0.0799381
0.116279	8.6	0.0840734	-0.561501	0.119396	0.115687	0.0789483
0.114943	8.7	0.0829886	-0.561613	0.119344	0.115613	0.0779826
0.113636	8.8	0.0819332	-0.561721	0.119294	0.115539	0.0770402
0.11236	8.9	0.0809062	-0.561825	0.119246	0.115468	0.0761202
0.111111	9	0.0799063	-0.561925	0.119199	0.115398	0.0752218
0.10989	9.1	0.0789323	-0.562022	0.119154	0.115329	0.0743443
0.108696	9.2	0.0779833	-0.562116	0.119111	0.115262	0.0734868
0.107527	9.3	0.0770583	-0.562206	0.119069	0.115197	0.0726487
0.106383	9.4	0.0761562	-0.562294	0.119028	0.115132	0.0718294
0.105263	9.5	0.0752763	-0.562379	0.118989	0.115069	0.0710282
0.104167	9.6	0.0744176	-0.562461	0.118951	0.115007	0.0702445
0.103093	9.7	0.0735793	-0.56254	0.118915	0.114946	0.0694776
0.102041	9.8	0.0727608	-0.562617	0.11888	0.114886	0.0687272
0.10101	9.9	0.0719612	-0.562692	0.118845	0.114827	0.0679926
0.1	10	0.0711799	-0.562764	0.118812	0.114769	0.0672733
0.0990099	10.1	0.0704163	-0.562834	0.11878	0.114712	0.0665688
0.0980392	10.2	0.0696697	-0.562902	0.118749	0.114655	0.0658787
0.0970874	10.3	0.0689395	-0.562968	0.11872	0.1146	0.0652026
0.0961538	10.4	0.0682251	-0.563032	0.118691	0.114545	0.06454
0.0952381	10.5	0.0675261	-0.563094	0.118663	0.11449	0.0638904
0.0943396	10.6	0.0668419	-0.563155	0.118636	0.114437	0.0632536
0.0934579	10.7	0.066172	-0.563213	0.118609	0.114384	0.0626291
0.0925926	10.8	0.065516	-0.56327	0.118584	0.114331	0.0620166
0.0917431	10.9	0.0648734	-0.563326	0.11856	0.114279	0.0614158
0.0909091	11	0.0642439	-0.563379	0.118536	0.114228	0.0608262
0.0900901	11.1	0.0636269	-0.563432	0.118513	0.114177	0.0602476
0.0892857	11.2	0.0630221	-0.563483	0.118491	0.114126	0.0596797
0.0884956	11.3	0.0624291	-0.563532	0.118469	0.114076	0.0591221
0.0877193	11.4	0.0618476	-0.563581	0.118449	0.114026	0.0585746
0.0869565	11.5	0.0612772	-0.563627	0.118428	0.113976	0.058037
0.0862069	11.6	0.0607176	-0.563673	0.118409	0.113927	0.0575088
0.0854701	11.7	0.0601685	-0.563718	0.11839	0.113878	0.05699
0.0847458	11.8	0.0596296	-0.563761	0.118372	0.113829	0.0564802
0.0840336	11.9	0.0591006	-0.563803	0.118355	0.11378	0.0559793
0.0833333	12	0.0585812	-0.563845	0.118338	0.113732	0.0554869
0.0826446	12.1	0.0580712	-0.563885	0.118321	0.113684	0.0550028
0.0819672	12.2	0.0575702	-0.563924	0.118305	0.113635	0.054527
0.0813008	12.3	0.0570781	-0.563962	0.11829	0.113587	0.054059
0.0806452	12.4	0.0565945	-0.563999	0.118275	0.113539	0.0535988
0.08	12.5	0.0561194	-0.564036	0.118261	0.113491	0.0531461
0.0793651	12.6	0.0556524	-0.564071	0.118247	0.113443	0.0527008
0.0787402	12.7	0.0551933	-0.564106	0.118234	0.113395	0.0522627
0.078125	12.8	0.0547419	-0.56414	0.118221	0.113347	0.0518316
0.0775194	12.9	0.0542981	-0.564173	0.118209	0.113299	0.0514073
0.0769231	13	0.0538616	-0.564205	0.118197	0.11325	0.0509897
0.0763359	13.1	0.0534323	-0.564236	0.118186	0.113202	0.0505786
0.0757576	13.2	0.05301	-0.564267	0.118174	0.113154	0.0501739
0.075188	13.3	0.0525944	-0.564297	0.118164	0.113105	0.0497754
0.0746269	13.4	0.0521855	-0.564327	0.118154	0.113057	0.0493829
0.0740741	13.5	0.0517831	-0.564355	0.118144	0.113008	0.0489964
0.0735294	13.6	0.0513869	-0.564384	0.118134	0.112959	0.0486157
0.0729927	13.7	0.050997	-0.564411	0.118125	0.11291	0.0482407
0.0724638	13.8	0.0506131	-0.564438	0.118116	0.11286	0.0478712
0.0719424	13.9	0.050235	-0.564464	0.118108	0.112811	0.0475071
0.0714286	14	0.0498627	-0.56449	0.1181	0.112761	0.0471484
0.070922	14.1	0.049496	-0.564515	0.118092	0.112711	0.0467948
0.0704225	14.2	0.0491348	-0.56454	0.118085	0.112661	0.0464463
0.0699301	14.3	0.0487789	-0.564564	0.118077	0.11261	0.0461027
0.0694444	14.4	0.0484283	-0.564587	0.118071	0.11256	0.045764
0.0689655	14.5	0.0480828	-0.564611	0.118064	0.112509	0.0454301
0.0684932	14.6	0.0477423	-0.564633	0.118058	0.112457	0.0451008
0.0680272	14.7	0.0474067	-0.564655	0.118052	0.112406	0.044776
0.0675676	14.8	0.0470759	-0.564677	0.118046	0.112354	0.0444557
0.0671141	14.9	0.0467498	-0.564698	0.118041	0.112301	0.0441398
0.0666667	15	0.0464283	-0.564719	0.118036	0.112249	0.0438282
0.0662252	15.1	0.0461112	-0.56474	0.118031	0.112196	0.0435208
0.0657895	15.2	0.0457986	-0.56476	0.118026	0.112142	0.0432174
0.0653595	15.3	0.0454902	-0.564779	0.118022	0.112089	0.0429181
0.0649351	15.4	0.045186	-0.564798	0.118018	0.112035	0.0426228
0.0645161	15.5	0.044886	-0.564817	0.118014	0.111981	0.0423313
0.0641026	15.6	0.04459	-0.564836	0.11801	0.111926	0.0420436
0.0636943	15.7	0.044298	-0.564854	0.118007	0.111871	0.0417596
0.0632911	15.8	0.0440098	-0.564872	0.118004	0.111815	0.0414792
0.0628931	15.9	0.0437254	-0.564889	0.118001	0.11176	0.0412025
0.0625	16	0.0434448	-0.564906	0.117998	0.111703	0.0409292
0.0621118	16.1	0.0431678	-0.564923	0.117995	0.111647	0.0406594
0.0617284	16.2	0.0428944	-0.56494	0.117993	0.11159	0.0403929
0.0613497	16.3	0.0426245	-0.564956	0.11799	0.111533	0.0401298
0.0609756	16.4	0.042358	-0.564972	0.117988	0.111475	0.0398699
0.0606061	16.5	0.0420949	-0.564987	0.117986	0.111417	0.0396132
0.060241	16.6	0.0418351	-0.565003	0.117985	0.111358	0.0393597
0.0598802	16.7	0.0415786	-0.565018	0.117983	0.111299	0.0391092
0.0595238	16.8	0.0413253	-0.565033	0.117982	0.11124	0.0388617
0.0591716	16.9	0.041075	-0.565047	0.117981	0.111181	0.0386172
0.0588235	17	0.0408279	-0.565061	0.117979	0.111121	0.0383756
0.0584795	17.1	0.0405837	-0.565075	0.117979	0.11106	0.0381368
0.0581395	17.2	0.0403425	-0.565089	0.117978	0.110999	0.0379009
0.0578035	17.3	0.0401042	-0.565103	0.117977	0.110938	0.0376677
0.0574713	17.4	0.0398688	-0.565116	0.117977	0.110876	0.0374372
0.0571429	17.5	0.0396362	-0.565129	0.117976	0.110814	0.0372094
0.0568182	17.6	0.0394063	-0.565142	0.117976	0.110752	0.0369842
0.0564972	17.7	0.0391791	-0.565154	0.117976	0.110689	0.0367616
0.0561798	17.8	0.0389545	-0.565167	0.117976	0.110626	0.0365415
0.0558659	17.9	0.0387326	-0.565179	0.117976	0.110562	0.0363239
0.0555556	18	0.0385132	-0.565191	0.117976	0.110498	0.0361088
0.0552486	18.1	0.0382964	-0.565203	0.117976	0.110434	0.035896
0.0549451	18.2	0.038082	-0.565214	0.117977	0.110369	0.0356856
0.0546448	18.3	0.03787	-0.565226	0.117977	0.110304	0.0354775
0.0543478	18.4	0.0376605	-0.565237	0.117978	0.110239	0.0352717
0.0540541	18.5	0.0374533	-0.565248	0.117978	0.110173	0.0350681
0.0537634	18.6	0.0372484	-0.565259	0.117979	0.110107	0.0348668
0.0534759	18.7	0.0370457	-0.565269	0.11798	0.11004	0.0346676
0.0531915	18.8	0.0368454	-0.56528	0.117981	0.109973	0.0344705
0.0529101	18.9	0.0366472	-0.56529	0.117982	0.109906	0.0342756
0.0526316	19	0.0364511	-0.565301	0.117983	0.109838	0.0340827
0.052356	19.1	0.0362572	-0.565311	0.117984	0.10977	0.0338919
0.0520833	19.2	0.0360654	-0.56532	0.117985	0.109702	0.0337031
0.0518135	19.3	0.0358756	-0.56533	0.117986	0.109633	0.0335162
0.0515464	19.4	0.0356879	-0.56534	0.117987	0.109564	0.0333313
0.0512821	19.5	0.0355022	-0.565349	0.117988	0.109495	0.0331483
0.0510204	19.6	0.0353184	-0.565358	0.11799	0.109425	0.0329672
0.0507614	19.7	0.0351366	-0.565367	0.117991	0.109355	0.0327879
0.0505051	19.8	0.0349566	-0.565376	0.117992	0.109285	0.0326104
0.0502513	19.9	0.0347786	-0.565385	0.117993	0.109214	0.0324348
0.05	20	0.0346024	-0.565394	0.117995	0.109143	0.0322609
0.0497512	20.1	0.034428	-0.565403	0.117996	0.109072	0.0320888
0.049505	20.2	0.0342553	-0.565411	0.117997	0.109	0.0319183
0.0492611	20.3	0.0340845	-0.565419	0.117999	0.108928	0.0317496
0.0490196	20.4	0.0339154	-0.565428	0.118	0.108856	0.0315825
0.0487805	20.5	0.033748	-0.565436	0.118002	0.108783	0.0314171
0.0485437	20.6	0.0335822	-0.565444	0.118003	0.10871	0.0312533
0.0483092	20.7	0.0334182	-0.565452	0.118004	0.108637	0.031091
0.0480769	20.8	0.0332558	-0.565459	0.118005	0.108564	0.0309304
0.0478469	20.9	0.033095	-0.565467	0.118007	0.10849	0.0307713
0.047619	21	0.0329357	-0.565474	0.118008	0.108416	0.0306137
0.0473934	21.1	0.0327781	-0.565482	0.118009	0.108342	0.0304576
0.0471698	21.2	0.032622	-0.565489	0.11801	0.108267	0.030303
0.0469484	21.3	0.0324674	-0.565496	0.118012	0.108192	0.0301498
0.046729	21.4	0.0323143	-0.565503	0.118013	0.108117	0.0299981
0.0465116	21.5	0.0321627	-0.56551	0.118014	0.108042	0.0298478
0.0462963	21.6	0.0320125	-0.565517	0.118015	0.107967	0.0296989
0.0460829	21.7	0.0318638	-0.565524	0.118015	0.107891	0.0295514
0.0458716	21.8	0.0317165	-0.565531	0.118016	0.107815	0.0294052
0.0456621	21.9	0.0315706	-0.565538	0.118017	0.107738	0.0292604
0.0454545	22	0.0314261	-0.565544	0.118018	0.107662	0.0291169
0.0452489	22.1	0.031283	-0.565551	0.118018	0.107585	0.0289747
0.045045	22.2	0.0311412	-0.565557	0.118019	0.107508	0.0288338
0.044843	22.3	0.0310007	-0.565563	0.118019	0.107431	0.0286942
0.0446429	22.4	0.0308615	-0.565569	0.11802	0.107354	0.0285558
0.0444444	22.5	0.0307236	-0.565575	0.11802	0.107276	0.0284186
0.0442478	22.6	0.030587	-0.565581	0.11802	0.107198	0.0282827
0.0440529	22.7	0.0304517	-0.565587	0.11802	0.10712	0.0281479
0.0438596	22.8	0.0303176	-0.565593	0.11802	0.107042	0.0280144
0.0436681	22.9	0.0301847	-0.565599	0.11802	0.106964	0.027882
0.0434783	23	0.030053	-0.565605	0.118019	0.106885	0.0277508
0.04329	23.1	0.0299226	-0.56561	0.118019	0.106806	0.0276207
0.0431034	23.2	0.0297933	-0.565616	0.118018	0.106727	0.0274917
0.0429185	23.3	0.0296652	-0.565622	0.118018	0.106648	0.0273638
0.042735	23.4	0.0295382	-0.565627	0.118017	0.106569	0.0272371
0.0425532	23.5	0.0294124	-0.565632	0.118016	0.106489	0.0271114
0.0423729	23.6	0.0292876	-0.565638	0.118015	0.106409	0.0269867
0.0421941	23.7	0.029164	-0.565643	0.118013	0.10633	0.0268632
0.0420168	23.8	0.0290415	-0.565648	0.118012	0.10625	0.0267406
0.041841	23.9	0.0289201	-0.565653	0.11801	0.106169	0.0266191
0.0416667	24	0.0287998	-0.565658	0.118008	0.106089	0.0264986
0.0414938	24.1	0.0286805	-0.565663	0.118006	0.106009	0.0263791
0.0413223	24.2	0.0285622	-0.565668	0.118004	0.105928	0.0262606
0.0411523	24.3	0.028445	-0.565673	0.118002	0.105847	0.0261431
0.0409836	24.4	0.0283288	-0.565678	0.117999	0.105766	0.0260265
0.0408163	24.5	0.0282136	-0.565682	0.117996	0.105685	0.0259109
0.0406504	24.6	0.0280994	-0.565687	0.117993	0.105604	0.0257962
0.0404858	24.7	0.0279862	-0.565692	0.11799	0.105522	0.0256824
0.0403226	24.8	0.027874	-0.565696	0.117987	0.105441	0.0255696
0.0401606	24.9	0.0277627	-0.565701	0.117983	0.105359	0.0254576
0.04	25	0.0276524	-0.565705	0.117979	0.105277	0.0253466
0.0398406	25.1	0.027543	-0.56571	0.117975	0.105195	0.0252364
0.0396825	25.2	0.0274346	-0.565714	0.117971	0.105113	0.0251271
0.0395257	25.3	0.027327	-0.565718	0.117966	0.105031	0.0250187
0.0393701	25.4	0.0272204	-0.565722	0.117961	0.104949	0.0249111
0.0392157	25.5	0.0271147	-0.565727	0.117956	0.104866	0.0248044
0.0390625	25.6	0.0270099	-0.565731	0.117951	0.104784	0.0246985
0.0389105	25.7	0.0269059	-0.565735	0.117946	0.104701	0.0245934
0.0387597	25.8	0.0268029	-0.565739	0.11794	0.104618	0.0244891
0.03861	25.9	0.0267007	-0.565743	0.117934	0.104535	0.0243856
0.0384615	26	0.0265993	-0.565747	0.117928	0.104452	0.0242829
0.0383142	26.1	0.0264988	-0.565751	0.117921	0.104369	0.024181
0.0381679	26.2	0.0263991	-0.565755	0.117914	0.104286	0.0240799
0.0380228	26.3	0.0263003	-0.565758	0.117907	0.104203	0.0239795
0.0378788	26.4	0.0262023	-0.565762	0.1179	0.104119	0.0238799
0.0377358	26.5	0.0261051	-0.565766	0.117892	0.104035	0.023781
0.037594	26.6	0.0260086	-0.56577	0.117884	0.103952	0.0236829
0.0374532	26.7	0.025913	-0.565773	0.117875	0.103868	0.0235855
0.0373134	26.8	0.0258182	-0.565777	0.117867	0.103784	0.0234888
0.0371747	26.9	0.0257241	-0.565781	0.117858	0.1037	0.0233928
0.037037	27	0.0256308	-0.565784	0.117849	0.103616	0.0232975
0.0369004	27.1	0.0255383	-0.565788	0.117839	0.103532	0.023203
0.0367647	27.2	0.0254465	-0.565791	0.117829	0.103448	0.0231091
0.03663	27.3	0.0253555	-0.565794	0.117819	0.103363	0.0230159
0.0364964	27.4	0.0252652	-0.565798	0.117808	0.103279	0.0229234
0.0363636	27.5	0.0251757	-0.565801	0.117797	0.103194	0.0228315
0.0362319	27.6	0.0250868	-0.565805	0.117786	0.10311	0.0227403
0.0361011	27.7	0.0249987	-0.565808	0.117775	0.103025	0.0226497
0.0359712	27.8	0.0249113	-0.565811	0.117763	0.10294	0.0225598
0.0358423	27.9	0.0248246	-0.565814	0.11775	0.102855	0.0224705
0.0357143	28	0.0247387	-0.565817	0.117738	0.10277	0.0223819
0.0355872	28.1	0.0246534	-0.565821	0.117725	0.102685	0.0222938
0.035461	28.2	0.0245687	-0.565824	0.117711	0.1026	0.0222064
0.0353357	28.3	0.0244848	-0.565827	0.117698	0.102514	0.0221196
0.0352113	28.4	0.0244015	-0.56583	0.117684	0.102429	0.0220334
0.0350877	28.5	0.0243189	-0.565833	0.117669	0.102344	0.0219478
0.034965	28.6	0.024237	-0.565836	0.117654	0.102258	0.0218628
0.0348432	28.7	0.0241557	-0.565839	0.117639	0.102172	0.0217783
0.0347222	28.8	0.0240751	-0.565842	0.117623	0.102087	0.0216945
0.0346021	28.9	0.0239951	-0.565844	0.117607	0.102001	0.0216112
0.0344828	29	0.0239157	-0.565847	0.117591	0.101915	0.0215284
0.0343643	29.1	0.023837	-0.56585	0.117574	0.101829	0.0214463
0.0342466	29.2	0.0237589	-0.565853	0.117557	0.101743	0.0213646
0.0341297	29.3	0.0236814	-0.565856	0.117539	0.101657	0.0212836
0.0340136	29.4	0.0236045	-0.565858	0.117521	0.10157	0.021203
0.0338983	29.5	0.0235282	-0.565861	0.117502	0.101484	0.021123
0.0337838	29.6	0.0234526	-0.565864	0.117483	0.101398	0.0210435
0.03367	29.7	0.0233775	-0.565867	0.117464	0.101311	0.0209646
0.033557	29.8	0.023303	-0.565869	0.117444	0.101224	0.0208862
0.0334448	29.9	0.0232291	-0.565872	0.117424	0.101138	0.0208082
0.0333333	30	0.0231558	-0.565874	0.117403	0.101051	0.0207308
0.0332226	30.1	0.0230831	-0.565877	0.117382	0.100964	0.0206539
0.0331126	30.2	0.023011	-0.565879	0.11736	0.100877	0.0205775
0.0330033	30.3	0.0229394	-0.565882	0.117338	0.10079	0.0205015
0.0328947	30.4	0.0228683	-0.565884	0.117316	0.100703	0.0204261
0.0327869	30.5	0.0227979	-0.565887	0.117293	0.100615	0.0203511
0.0326797	30.6	0.022728	-0.565889	0.11727	0.100528	0.0202766
0.0325733	30.7	0.0226586	-0.565892	0.117246	0.10044	0.0202026
0.0324675	30.8	0.0225898	-0.565894	0.117221	0.100353	0.0201291
0.0323625	30.9	0.0225215	-0.565897	0.117197	0.100265	0.020056
0.0322581	31	0.0224537	-0.565899	0.117171	0.100177	0.0199834
0.0321543	31.1	0.0223865	-0.565901	0.117146	0.10009	0.0199112
0.0320513	31.2	0.0223198	-0.565904	0.117119	0.100002	0.0198394
0.0319489	31.3	0.0222536	-0.565906	0.117093	0.0999135	0.0197682
0.0318471	31.4	0.022188	-0.565908	0.117065	0.0998253	0.0196973
0.031746	31.5	0.0221228	-0.56591	0.117038	0.099737	0.0196269
0.0316456	31.6	0.0220582	-0.565913	0.11701	0.0996486	0.0195569
0.0315457	31.7	0.021994	-0.565915	0.116981	0.0995601	0.0194873
0.0314465	31.8	0.0219304	-0.565917	0.116952	0.0994715	0.0194182
0.031348	31.9	0.0218673	-0.565919	0.116922	0.0993828	0.0193495
0.03125	32	0.0218046	-0.565921	0.116892	0.099294	0.0192811
0.0311526	32.1	0.0217424	-0.565923	0.116861	0.0992051	0.0192132
0.0310559	32.2	0.0216808	-0.565925	0.11683	0.099116	0.0191457
0.0309598	32.3	0.0216196	-0.565928	0.116798	0.0990269	0.0190786
0.0308642	32.4	0.0215589	-0.56593	0.116766	0.0989376	0.0190119
0.0307692	32.5	0.0214986	-0.565932	0.116734	0.0988483	0.0189456
0.0306748	32.6	0.0214388	-0.565934	0.1167	0.0987588	0.0188797
0.030581	32.7	0.0213795	-0.565936	0.116667	0.0986692	0.0188142
0.0304878	32.8	0.0213207	-0.565938	0.116632	0.0985794	0.018749
0.0303951	32.9	0.0212623	-0.56594	0.116597	0.0984896	0.0186842
0.030303	33	0.0212043	-0.565942	0.116562	0.0983996	0.0186198
0.0302115	33.1	0.0211468	-0.565943	0.116526	0.0983096	0.0185558
0.0301205	33.2	0.0210898	-0.565945	0.11649	0.0982194	0.0184921
0.03003	33.3	0.0210332	-0.565947	0.116453	0.098129	0.0184288
0.0299401	33.4	0.020977	-0.565949	0.116415	0.0980386	0.0183659
0.0298507	33.5	0.0209213	-0.565951	0.116377	0.097948	0.0183033
0.0297619	33.6	0.020866	-0.565953	0.116339	0.0978573	0.0182411
0.0296736	33.7	0.0208111	-0.565955	0.1163	0.0977665	0.0181792
0.0295858	33.8	0.0207567	-0.565957	0.11626	0.0976755	0.0181176
0.0294985	33.9	0.0207026	-0.565958	0.11622	0.0975845	0.0180564
0.0294118	34	0.020649	-0.56596	0.116179	0.0974932	0.0179956
0.0293255	34.1	0.0205958	-0.565962	0.116138	0.0974019	0.0179351
0.0292398	34.2	0.0205431	-0.565964	0.116096	0.0973104	0.0178749
0.0291545	34.3	0.0204907	-0.565965	0.116054	0.0972188	0.017815
0.0290698	34.4	0.0204387	-0.565967	0.116011	0.0971271	0.0177555
0.0289855	34.5	0.0203872	-0.565969	0.115967	0.0970352	0.0176963
0.0289017	34.6	0.020336	-0.565971	0.115923	0.0969431	0.0176374
0.0288184	34.7	0.0202853	-0.565972	0.115878	0.096851	0.0175788
0.0287356	34.8	0.0202349	-0.565974	0.115833	0.0967587	0.0175206
0.0286533	34.9	0.0201849	-0.565976	0.115787	0.0966662	0.0174626
0.0285714	35	0.0201353	-0.565977	0.115741	0.0965736	0.017405
0.02849	35.1	0.0200861	-0.565979	0.115694	0.0964809	0.0173477
0.0284091	35.2	0.0200373	-0.565981	0.115647	0.096388	0.0172907
0.0283286	35.3	0.0199889	-0.565982	0.115599	0.096295	0.0172339
0.0282486	35.4	0.0199408	-0.565984	0.11555	0.0962018	0.0171775
0.028169	35.5	0.0198931	-0.565985	0.115501	0.0961085	0.0171214
0.0280899	35.6	0.0198458	-0.565987	0.115451	0.096015	0.0170656
0.0280112	35.7	0.0197988	-0.565988	0.115401	0.0959214	0.01701
0.027933	35.8	0.0197522	-0.56599	0.11535	0.0958276	0.0169548
0.0278552	35.9	0.019706	-0.565992	0.115298	0.0957337	0.0168998
0.0277778	36	0.0196601	-0.565993	0.115246	0.0956396	0.0168451
0.0277008	36.1	0.0196146	-0.565995	0.115194	0.0955454	0.0167907
0.0276243	36.2	0.0195694	-0.565996	0.11514	0.095451	0.0167366
0.0275482	36.3	0.0195246	-0.565998	0.115087	0.0953564	0.0166827
0.0274725	36.4	0.0194801	-0.565999	0.115032	0.0952617	0.0166291
0.0273973	36.5	0.019436	-0.566001	0.114977	0.0951668	0.0165758
0.0273224	36.6	0.0193922	-0.566002	0.114922	0.0950718	0.0165228
0.027248	36.7	0.0193488	-0.566003	0.114866	0.0949766	0.01647
0.0271739	36.8	0.0193057	-0.566005	0.114809	0.0948813	0.0164175
0.0271003	36.9	0.0192629	-0.566006	0.114751	0.0947858	0.0163652
0.027027	37	0.0192204	-0.566008	0.114694	0.0946901	0.0163132
0.0269542	37.1	0.0191783	-0.566009	0.114635	0.0945942	0.0162615
0.0268817	37.2	0.0191365	-0.56601	0.114576	0.0944982	0.01621
0.0268097	37.3	0.0190951	-0.566012	0.114516	0.094402	0.0161587
0.026738	37.4	0.0190539	-0.566013	0.114456	0.0943057	0.0161078
0.0266667	37.5	0.0190131	-0.566015	0.114395	0.0942092	0.016057
0.0265957	37.6	0.0189726	-0.566016	0.114334	0.0941125	0.0160065
0.0265252	37.7	0.0189324	-0.566017	0.114272	0.0940156	0.0159563
0.026455	37.8	0.0188925	-0.566019	0.114209	0.0939186	0.0159062
0.0263852	37.9	0.0188529	-0.56602	0.114146	0.0938214	0.0158565
0.0263158	38	0.0188137	-0.566021	0.114082	0.093724	0.0158069
0.0262467	38.1	0.0187747	-0.566022	0.114018	0.0936265	0.0157576
0.026178	38.2	0.018736	-0.566024	0.113953	0.0935287	0.0157085
0.0261097	38.3	0.0186977	-0.566025	0.113887	0.0934309	0.0156597
0.0260417	38.4	0.0186596	-0.566026	0.113821	0.0933328	0.0156111
0.025974	38.5	0.0186218	-0.566028	0.113755	0.0932345	0.0155627
0.0259067	38.6	0.0185843	-0.566029	0.113687	0.0931361	0.0155145
0.0258398	38.7	0.0185471	-0.56603	0.113619	0.0930375	0.0154666
0.0257732	38.8	0.0185102	-0.566031	0.113551	0.0929387	0.0154189
0.0257069	38.9	0.0184736	-0.566033	0.113482	0.0928397	0.0153714
0.025641	39	0.0184373	-0.566034	0.113412	0.0927406	0.0153241
0.0255754	39.1	0.0184012	-0.566035	0.113342	0.0926413	0.015277
0.0255102	39.2	0.0183654	-0.566036	0.113271	0.0925417	0.0152302
0.0254453	39.3	0.0183299	-0.566037	0.1132	0.0924421	0.0151835
0.0253807	39.4	0.0182947	-0.566038	0.113127	0.0923422	0.0151371
0.0253165	39.5	0.0182598	-0.56604	0.113055	0.0922421	0.0150909
0.0252525	39.6	0.0182251	-0.566041	0.112982	0.0921419	0.0150449
0.0251889	39.7	0.0181906	-0.566042	0.112908	0.0920415	0.0149991
0.0251256	39.8	0.0181565	-0.566043	0.112834	0.0919409	0.0149535
0.0250627	39.9	0.0181226	-0.566044	0.112759	0.0918401	0.0149081
0.025	40	0.018089	-0.566045	0.112683	0.0917391	0.0148629
0.0249377	40.1	0.0180556	-0.566047	0.112607	0.0916379	0.0148178
0.0248756	40.2	0.0180225	-0.566048	0.11253	0.0915366	0.014773
0.0248139	40.3	0.0179896	-0.566049	0.112453	0.091435	0.0147284
0.0247525	40.4	0.017957	-0.56605	0.112375	0.0913333	0.014684
0.0246914	40.5	0.0179247	-0.566051	0.112297	0.0912314	0.0146398
0.0246305	40.6	0.0178926	-0.566052	0.112218	0.0911293	0.0145957
0.02457	40.7	0.0178607	-0.566053	0.112138	0.091027	0.0145519
0.0245098	40.8	0.0178291	-0.566054	0.112058	0.0909245	0.0145082
0.0244499	40.9	0.0177977	-0.566055	0.111977	0.0908218	0.0144647
0.0243902	41	0.0177666	-0.566056	0.111896	0.090719	0.0144215
0.0243309	41.1	0.0177357	-0.566057	0.111814	0.0906159	0.0143783
0.0242718	41.2	0.017705	-0.566058	0.111731	0.0905127	0.0143354
0.0242131	41.3	0.0176746	-0.566059	0.111648	0.0904092	0.0142927
0.0241546	41.4	0.0176444	-0.56606	0.111565	0.0903056	0.0142501
0.0240964	41.5	0.0176145	-0.566061	0.11148	0.0902018	0.0142077
0.0240385	41.6	0.0175847	-0.566062	0.111396	0.0900978	0.0141655
0.0239808	41.7	0.0175552	-0.566064	0.11131	0.0899936	0.0141235
0.0239234	41.8	0.0175259	-0.566065	0.111224	0.0898892	0.0140816
0.0238663	41.9	0.0174969	-0.566066	0.111138	0.0897847	0.0140399
0.0238095	42	0.0174681	-0.566066	0.111051	0.0896799	0.0139984
0.023753	42.1	0.0174394	-0.566067	0.110963	0.0895749	0.013957
0.0236967	42.2	0.017411	-0.566068	0.110875	0.0894698	0.0139158
0.0236407	42.3	0.0173829	-0.566069	0.110786	0.0893644	0.0138748
0.0235849	42.4	0.0173549	-0.56607	0.110697	0.0892589	0.013834
0.0235294	42.5	0.0173272	-0.566071	0.110607	0.0891532	0.0137933
0.0234742	42.6	0.0172996	-0.566072	0.110517	0.0890473	0.0137527
0.0234192	42.7	0.0172723	-0.566073	0.110426	0.0889412	0.0137124
0.0233645	42.8	0.0172451	-0.566074	0.110334	0.0888349	0.0136722
0.02331	42.9	0.0172182	-0.566075	0.110242	0.0887284	0.0136321
0.0232558	43	0.0171915	-0.566076	0.110149	0.0886217	0.0135922
0.0232019	43.1	0.017165	-0.566077	0.110056	0.0885148	0.0135525
0.0231481	43.2	0.0171387	-0.566078	0.109963	0.0884077	0.0135129
0.0230947	43.3	0.0171126	-0.566079	0.109868	0.0883005	0.0134735
0.0230415	43.4	0.0170866	-0.56608	0.109773	0.088193	0.0134343
0.0229885	43.5	0.0170609	-0.566081	0.109678	0.0880854	0.0133951
0.0229358	43.6	0.0170354	-0.566082	0.109582	0.0879776	0.0133562
0.0228833	43.7	0.01701	-0.566082	0.109486	0.0878696	0.0133174
0.0228311	43.8	0.0169849	-0.566083	0.109389	0.0877614	0.0132787
0.022779	43.9	0.0169599	-0.566084	0.109291	0.087653	0.0132402
0.0227273	44	0.0169351	-0.566085	0.109193	0.0875444	0.0132018
0.0226757	44.1	0.0169105	-0.566086	0.109095	0.0874356	0.0131636
0.0226244	44.2	0.0168861	-0.566087	0.108995	0.0873266	0.0131255
0.0225734	44.3	0.0168619	-0.566088	0.108896	0.0872175	0.0130876
0.0225225	44.4	0.0168378	-0.566088	0.108796	0.0871081	0.0130498
0.0224719	44.5	0.016814	-0.566089	0.108695	0.0869986	0.0130121
0.0224215	44.6	0.0167903	-0.56609	0.108594	0.0868889	0.0129746
0.0223714	44.7	0.0167668	-0.566091	0.108492	0.086779	0.0129373
0.0223214	44.8	0.0167434	-0.566092	0.10839	0.0866689	0.0129
0.0222717	44.9	0.0167202	-0.566093	0.108287	0.0865586	0.0128629
0.0222222	45	0.0166972	-0.566093	0.108184	0.0864481	0.012826
0.0221729	45.1	0.0166744	-0.566094	0.10808	0.0863375	0.0127892
0.0221239	45.2	0.0166517	-0.566095	0.107975	0.0862266	0.0127525
0.0220751	45.3	0.0166292	-0.566096	0.107871	0.0861156	0.0127159
0.0220264	45.4	0.0166069	-0.566097	0.107765	0.0860044	0.0126795
0.021978	45.5	0.0165847	-0.566098	0.107659	0.085893	0.0126432
0.0219298	45.6	0.0165627	-0.566098	0.107553	0.0857814	0.0126071
0.0218818	45.7	0.0165409	-0.566099	0.107446	0.0856696	0.012571
0.0218341	45.8	0.0165192	-0.5661	0.107339	0.0855577	0.0125351
0.0217865	45.9	0.0164976	-0.566101	0.107231	0.0854456	0.0124994
0.0217391	46	0.0164763	-0.566101	0.107123	0.0853333	0.0124637
0.021692	46.1	0.016455	-0.566102	0.107014	0.0852208	0.0124282
0.021645	46.2	0.016434	-0.566103	0.106904	0.0851081	0.0123928
0.0215983	46.3	0.016413	-0.566104	0.106795	0.0849952	0.0123576
0.0215517	46.4	0.0163923	-0.566104	0.106684	0.0848822	0.0123224
0.0215054	46.5	0.0163716	-0.566105	0.106573	0.084769	0.0122874
0.0214592	46.6	0.0163512	-0.566106	0.106462	0.0846556	0.0122525
0.0214133	46.7	0.0163308	-0.566107	0.10635	0.0845421	0.0122177
0.0213675	46.8	0.0163107	-0.566107	0.106238	0.0844283	0.0121831
0.021322	46.9	0.0162906	-0.566108	0.106125	0.0843144	0.0121486
0.0212766	47	0.0162707	-0.566109	0.106012	0.0842003	0.0121142
0.0212314	47.1	0.016251	-0.56611	0.105899	0.084086	0.0120799
0.0211864	47.2	0.0162313	-0.56611	0.105785	0.0839716	0.0120457
0.0211416	47.3	0.0162119	-0.566111	0.10567	0.083857	0.0120116
0.021097	47.4	0.0161925	-0.566112	0.105555	0.0837422	0.0119777
0.0210526	47.5	0.0161733	-0.566113	0.105439	0.0836272	0.0119439
0.0210084	47.6	0.0161542	-0.566113	0.105323	0.0835121	0.0119102
0.0209644	47.7	0.0161353	-0.566114	0.105207	0.0833968	0.0118766
0.0209205	47.8	0.0161165	-0.566115	0.10509	0.0832813	0.0118431
0.0208768	47.9	0.0160978	-0.566115	0.104973	0.0831657	0.0118097
0.0208333	48	0.0160792	-0.566116	0.104855	0.0830499	0.0117764
0.02079	48.1	0.0160608	-0.566117	0.104737	0.0829339	0.0117433
0.0207469	48.2	0.0160425	-0.566117	0.104618	0.0828178	0.0117103
0.0207039	48.3	0.0160243	-0.566118	0.104499	0.0827015	0.0116773
0.0206612	48.4	0.0160063	-0.566119	0.104379	0.082585	0.0116445
0.0206186	48.5	0.0159884	-0.566119	0.104259	0.0824684	0.0116118
0.0205761	48.6	0.0159706	-0.56612	0.104139	0.0823516	0.0115792
0.0205339	48.7	0.0159529	-0.566121	0.104018	0.0822347	0.0115467
0.0204918	48.8	0.0159353	-0.566121	0.103897	0.0821176	0.0115143
0.0204499	48.9	0.0159179	-0.566122	0.103775	0.0820003	0.011482
0.0204082	49	0.0159005	-0.566123	0.103653	0.0818829	0.0114499
0.0203666	49.1	0.0158833	-0.566123	0.10353	0.0817653	0.0114178
0.0203252	49.2	0.0158662	-0.566124	0.103407	0.0816475	0.0113858
0.020284	49.3	0.0158492	-0.566125	0.103284	0.0815296	0.0113539
0.0202429	49.4	0.0158323	-0.566125	0.10316	0.0814116	0.0113222
0.020202	49.5	0.0158156	-0.566126	0.103036	0.0812934	0.0112905
0.0201613	49.6	0.0157989	-0.566127	0.102911	0.081175	0.011259
0.0201207	49.7	0.0157824	-0.566127	0.102786	0.0810565	0.0112275
0.0200803	49.8	0.0157659	-0.566128	0.102661	0.0809378	0.0111961
0.0200401	49.9	0.0157496	-0.566129	0.102535	0.080819	0.0111649
0.02	50	0.0157334	-0.566129	0.102409	0.0807001	0.0111337
0.0199601	50.1	0.0157173	-0.56613	0.102282	0.080581	0.0111027
0.0199203	50.2	0.0157012	-0.56613	0.102155	0.0804617	0.0110717
0.0198807	50.3	0.0156853	-0.566131	0.102028	0.0803423	0.0110408
0.0198413	50.4	0.0156695	-0.566132	0.1019	0.0802228	0.0110101
0.019802	50.5	0.0156538	-0.566132	0.101772	0.0801031	0.0109794
0.0197628	50.6	0.0156382	-0.566133	0.101643	0.0799833	0.0109488
0.0197239	50.7	0.0156227	-0.566133	0.101514	0.0798633	0.0109183
0.019685	50.8	0.0156072	-0.566134	0.101385	0.0797432	0.010888
0.0196464	50.9	0.0155919	-0.566135	0.101255	0.079623	0.0108577
0.0196078	51	0.0155767	-0.566135	0.101125	0.0795026	0.0108275
0.0195695	51.1	0.0155615	-0.566136	0.100995	0.0793821	0.0107974
0.0195312	51.2	0.0155465	-0.566136	0.100864	0.0792614	0.0107673
0.0194932	51.3	0.0155315	-0.566137	0.100733	0.0791406	0.0107374
0.0194553	51.4	0.0155167	-0.566138	0.100601	0.0790197	0.0107076
0.0194175	51.5	0.0155019	-0.566138	0.100469	0.0788987	0.0106778
0.0193798	51.6	0.0154872	-0.566139	0.100337	0.0787775	0.0106482
0.0193424	51.7	0.0154726	-0.566139	0.100204	0.0786562	0.0106186
0.019305	51.8	0.0154581	-0.56614	0.100071	0.0785348	0.0105892
0.0192678	51.9	0.0154437	-0.56614	0.0999381	0.0784132	0.0105598
0.0192308	52	0.0154294	-0.566141	0.0998045	0.0782915	0.0105305
0.0191939	52.1	0.0154151	-0.566142	0.0996705	0.0781697	0.0105013
0.0191571	52.2	0.0154009	-0.566142	0.0995362	0.0780478	0.0104722
0.0191205	52.3	0.0153869	-0.566143	0.0994015	0.0779257	0.0104432
0.019084	52.4	0.0153729	-0.566143	0.0992665	0.0778035	0.0104142
0.0190476	52.5	0.0153589	-0.566144	0.0991312	0.0776812	0.0103854
0.0190114	52.6	0.0153451	-0.566144	0.0989955	0.0775588	0.0103566
0.0189753	52.7	0.0153313	-0.566145	0.0988595	0.0774363	0.0103279
0.0189394	52.8	0.0153176	-0.566145	0.0987232	0.0773137	0.0102993
0.0189036	52.9	0.015304	-0.566146	0.0985866	0.0771909	0.0102708
0.0188679	53	0.0152905	-0.566147	0.0984497	0.077068	0.0102424
0.0188324	53.1	0.015277	-0.566147	0.0983124	0.0769451	0.010214
0.018797	53.2	0.0152637	-0.566148	0.0981748	0.076822	0.0101857
0.0187617	53.3	0.0152503	-0.566148	0.098037	0.0766988	0.0101576
0.0187266	53.4	0.0152371	-0.566149	0.0978988	0.0765755	0.0101295
0.0186916	53.5	0.0152239	-0.566149	0.0977603	0.076452	0.0101014
0.0186567	53.6	0.0152108	-0.56615	0.0976215	0.0763285	0.0100735
0.018622	53.7	0.0151978	-0.56615	0.0974824	0.0762049	0.0100457
0.0185874	53.8	0.0151849	-0.566151	0.097343	0.0760812	0.0100179
0.0185529	53.9	0.015172	-0.566151	0.0972034	0.0759573	0.00999019
0.0185185	54	0.0151592	-0.566152	0.0970634	0.0758334	0.00996258
0.0184843	54.1	0.0151464	-0.566152	0.0969231	0.0757094	0.00993505
0.0184502	54.2	0.0151337	-0.566153	0.0967826	0.0755853	0.00990759
0.0184162	54.3	0.0151211	-0.566153	0.0966418	0.0754611	0.00988022
0.0183824	54.4	0.0151086	-0.566154	0.0965007	0.0753367	0.00985292
0.0183486	54.5	0.0150961	-0.566154	0.0963593	0.0752123	0.0098257
0.018315	54.6	0.0150836	-0.566155	0.0962177	0.0750878	0.00979856
0.0182815	54.7	0.0150713	-0.566155	0.0960757	0.0749632	0.0097715
0.0182482	54.8	0.015059	-0.566156	0.0959336	0.0748386	0.00974451
0.0182149	54.9	0.0150467	-0.566156	0.0957911	0.0747138	0.0097176
0.0181818	55	0.0150346	-0.566157	0.0956484	0.0745889	0.00969076
0.0181488	55.1	0.0150224	-0.566157	0.0955054	0.074464	0.00966401
0.0181159	55.2	0.0150104	-0.566158	0.0953622	0.074339	0.00963732
0.0180832	55.3	0.0149984	-0.566158	0.0952187	0.0742138	0.00961071
0.0180505	55.4	0.0149864	-0.566159	0.095075	0.0740887	0.00958418
0.018018	55.5	0.0149745	-0.566159	0.094931	0.0739634	0.00955772
0.0179856	55.6	0.0149627	-0.56616	0.0947867	0.073838	0.00953134
0.0179533	55.7	0.0149509	-0.56616	0.0946423	0.0737126	0.00950503
0.0179211	55.8	0.0149392	-0.566161	0.0944975	0.0735871	0.00947879
0.0178891	55.9	0.0149275	-0.566161	0.0943526	0.0734615	0.00945263
0.0178571	56	0.0149159	-0.566161	0.0942074	0.0733359	0.00942654
0.0178253	56.1	0.0149043	-0.566162	0.094062	0.0732102	0.00940052
0.0177936	56.2	0.0148928	-0.566162	0.0939163	0.0730844	0.00937457
0.017762	56.3	0.0148814	-0.566163	0.0937704	0.0729585	0.0093487
0.0177305	56.4	0.01487	-0.566163	0.0936243	0.0728326	0.00932289
0.0176991	56.5	0.0148586	-0.566164	0.093478	0.0727066	0.00929716
0.0176678	56.6	0.0148473	-0.566164	0.0933314	0.0725806	0.0092715
0.0176367	56.7	0.014836	-0.566165	0.0931847	0.0724544	0.00924591
0.0176056	56.8	0.0148248	-0.566165	0.0930377	0.0723283	0.00922039
0.0175747	56.9	0.0148137	-0.566166	0.0928905	0.072202	0.00919494
0.0175439	57	0.0148025	-0.566166	0.0927431	0.0720757	0.00916956
0.0175131	57.1	0.0147915	-0.566166	0.0925955	0.0719493	0.00914425
0.0174825	57.2	0.0147805	-0.566167	0.0924476	0.0718229	0.00911901
0.017452	57.3	0.0147695	-0.566167	0.0922996	0.0716965	0.00909383
0.0174216	57.4	0.0147585	-0.566168	0.0921514	0.0715699	0.00906873
0.0173913	57.5	0.0147477	-0.566168	0.092003	0.0714434	0.00904369
0.0173611	57.6	0.0147368	-0.566169	0.0918544	0.0713167	0.00901872
0.017331	57.7	0.014726	-0.566169	0.0917056	0.0711901	0.00899382
0.017301	57.8	0.0147152	-0.56617	0.0915566	0.0710633	0.00896899
0.0172712	57.9	0.0147045	-0.56617	0.0914074	0.0709366	0.00894422
0.0172414	58	0.0146938	-0.56617	0.0912581	0.0708097	0.00891952
0.0172117	58.1	0.0146832	-0.566171	0.0911086	0.0706829	0.00889489
0.0171821	58.2	0.0146726	-0.566171	0.0909589	0.070556	0.00887033
0.0171527	58.3	0.0146621	-0.566172	0.090809	0.070429	0.00884583
0.0171233	58.4	0.0146515	-0.566172	0.0906589	0.070302	0.00882139
0.017094	58.5	0.0146411	-0.566172	0.0905087	0.070175	0.00879702
0.0170648	58.6	0.0146306	-0.566173	0.0903583	0.0700479	0.00877272
0.0170358	58.7	0.0146202	-0.566173	0.0902077	0.0699208	0.00874848
0.0170068	58.8	0.0146098	-0.566174	0.090057	0.0697937	0.00872431
0.0169779	58.9	0.0145995	-0.566174	0.0899061	0.0696665	0.0087002
0.0169492	59	0.0145892	-0.566175	0.0897551	0.0695394	0.00867615
0.0169205	59.1	0.014579	-0.566175	0.0896039	0.0694121	0.00865217
0.0168919	59.2	0.0145687	-0.566175	0.0894525	0.0692849	0.00862825
0.0168634	59.3	0.0145586	-0.566176	0.089301	0.0691576	0.0086044
0.016835	59.4	0.0145484	-0.566176	0.0891494	0.0690303	0.00858061
0.0168067	59.5	0.0145383	-0.566177	0.0889976	0.0689029	0.00855688
0.0167785	59.6	0.0145282	-0.566177	0.0888457	0.0687756	0.00853321
0.0167504	59.7	0.0145181	-0.566177	0.0886936	0.0686482	0.00850961
0.0167224	59.8	0.0145081	-0.566178	0.0885414	0.0685208	0.00848607
0.0166945	59.9	0.0144981	-0.566178	0.0883891	0.0683934	0.00846259
0.0166667	60	0.0144882	-0.566179	0.0882366	0.0682659	0.00843918
0.0166389	60.1	0.0144782	-0.566179	0.088084	0.0681385	0.00841582
0.0166113	60.2	0.0144683	-0.566179	0.0879313	0.068011	0.00839253
0.0165837	60.3	0.0144585	-0.56618	0.0877784	0.0678835	0.0083693
0.0165563	60.4	0.0144486	-0.56618	0.0876254	0.067756	0.00834613
0.0165289	60.5	0.0144388	-0.56618	0.0874723	0.0676285	0.00832302
0.0165017	60.6	0.014429	-0.566181	0.0873191	0.0675009	0.00829997
0.0164745	60.7	0.0144193	-0.566181	0.0871658	0.0673734	0.00827698
0.0164474	60.8	0.0144096	-0.566182	0.0870123	0.0672459	0.00825405
0.0164204	60.9	0.0143999	-0.566182	0.0868588	0.0671183	0.00823118
0.0163934	61	0.0143902	-0.566182	0.0867051	0.0669908	0.00820837
0.0163666	61.1	0.0143806	-0.566183	0.0865514	0.0668632	0.00818562
0.0163399	61.2	0.014371	-0.566183	0.0863975	0.0667357	0.00816293
0.0163132	61.3	0.0143614	-0.566183	0.0862435	0.0666081	0.0081403
0.0162866	61.4	0.0143518	-0.566184	0.0860895	0.0664805	0.00811773
0.0162602	61.5	0.0143423	-0.566184	0.0859353	0.066353	0.00809521
0.0162338	61.6	0.0143328	-0.566185	0.085781	0.0662254	0.00807276
0.0162075	61.7	0.0143233	-0.566185	0.0856267	0.0660979	0.00805036
0.0161812	61.8	0.0143138	-0.566185	0.0854723	0.0659703	0.00802802
0.0161551	61.9	0.0143044	-0.566186	0.0853177	0.0658428	0.00800574
0.016129	62	0.014295	-0.566186	0.0851631	0.0657153	0.00798351
0.0161031	62.1	0.0142856	-0.566186	0.0850084	0.0655878	0.00796135
0.0160772	62.2	0.0142762	-0.566187	0.0848537	0.0654603	0.00793924
0.0160514	62.3	0.0142668	-0.566187	0.0846988	0.0653328	0.00791719
0.0160256	62.4	0.0142575	-0.566187	0.0845439	0.0652053	0.00789519
0.016	62.5	0.0142482	-0.566188	0.0843889	0.0650778	0.00787325
0.0159744	62.6	0.0142389	-0.566188	0.0842338	0.0649504	0.00785137
0.015949	62.7	0.0142297	-0.566188	0.0840787	0.0648229	0.00782954
0.0159236	62.8	0.0142204	-0.566189	0.0839235	0.0646955	0.00780777
0.0158983	62.9	0.0142112	-0.566189	0.0837683	0.0645681	0.00778606
0.015873	63	0.014202	-0.56619	0.0836129	0.0644407	0.0077644
0.0158479	63.1	0.0141928	-0.56619	0.0834576	0.0643134	0.0077428
0.0158228	63.2	0.0141837	-0.56619	0.0833021	0.0641861	0.00772125
0.0157978	63.3	0.0141745	-0.566191	0.0831466	0.0640588	0.00769976
0.0157729	63.4	0.0141654	-0.566191	0.0829911	0.0639315	0.00767832
0.015748	63.5	0.0141563	-0.566191	0.0828355	0.0638042	0.00765694
0.0157233	63.6	0.0141472	-0.566192	0.0826798	0.063677	0.00763561
0.0156986	63.7	0.0141382	-0.566192	0.0825241	0.0635498	0.00761434
0.015674	63.8	0.0141291	-0.566192	0.0823684	0.0634227	0.00759312
0.0156495	63.9	0.0141201	-0.566193	0.0822126	0.0632955	0.00757196
0.015625	64	0.0141111	-0.566193	0.0820568	0.0631684	0.00755085
0.0156006	64.1	0.0141021	-0.566193	0.081901	0.0630414	0.00752979
0.0155763	64.2	0.0140931	-0.566194	0.0817451	0.0629144	0.00750879
0.0155521	64.3	0.0140841	-0.566194	0.0815892	0.0627874	0.00748784
0.015528	64.4	0.0140752	-0.566194	0.0814332	0.0626604	0.00746695
0.0155039	64.5	0.0140662	-0.566194	0.0812772	0.0625335	0.0074461
0.0154799	64.6	0.0140573	-0.566195	0.0811212	0.0624067	0.00742532
0.015456	64.7	0.0140484	-0.566195	0.0809652	0.0622798	0.00740458
0.0154321	64.8	0.0140395	-0.566195	0.0808091	0.0621531	0.0073839
0.0154083	64.9	0.0140307	-0.566196	0.0806531	0.0620263	0.00736326
0.0153846	65	0.0140218	-0.566196	0.080497	0.0618996	0.00734269
0.015361	65.1	0.014013	-0.566196	0.0803409	0.061773	0.00732216
0.0153374	65.2	0.0140041	-0.566197	0.0801847	0.0616464	0.00730169
0.0153139	65.3	0.0139953	-0.566197	0.0800286	0.0615199	0.00728126
0.0152905	65.4	0.0139865	-0.566197	0.0798725	0.0613934	0.00726089
0.0152672	65.5	0.0139777	-0.566198	0.0797163	0.0612669	0.00724057
0.0152439	65.6	0.013969	-0.566198	0.0795601	0.0611405	0.00722031
0.0152207	65.7	0.0139602	-0.566198	0.079404	0.0610142	0.00720009
0.0151976	65.8	0.0139515	-0.566199	0.0792478	0.0608879	0.00717993
0.0151745	65.9	0.0139427	-0.566199	0.0790916	0.0607617	0.00715981
0.0151515	66	0.013934	-0.566199	0.0789355	0.0606355	0.00713975
0.0151286	66.1	0.0139253	-0.566199	0.0787793	0.0605094	0.00711974
0.0151057	66.2	0.0139166	-0.5662	0.0786232	0.0603834	0.00709978
0.015083	66.3	0.0139079	-0.5662	0.078467	0.0602574	0.00707987
0.0150602	66.4	0.0138992	-0.5662	0.0783109	0.0601315	0.00706
0.0150376	66.5	0.0138906	-0.566201	0.0781547	0.0600056	0.00704019
0.015015	66.6	0.0138819	-0.566201	0.0779986	0.0598798	0.00702043
0.0149925	66.7	0.0138733	-0.566201	0.0778425	0.0597541	0.00700072
0.0149701	66.8	0.0138647	-0.566202	0.0776864	0.0596284	0.00698106
0.0149477	66.9	0.0138561	-0.566202	0.0775304	0.0595028	0.00696145
0.0149254	67	0.0138474	-0.566202	0.0773743	0.0593773	0.00694189
0.0149031	67.1	0.0138389	-0.566202	0.0772183	0.0592518	0.00692238
0.014881	67.2	0.0138303	-0.566203	0.0770623	0.0591264	0.00690292
0.0148588	67.3	0.0138217	-0.566203	0.0769063	0.0590011	0.0068835
0.0148368	67.4	0.0138131	-0.566203	0.0767504	0.0588759	0.00686414
0.0148148	67.5	0.0138046	-0.566204	0.0765945	0.0587507	0.00684482
0.0147929	67.6	0.013796	-0.566204	0.0764386	0.0586256	0.00682555
0.014771	67.7	0.0137875	-0.566204	0.0762828	0.0585006	0.00680634
0.0147493	67.8	0.013779	-0.566204	0.076127	0.0583757	0.00678717
0.0147275	67.9	0.0137704	-0.566205	0.0759712	0.0582508	0.00676804
0.0147059	68	0.0137619	-0.566205	0.0758155	0.058126	0.00674897
0.0146843	68.1	0.0137534	-0.566205	0.0756598	0.0580013	0.00672994
0.0146628	68.2	0.0137449	-0.566206	0.0755041	0.0578767	0.00671097
0.0146413	68.3	0.0137365	-0.566206	0.0753485	0.0577522	0.00669204
0.0146199	68.4	0.013728	-0.566206	0.0751929	0.0576277	0.00667315
0.0145985	68.5	0.0137195	-0.566206	0.0750374	0.0575033	0.00665432
0.0145773	68.6	0.0137111	-0.566207	0.074882	0.0573791	0.00663553
0.014556	68.7	0.0137026	-0.566207	0.0747266	0.0572549	0.00661679
0.0145349	68.8	0.0136942	-0.566207	0.0745712	0.0571307	0.0065981
0.0145138	68.9	0.0136857	-0.566208	0.0744159	0.0570067	0.00657945
0.0144928	69	0.0136773	-0.566208	0.0742606	0.0568828	0.00656085
0.0144718	69.1	0.0136689	-0.566208	0.0741055	0.056759	0.0065423
0.0144509	69.2	0.0136605	-0.566208	0.0739503	0.0566352	0.0065238
0.01443	69.3	0.0136521	-0.566209	0.0737953	0.0565116	0.00650534
0.0144092	69.4	0.0136437	-0.566209	0.0736402	0.056388	0.00648693
0.0143885	69.5	0.0136353	-0.566209	0.0734853	0.0562645	0.00646856
0.0143678	69.6	0.0136269	-0.566209	0.0733304	0.0561412	0.00645024
0.0143472	69.7	0.0136185	-0.56621	0.0731756	0.0560179	0.00643197
0.0143266	69.8	0.0136102	-0.56621	0.0730209	0.0558947	0.00641374
0.0143062	69.9	0.0136018	-0.56621	0.0728662	0.0557716	0.00639556
0.0142857	70	0.0135935	-0.56621	0.0727116	0.0556486	0.00637742
0.0142653	70.1	0.0135851	-0.566211	0.0725571	0.0555258	0.00635933
0.014245	70.2	0.0135768	-0.566211	0.0724027	0.055403	0.00634129
0.0142248	70.3	0.0135684	-0.566211	0.0722483	0.0552803	0.00632329
0.0142045	70.4	0.0135601	-0.566211	0.072094	0.0551577	0.00630533
0.0141844	70.5	0.0135518	-0.566212	0.0719398	0.0550353	0.00628742
0.0141643	70.6	0.0135435	-0.566212	0.0717857	0.0549129	0.00626956
0.0141443	70.7	0.0135352	-0.566212	0.0716316	0.0547906	0.00625174
0.0141243	70.8	0.0135269	-0.566212	0.0714777	0.0546685	0.00623397
0.0141044	70.9	0.0135186	-0.566213	0.0713238	0.0545464	0.00621624
0.0140845	71	0.0135103	-0.566213	0.07117	0.0544245	0.00619855
0.0140647	71.1	0.013502	-0.566213	0.0710163	0.0543027	0.00618091
0.0140449	71.2	0.0134937	-0.566213	0.0708627	0.054181	0.00616332
0.0140252	71.3	0.0134854	-0.566214	0.0707092	0.0540594	0.00614577
0.0140056	71.4	0.0134772	-0.566214	0.0705558	0.0539379	0.00612826
0.013986	71.5	0.0134689	-0.566214	0.0704025	0.0538165	0.00611079
0.0139665	71.6	0.0134606	-0.566214	0.0702492	0.0536952	0.00609338
0.013947	71.7	0.0134524	-0.566215	0.0700961	0.053574	0.006076
0.0139276	71.8	0.0134441	-0.566215	0.0699431	0.053453	0.00605867
0.0139082	71.9	0.0134359	-0.566215	0.0697902	0.0533321	0.00604138
0.0138889	72	0.0134277	-0.566215	0.0696373	0.0532113	0.00602414
0.0138696	72.1	0.0134194	-0.566216	0.0694846	0.0530906	0.00600694
0.0138504	72.2	0.0134112	-0.566216	0.069332	0.05297	0.00598978
0.0138313	72.3	0.013403	-0.566216	0.0691795	0.0528496	0.00597266
0.0138122	72.4	0.0133948	-0.566216	0.0690271	0.0527292	0.00595559
0.0137931	72.5	0.0133865	-0.566217	0.0688748	0.052609	0.00593857
0.0137741	72.6	0.0133783	-0.566217	0.0687226	0.0524889	0.00592158
0.0137552	72.7	0.0133701	-0.566217	0.0685705	0.0523689	0.00590464
0.0137363	72.8	0.0133619	-0.566217	0.0684186	0.0522491	0.00588774
0.0137174	72.9	0.0133537	-0.566218	0.0682668	0.0521294	0.00587088
0.0136986	73	0.0133456	-0.566218	0.068115	0.0520098	0.00585407
0.0136799	73.1	0.0133374	-0.566218	0.0679634	0.0518903	0.0058373
0.0136612	73.2	0.0133292	-0.566218	0.0678119	0.0517709	0.00582057
0.0136426	73.3	0.013321	-0.566218	0.0676606	0.0516517	0.00580388
0.013624	73.4	0.0133128	-0.566219	0.0675093	0.0515326	0.00578724
0.0136054	73.5	0.0133047	-0.566219	0.0673582	0.0514136	0.00577063
0.013587	73.6	0.0132965	-0.566219	0.0672072	0.0512948	0.00575407
0.0135685	73.7	0.0132884	-0.566219	0.0670563	0.0511761	0.00573755
0.0135501	73.8	0.0132802	-0.56622	0.0669055	0.0510575	0.00572108
0.0135318	73.9	0.0132721	-0.56622	0.0667549	0.0509391	0.00570464
0.0135135	74	0.0132639	-0.56622	0.0666044	0.0508207	0.00568825
0.0134953	74.1	0.0132558	-0.56622	0.0664541	0.0507026	0.0056719
0.0134771	74.2	0.0132476	-0.56622	0.0663038	0.0505845	0.00565558
0.013459	74.3	0.0132395	-0.566221	0.0661537	0.0504666	0.00563931
0.0134409	74.4	0.0132314	-0.566221	0.0660037	0.0503488	0.00562309
0.0134228	74.5	0.0132233	-0.566221	0.0658539	0.0502311	0.0056069
0.0134048	74.6	0.0132151	-0.566221	0.0657042	0.0501136	0.00559075
0.0133869	74.7	0.013207	-0.566222	0.0655546	0.0499962	0.00557465
0.013369	74.8	0.0131989	-0.566222	0.0654052	0.049879	0.00555858
0.0133511	74.9	0.0131908	-0.566222	0.0652559	0.0497619	0.00554256
0.0133333	75	0.0131827	-0.566222	0.0651068	0.0496449	0.00552658
0.0133156	75.1	0.0131746	-0.566222	0.0649578	0.0495281	0.00551063
0.0132979	75.2	0.0131665	-0.566223	0.0648089	0.0494114	0.00549473
0.0132802	75.3	0.0131584	-0.566223	0.0646602	0.0492949	0.00547887
0.0132626	75.4	0.0131504	-0.566223	0.0645116	0.0491785	0.00546305
0.013245	75.5	0.0131423	-0.566223	0.0643632	0.0490622	0.00544727
0.0132275	75.6	0.0131342	-0.566223	0.0642149	0.0489461	0.00543152
0.01321	75.7	0.0131261	-0.566224	0.0640668	0.0488301	0.00541582
0.0131926	75.8	0.0131181	-0.566224	0.0639188	0.0487142	0.00540016
0.0131752	75.9	0.01311	-0.566224	0.0637709	0.0485985	0.00538454
0.0131579	76	0.0131019	-0.566224	0.0636232	0.048483	0.00536896
0.0131406	76.1	0.0130939	-0.566224	0.0634757	0.0483676	0.00535342
0.0131234	76.2	0.0130858	-0.566225	0.0633283	0.0482523	0.00533791
0.0131062	76.3	0.0130778	-0.566225	0.0631811	0.0481372	0.00532245
0.013089	76.4	0.0130698	-0.566225	0.063034	0.0480222	0.00530703
0.0130719	76.5	0.0130617	-0.566225	0.0628871	0.0479074	0.00529164
0.0130548	76.6	0.0130537	-0.566225	0.0627404	0.0477927	0.0052763
0.0130378	76.7	0.0130457	-0.566226	0.0625938	0.0476782	0.00526099
0.0130208	76.8	0.0130376	-0.566226	0.0624473	0.0475638	0.00524573
0.0130039	76.9	0.0130296	-0.566226	0.062301	0.0474496	0.0052305
0.012987	77	0.0130216	-0.566226	0.0621549	0.0473355	0.00521531
0.0129702	77.1	0.0130136	-0.566226	0.062009	0.0472216	0.00520016
0.0129534	77.2	0.0130056	-0.566227	0.0618632	0.0471078	0.00518505
0.0129366	77.3	0.0129976	-0.566227	0.0617175	0.0469942	0.00516997
0.0129199	77.4	0.0129896	-0.566227	0.0615721	0.0468807	0.00515494
0.0129032	77.5	0.0129816	-0.566227	0.0614268	0.0467674	0.00513994
0.0128866	77.6	0.0129736	-0.566227	0.0612816	0.0466542	0.00512499
0.01287	77.7	0.0129656	-0.566228	0.0611366	0.0465412	0.00511007
0.0128535	77.8	0.0129576	-0.566228	0.0609918	0.0464283	0.00509519
0.012837	77.9	0.0129497	-0.566228	0.0608472	0.0463156	0.00508034
0.0128205	78	0.0129417	-0.566228	0.0607028	0.0462031	0.00506554
0.0128041	78.1	0.0129337	-0.566228	0.0605585	0.0460907	0.00505077
0.0127877	78.2	0.0129258	-0.566229	0.0604143	0.0459785	0.00503604
0.0127714	78.3	0.0129178	-0.566229	0.0602704	0.0458664	0.00502135
0.0127551	78.4	0.0129099	-0.566229	0.0601266	0.0457544	0.0050067
0.0127389	78.5	0.0129019	-0.566229	0.059983	0.0456427	0.00499208
0.0127226	78.6	0.012894	-0.566229	0.0598396	0.0455311	0.0049775
0.0127065	78.7	0.012886	-0.566229	0.0596964	0.0454196	0.00496296
0.0126904	78.8	0.0128781	-0.56623	0.0595533	0.0453083	0.00494846
0.0126743	78.9	0.0128702	-0.56623	0.0594104	0.0451972	0.00493399
0.0126582	79	0.0128622	-0.56623	0.0592677	0.0450862	0.00491956
0.0126422	79.1	0.0128543	-0.56623	0.0591251	0.0449754	0.00490517
0.0126263	79.2	0.0128464	-0.56623	0.0589828	0.0448647	0.00489082
0.0126103	79.3	0.0128385	-0.566231	0.0588406	0.0447542	0.0048765
0.0125945	79.4	0.0128306	-0.566231	0.0586986	0.0446439	0.00486222
0.0125786	79.5	0.0128227	-0.566231	0.0585568	0.0445337	0.00484797
0.0125628	79.6	0.0128148	-0.566231	0.0584152	0.0444237	0.00483377
0.0125471	79.7	0.0128069	-0.566231	0.0582738	0.0443139	0.0048196
0.0125313	79.8	0.012799	-0.566231	0.0581325	0.0442042	0.00480546
0.0125156	79.9	0.0127912	-0.566232	0.0579914	0.0440947	0.00479137
0.0125	80	0.0127833	-0.566232	0.0578505	0.0439853	0.0047773
0.0124844	80.1	0.0127754	-0.566232	0.0577098	0.0438761	0.00476328
0.0124688	80.2	0.0127676	-0.566232	0.0575693	0.0437671	0.00474929
0.0124533	80.3	0.0127597	-0.566232	0.057429	0.0436582	0.00473534
0.0124378	80.4	0.0127518	-0.566233	0.0572889	0.0435495	0.00472142
0.0124224	80.5	0.012744	-0.566233	0.0571489	0.043441	0.00470754
0.0124069	80.6	0.0127362	-0.566233	0.0570092	0.0433326	0.0046937
0.0123916	80.7	0.0127283	-0.566233	0.0568696	0.0432244	0.00467989
0.0123762	80.8	0.0127205	-0.566233	0.0567302	0.0431164	0.00466612
0.0123609	80.9	0.0127127	-0.566233	0.056591	0.0430085	0.00465238
0.0123457	81	0.0127049	-0.566234	0.0564521	0.0429008	0.00463868
0.0123305	81.1	0.0126971	-0.566234	0.0563133	0.0427933	0.00462501
0.0123153	81.2	0.0126892	-0.566234	0.0561747	0.0426859	0.00461138
0.0123001	81.3	0.0126815	-0.566234	0.0560363	0.0425787	0.00459779
0.012285	81.4	0.0126737	-0.566234	0.055898	0.0424717	0.00458423
0.0122699	81.5	0.0126659	-0.566234	0.05576	0.0423649	0.0045707
0.0122549	81.6	0.0126581	-0.566235	0.0556222	0.0422582	0.00455722
0.0122399	81.7	0.0126503	-0.566235	0.0554846	0.0421516	0.00454376
0.0122249	81.8	0.0126426	-0.566235	0.0553472	0.0420453	0.00453034
0.01221	81.9	0.0126348	-0.566235	0.05521	0.0419391	0.00451696
0.0121951	82	0.012627	-0.566235	0.0550729	0.0418331	0.00450361
0.0121803	82.1	0.0126193	-0.566235	0.0549361	0.0417273	0.0044903
0.0121655	82.2	0.0126115	-0.566236	0.0547995	0.0416216	0.00447702
0.0121507	82.3	0.0126038	-0.566236	0.0546631	0.0415161	0.00446377
0.0121359	82.4	0.0125961	-0.566236	0.0545268	0.0414108	0.00445056
0.0121212	82.5	0.0125884	-0.566236	0.0543908	0.0413056	0.00443739
0.0121065	82.6	0.0125806	-0.566236	0.054255	0.0412006	0.00442425
0.0120919	82.7	0.0125729	-0.566236	0.0541194	0.0410958	0.00441114
0.0120773	82.8	0.0125652	-0.566236	0.053984	0.0409912	0.00439807
0.0120627	82.9	0.0125575	-0.566237	0.0538488	0.0408867	0.00438503
0.0120482	83	0.0125499	-0.566237	0.0537138	0.0407824	0.00437202
0.0120337	83.1	0.0125422	-0.566237	0.053579	0.0406783	0.00435905
0.0120192	83.2	0.0125345	-0.566237	0.0534444	0.0405743	0.00434612
0.0120048	83.3	0.0125268	-0.566237	0.05331	0.0404705	0.00433322
0.0119904	83.4	0.0125192	-0.566237	0.0531758	0.0403669	0.00432035
0.011976	83.5	0.0125115	-0.566238	0.0530418	0.0402635	0.00430751
0.0119617	83.6	0.0125039	-0.566238	0.0529081	0.0401603	0.00429471
0.0119474	83.7	0.0124962	-0.566238	0.0527745	0.0400572	0.00428195
0.0119332	83.8	0.0124886	-0.566238	0.0526412	0.0399543	0.00426921
0.011919	83.9	0.012481	-0.566238	0.052508	0.0398515	0.00425651
0.0119048	84	0.0124734	-0.566238	0.0523751	0.039749	0.00424385
0.0118906	84.1	0.0124658	-0.566238	0.0522424	0.0396466	0.00423121
0.0118765	84.2	0.0124582	-0.566239	0.0521099	0.0395444	0.00421861
0.0118624	84.3	0.0124506	-0.566239	0.0519776	0.0394424	0.00420605
0.0118483	84.4	0.012443	-0.566239	0.0518455	0.0393405	0.00419351
0.0118343	84.5	0.0124354	-0.566239	0.0517136	0.0392388	0.00418101
0.0118203	84.6	0.0124279	-0.566239	0.051582	0.0391373	0.00416854
0.0118064	84.7	0.0124203	-0.566239	0.0514505	0.039036	0.00415611
0.0117925	84.8	0.0124128	-0.56624	0.0513193	0.0389349	0.00414371
0.0117786	84.9	0.0124052	-0.56624	0.0511883	0.0388339	0.00413134
0.0117647	85	0.0123977	-0.56624	0.0510575	0.0387331	0.004119
0.0117509	85.1	0.0123902	-0.56624	0.0509269	0.0386325	0.0041067
0.0117371	85.2	0.0123827	-0.56624	0.0507965	0.038532	0.00409443
0.0117233	85.3	0.0123752	-0.56624	0.0506663	0.0384318	0.00408219
0.0117096	85.4	0.0123677	-0.56624	0.0505364	0.0383317	0.00406998
0.0116959	85.5	0.0123602	-0.566241	0.0504066	0.0382318	0.00405781
0.0116822	85.6	0.0123527	-0.566241	0.0502771	0.038132	0.00404567
0.0116686	85.7	0.0123452	-0.566241	0.0501478	0.0380325	0.00403356
0.011655	85.8	0.0123378	-0.566241	0.0500187	0.0379331	0.00402148
0.0116414	85.9	0.0123303	-0.566241	0.0498898	0.0378339	0.00400944
0.0116279	86	0.0123229	-0.566241	0.0497612	0.0377349	0.00399743
0.0116144	86.1	0.0123154	-0.566241	0.0496328	0.037636	0.00398544
0.0116009	86.2	0.012308	-0.566242	0.0495045	0.0375374	0.0039735
0.0115875	86.3	0.0123006	-0.566242	0.0493765	0.0374389	0.00396158
0.0115741	86.4	0.0122932	-0.566242	0.0492488	0.0373406	0.00394969
0.0115607	86.5	0.0122858	-0.566242	0.0491212	0.0372424	0.00393784
0.0115473	86.6	0.0122784	-0.566242	0.0489939	0.0371445	0.00392602
0.011534	86.7	0.012271	-0.566242	0.0488667	0.0370467	0.00391423
0.0115207	86.8	0.0122637	-0.566242	0.0487398	0.0369491	0.00390247
0.0115075	86.9	0.0122563	-0.566242	0.0486132	0.0368517	0.00389074
0.0114943	87	0.012249	-0.566243	0.0484867	0.0367545	0.00387904
0.0114811	87.1	0.0122416	-0.566243	0.0483605	0.0366575	0.00386738
0.0114679	87.2	0.0122343	-0.566243	0.0482344	0.0365606	0.00385574
0.0114548	87.3	0.012227	-0.566243	0.0481086	0.0364639	0.00384414
0.0114416	87.4	0.0122197	-0.566243	0.0479831	0.0363674	0.00383257
0.0114286	87.5	0.0122124	-0.566243	0.0478577	0.0362711	0.00382103
0.0114155	87.6	0.0122051	-0.566243	0.0477326	0.0361749	0.00380952
0.0114025	87.7	0.0121978	-0.566244	0.0476077	0.0360789	0.00379804
0.0113895	87.8	0.0121906	-0.566244	0.047483	0.0359832	0.00378659
0.0113766	87.9	0.0121833	-0.566244	0.0473585	0.0358876	0.00377517
0.0113636	88	0.0121761	-0.566244	0.0472343	0.0357921	0.00376379
0.0113507	88.1	0.0121688	-0.566244	0.0471103	0.0356969	0.00375243
0.0113379	88.2	0.0121616	-0.566244	0.0469865	0.0356018	0.00374111
0.011325	88.3	0.0121544	-0.566244	0.0468629	0.0355069	0.00372981
0.0113122	88.4	0.0121472	-0.566244	0.0467395	0.0354122	0.00371855
0.0112994	88.5	0.01214	-0.566245	0.0466164	0.0353177	0.00370731
0.0112867	88.6	0.0121329	-0.566245	0.0464935	0.0352234	0.00369611
0.011274	88.7	0.0121257	-0.566245	0.0463709	0.0351292	0.00368493
0.0112613	88.8	0.0121185	-0.566245	0.0462484	0.0350352	0.00367379
0.0112486	88.9	0.0121114	-0.566245	0.0461262	0.0349414	0.00366268
0.011236	89	0.0121043	-0.566245	0.0460042	0.0348478	0.00365159
0.0112233	89.1	0.0120972	-0.566245	0.0458824	0.0347544	0.00364054
0.0112108	89.2	0.01209	-0.566245	0.0457609	0.0346612	0.00362951
0.0111982	89.3	0.012083	-0.566246	0.0456395	0.0345681	0.00361852
0.0111857	89.4	0.0120759	-0.566246	0.0455184	0.0344752	0.00360756
0.0111732	89.5	0.0120688	-0.566246	0.0453976	0.0343825	0.00359662
0.0111607	89.6	0.0120617	-0.566246	0.0452769	0.03429	0.00358572
0.0111483	89.7	0.0120547	-0.566246	0.0451565	0.0341976	0.00357484
0.0111359	89.8	0.0120477	-0.566246	0.0450363	0.0341055	0.00356399
0.0111235	89.9	0.0120406	-0.566246	0.0449163	0.0340135	0.00355318
0.0111111	90	0.0120336	-0.566246	0.0447966	0.0339217	0.00354239
0.0110988	90.1	0.0120266	-0.566247	0.0446771	0.0338301	0.00353163
0.0110865	90.2	0.0120196	-0.566247	0.0445578	0.0337387	0.0035209
0.0110742	90.3	0.0120127	-0.566247	0.0444388	0.0336474	0.0035102
0.0110619	90.4	0.0120057	-0.566247	0.0443199	0.0335563	0.00349953
0.0110497	90.5	0.0119988	-0.566247	0.0442013	0.0334655	0.00348889
0.0110375	90.6	0.0119918	-0.566247	0.0440829	0.0333748	0.00347828
0.0110254	90.7	0.0119849	-0.566247	0.0439648	0.0332842	0.00346769
0.0110132	90.8	0.011978	-0.566247	0.0438469	0.0331939	0.00345714
0.0110011	90.9	0.0119711	-0.566247	0.0437292	0.0331038	0.00344661
0.010989	91	0.0119642	-0.566248	0.0436117	0.0330138	0.00343612
0.0109769	91.1	0.0119573	-0.566248	0.0434945	0.032924	0.00342565
0.0109649	91.2	0.0119505	-0.566248	0.0433775	0.0328344	0.00341521
0.0109529	91.3	0.0119436	-0.566248	0.0432607	0.032745	0.00340479
0.0109409	91.4	0.0119368	-0.566248	0.0431441	0.0326557	0.00339441
0.010929	91.5	0.01193	-0.566248	0.0430278	0.0325667	0.00338406
0.010917	91.6	0.0119232	-0.566248	0.0429117	0.0324778	0.00337373
0.0109051	91.7	0.0119164	-0.566248	0.0427958	0.0323891	0.00336343
0.0108932	91.8	0.0119096	-0.566249	0.0426802	0.0323006	0.00335316
0.0108814	91.9	0.0119029	-0.566249	0.0425648	0.0322123	0.00334292
0.0108696	92	0.0118961	-0.566249	0.0424496	0.0321241	0.00333271
0.0108578	92.1	0.0118894	-0.566249	0.0423347	0.0320361	0.00332252
0.010846	92.2	0.0118827	-0.566249	0.0422199	0.0319484	0.00331236
0.0108342	92.3	0.0118759	-0.566249	0.0421054	0.0318608	0.00330223
0.0108225	92.4	0.0118693	-0.566249	0.0419912	0.0317733	0.00329213
0.0108108	92.5	0.0118626	-0.566249	0.0418771	0.0316861	0.00328205
0.0107991	92.6	0.0118559	-0.566249	0.0417633	0.031599	0.00327201
0.0107875	92.7	0.0118493	-0.566249	0.0416497	0.0315122	0.00326199
0.0107759	92.8	0.0118426	-0.56625	0.0415364	0.0314255	0.003252
0.0107643	92.9	0.011836	-0.56625	0.0414233	0.031339	0.00324203
0.0107527	93	0.0118294	-0.56625	0.0413104	0.0312526	0.0032321
0.0107411	93.1	0.0118228	-0.56625	0.0411977	0.0311665	0.00322219
0.0107296	93.2	0.0118162	-0.56625	0.0410853	0.0310805	0.00321231
0.0107181	93.3	0.0118097	-0.56625	0.0409731	0.0309948	0.00320245
0.0107066	93.4	0.0118031	-0.56625	0.0408611	0.0309092	0.00319262
0.0106952	93.5	0.0117966	-0.56625	0.0407493	0.0308237	0.00318282
0.0106838	93.6	0.0117901	-0.56625	0.0406378	0.0307385	0.00317305
0.0106724	93.7	0.0117835	-0.566251	0.0405265	0.0306535	0.0031633
0.010661	93.8	0.0117771	-0.566251	0.0404155	0.0305686	0.00315358
0.0106496	93.9	0.0117706	-0.566251	0.0403046	0.0304839	0.00314389
0.0106383	94	0.0117641	-0.566251	0.040194	0.0303994	0.00313423
0.010627	94.1	0.0117577	-0.566251	0.0400837	0.0303151	0.00312459
0.0106157	94.2	0.0117512	-0.566251	0.0399735	0.0302309	0.00311498
0.0106045	94.3	0.0117448	-0.566251	0.0398636	0.030147	0.00310539
0.0105932	94.4	0.0117384	-0.566251	0.0397539	0.0300632	0.00309583
0.010582	94.5	0.011732	-0.566251	0.0396445	0.0299796	0.0030863
0.0105708	94.6	0.0117257	-0.566251	0.0395352	0.0298961	0.00307679
0.0105597	94.7	0.0117193	-0.566252	0.0394262	0.0298129	0.00306731
0.0105485	94.8	0.011713	-0.566252	0.0393174	0.0297298	0.00305786
0.0105374	94.9	0.0117067	-0.566252	0.0392089	0.029647	0.00304843
0.0105263	95	0.0117004	-0.566252	0.0391006	0.0295643	0.00303903
0.0105152	95.1	0.0116941	-0.566252	0.0389925	0.0294818	0.00302966
0.0105042	95.2	0.0116878	-0.566252	0.0388846	0.0293994	0.00302031
0.0104932	95.3	0.0116815	-0.566252	0.038777	0.0293173	0.00301099
0.0104822	95.4	0.0116753	-0.566252	0.0386696	0.0292353	0.00300169
0.0104712	95.5	0.0116691	-0.566252	0.0385624	0.0291535	0.00299242
0.0104603	95.6	0.0116629	-0.566252	0.0384555	0.0290719	0.00298318
0.0104493	95.7	0.0116567	-0.566253	0.0383488	0.0289904	0.00297396
0.0104384	95.8	0.0116505	-0.566253	0.0382423	0.0289092	0.00296477
0.0104275	95.9	0.0116443	-0.566253	0.038136	0.0288281	0.0029556
0.0104167	96	0.0116382	-0.566253	0.03803	0.0287472	0.00294646
0.0104058	96.1	0.011632	-0.566253	0.0379242	0.0286665	0.00293734
0.010395	96.2	0.0116259	-0.566253	0.0378186	0.0285859	0.00292825
0.0103842	96.3	0.0116198	-0.566253	0.0377133	0.0285056	0.00291919
0.0103734	96.4	0.0116137	-0.566253	0.0376081	0.0284254	0.00291015
0.0103627	96.5	0.0116077	-0.566253	0.0375032	0.0283454	0.00290113
0.010352	96.6	0.0116016	-0.566253	0.0373986	0.0282656	0.00289214
0.0103413	96.7	0.0115956	-0.566253	0.0372941	0.0281859	0.00288318
0.0103306	96.8	0.0115896	-0.566254	0.0371899	0.0281065	0.00287424
0.0103199	96.9	0.0115836	-0.566254	0.0370859	0.0280272	0.00286533
0.0103093	97	0.0115776	-0.566254	0.0369822	0.0279481	0.00285644
0.0102987	97.1	0.0115716	-0.566254	0.0368786	0.0278691	0.00284757
0.0102881	97.2	0.0115657	-0.566254	0.0367753	0.0277904	0.00283874
0.0102775	97.3	0.0115597	-0.566254	0.0366722	0.0277118	0.00282992
0.0102669	97.4	0.0115538	-0.566254	0.0365694	0.0276334	0.00282113
0.0102564	97.5	0.0115479	-0.566254	0.0364668	0.0275552	0.00281237
0.0102459	97.6	0.011542	-0.566254	0.0363644	0.0274772	0.00280363
0.0102354	97.7	0.0115362	-0.566254	0.0362622	0.0273993	0.00279491
0.0102249	97.8	0.0115303	-0.566254	0.0361602	0.0273216	0.00278622
0.0102145	97.9	0.0115245	-0.566255	0.0360585	0.0272441	0.00277756
0.0102041	98	0.0115187	-0.566255	0.035957	0.0271668	0.00276892
0.0101937	98.1	0.0115129	-0.566255	0.0358558	0.0270896	0.0027603
0.0101833	98.2	0.0115071	-0.566255	0.0357547	0.0270126	0.00275171
0.0101729	98.3	0.0115013	-0.566255	0.0356539	0.0269358	0.00274314
0.0101626	98.4	0.0114956	-0.566255	0.0355533	0.0268592	0.0027346
0.0101523	98.5	0.0114899	-0.566255	0.0354529	0.0267828	0.00272608
0.010142	98.6	0.0114842	-0.566255	0.0353528	0.0267065	0.00271758
0.0101317	98.7	0.0114785	-0.566255	0.0352529	0.0266304	0.00270911
0.0101215	98.8	0.0114728	-0.566255	0.0351532	0.0265545	0.00270066
0.0101112	98.9	0.0114671	-0.566255	0.0350537	0.0264787	0.00269224
0.010101	99	0.0114615	-0.566256	0.0349544	0.0264032	0.00268384
0.0100908	99.1	0.0114559	-0.566256	0.0348554	0.0263278	0.00267546
0.0100806	99.2	0.0114503	-0.566256	0.0347566	0.0262525	0.00266711
0.0100705	99.3	0.0114447	-0.566256	0.034658	0.0261775	0.00265878
0.0100604	99.4	0.0114391	-0.566256	0.0345597	0.0261026	0.00265048
0.0100503	99.5	0.0114335	-0.566256	0.0344616	0.0260279	0.00264219
0.0100402	99.6	0.011428	-0.566256	0.0343636	0.0259534	0.00263394
0.0100301	99.7	0.0114225	-0.566256	0.034266	0.0258791	0.0026257
0.01002	99.8	0.011417	-0.566256	0.0341685	0.0258049	0.00261749
0.01001	99.9	0.0114115	-0.566256	0.0340713	0.0257309	0.0026093
0.01	100	0.011406	-0.566256	0.0339742	0.025657	0.00260114
