#T	β	c	e	chiz	chic	s
100	0.01	0.000149207	-0.664894	0.0064362	0.00659975	1.09854
50	0.02	0.000598778	-0.67984	0.0127438	0.0130647	1.09831
33.3333	0.03	0.00135117	-0.694831	0.0189216	0.0193936	1.09794
25	0.04	0.00240819	-0.709864	0.0249685	0.0255852	1.09741
20	0.05	0.00377099	-0.724932	0.0308834	0.0316387	1.09673
16.6667	0.06	0.00544006	-0.74003	0.0366655	0.0375531	1.0959
14.2857	0.07	0.00741523	-0.755152	0.0423142	0.0433279	1.09492
12.5	0.08	0.00969565	-0.770294	0.047829	0.0489626	1.09379
11.1111	0.09	0.0122798	-0.78545	0.0532095	0.0544569	1.0925
10	0.1	0.0151655	-0.800613	0.0584554	0.0598107	1.09106
9.09091	0.11	0.0183499	-0.815779	0.0635669	0.0650238	1.08946
8.33333	0.12	0.0218295	-0.830941	0.0685439	0.0700965	1.08772
7.69231	0.13	0.0256002	-0.846096	0.0733866	0.075029	1.08583
7.14286	0.14	0.0296572	-0.861236	0.0780955	0.0798219	1.08378
6.66667	0.15	0.0339952	-0.876356	0.0826709	0.0844756	1.08159
6.25	0.16	0.0386082	-0.891452	0.0871136	0.0889908	1.07925
5.88235	0.17	0.0434899	-0.906517	0.0914242	0.0933685	1.07676
5.55556	0.18	0.0486331	-0.921547	0.0956037	0.0976094	1.07413
5.26316	0.19	0.0540305	-0.936536	0.0996529	0.101715	1.07136
5	0.2	0.0596739	-0.951479	0.103573	0.105686	1.06845
4	0.25	0.0912747	-1.02533	0.121281	0.123573	1.05184
3.33333	0.3	0.127621	-1.09734	0.135973	0.13833	1.03204
2.5	0.4	0.209246	-1.23387	0.157232	0.159439	0.984352
2	0.5	0.294163	-1.3582	0.169374	0.17116	0.928511
1.66667	0.6	0.373917	-1.46897	0.174457	0.175655	0.867701
1.42857	0.7	0.443051	-1.56605	0.17431	0.174841	0.804711
1.25	0.8	0.498938	-1.65014	0.17044	0.170276	0.741748
1.11111	0.9	0.541024	-1.7224	0.164015	0.163171	0.680418
1	1	0.570023	-1.78419	0.155919	0.154429	0.621805
0.909091	1.1	0.587287	-1.83685	0.146807	0.144716	0.566579
0.833333	1.2	0.594414	-1.88166	0.137158	0.134511	0.515105
0.769231	1.3	0.593018	-1.91976	0.12732	0.124154	0.46753
0.714286	1.4	0.584624	-1.95215	0.117548	0.113887	0.423851
0.666667	1.5	0.570618	-1.97968	0.108023	0.103882	0.383965
0.625	1.6	0.552235	-2.0031	0.0988714	0.0942628	0.347705
0.588235	1.7	0.530557	-2.02302	0.0901791	0.085124	0.314862
0.555556	1.8	0.506522	-2.03998	0.0820002	0.0765349	0.285208
0.526316	1.9	0.48093	-2.05442	0.0743643	0.0685446	0.258502
0.5	2	0.454453	-2.06674	0.0672824	0.0611818	0.234504
0.47619	2.1	0.427648	-2.07725	0.0607512	0.0544562	0.212979
0.454545	2.2	0.400968	-2.08622	0.0547572	0.0483595	0.193702
0.434783	2.3	0.374769	-2.09389	0.0492793	0.0428691	0.176459
0.416667	2.4	0.349327	-2.10045	0.0442914	0.0379511	0.161049
0.4	2.5	0.324847	-2.10607	0.0397641	0.0335648	0.147289
0.384615	2.6	0.301472	-2.11088	0.0356662	0.0296652	0.135007
0.37037	2.7	0.279296	-2.11502	0.0319658	0.0262068	0.124049
0.357143	2.8	0.258374	-2.11858	0.0286312	0.0231446	0.114274
0.344828	2.9	0.238725	-2.12164	0.0256314	0.0204364	0.105554
0.333333	3	0.220344	-2.12428	0.0229368	0.018043	0.097774
0.322581	3.1	0.203206	-2.12655	0.0205193	0.0159285	0.0908318
0.3125	3.2	0.187273	-2.12852	0.0183526	0.014061	0.084635
0.30303	3.3	0.172494	-2.13023	0.0164123	0.0124117	0.0791014
0.294118	3.4	0.158813	-2.1317	0.014676	0.0109552	0.0741578
0.285714	3.5	0.146171	-2.13298	0.0131229	0.00966881	0.069739
0.277778	3.6	0.134504	-2.1341	0.0117343	0.00853278	0.065787
0.27027	3.7	0.12375	-2.13507	0.0104933	0.0075295	0.0622504
0.263158	3.8	0.113846	-2.13591	0.00938426	0.00664349	0.0590835
0.25641	3.9	0.104732	-2.13665	0.0083934	0.00586106	0.0562458
0.25	4	0.0963508	-2.13729	0.00750819	0.00517016	0.0537013
0.243902	4.1	0.0886464	-2.13786	0.00671738	0.00456013	0.0514183
0.238095	4.2	0.0815668	-2.13835	0.0060109	0.00402158	0.0493683
0.232558	4.3	0.075063	-2.13878	0.00537972	0.00354617	0.0475262
0.227273	4.4	0.0690891	-2.13916	0.00481577	0.00312656	0.04587
0.222222	4.5	0.0636023	-2.1395	0.00431183	0.00275626	0.0443796
0.217391	4.6	0.0585632	-2.13979	0.00386146	0.00242951	0.0430377
0.212766	4.7	0.053935	-2.14006	0.00345888	0.00214125	0.0418285
0.208333	4.8	0.0496838	-2.14028	0.00309898	0.00188698	0.0407382
0.204082	4.9	0.0457785	-2.14049	0.00277717	0.00166271	0.0397545
0.2	5	0.0421904	-2.14067	0.00248935	0.00146495	0.0388662
0.196078	5.1	0.0388931	-2.14083	0.00223189	0.00129058	0.0380638
0.192308	5.2	0.0358624	-2.14097	0.00200153	0.00113686	0.0373383
0.188679	5.3	0.0330761	-2.14109	0.00179537	0.00100136	0.036682
0.185185	5.4	0.0305139	-2.1412	0.00161082	0.000881935	0.0360879
0.181818	5.5	0.0281571	-2.1413	0.00144559	0.000776691	0.0355499
0.178571	5.6	0.0259887	-2.14139	0.00129761	0.000683953	0.0350623
0.175439	5.7	0.0239931	-2.14147	0.00116505	0.000602246	0.0346202
0.172414	5.8	0.0221559	-2.14154	0.00104627	0.000530264	0.034219
0.169492	5.9	0.0204643	-2.1416	0.000939824	0.000466856	0.0338549
0.166667	6	0.018906	-2.14166	0.000844397	0.000411005	0.0335242
0.163934	6.1	0.0174703	-2.14171	0.00075883	0.000361815	0.0332237
0.16129	6.2	0.0161472	-2.14175	0.000682085	0.000318496	0.0329505
0.15873	6.3	0.0149273	-2.14179	0.000613237	0.000280349	0.032702
0.15625	6.4	0.0138025	-2.14182	0.000551457	0.000246759	0.0324759
0.153846	6.5	0.0127649	-2.14186	0.000496006	0.000217183	0.03227
0.151515	6.6	0.0118076	-2.14189	0.000446224	0.000191144	0.0320825
0.149254	6.7	0.010924	-2.14191	0.000401521	0.00016822	0.0319116
0.147059	6.8	0.0101084	-2.14193	0.000361369	0.00014804	0.0317559
0.144928	6.9	0.00935527	-2.14195	0.000325297	0.000130275	0.0316139
0.142857	7	0.00865967	-2.14197	0.000292882	0.000114639	0.0314843
0.140845	7.1	0.00801705	-2.14199	0.000263747	0.000100875	0.0313661
0.138889	7.2	0.00742324	-2.14201	0.000237554	8.87612e-05	0.0312582
0.136986	7.3	0.0068744	-2.14202	0.000214002	7.80994e-05	0.0311596
0.135135	7.4	0.00636701	-2.14203	0.000192819	6.87156e-05	0.0310696
0.133333	7.5	0.00589786	-2.14204	0.000173763	6.04558e-05	0.0309873
0.131579	7.6	0.00546395	-2.14205	0.000156617	5.31897e-05	0.0309121
0.12987	7.7	0.00506258	-2.14206	0.000141187	4.67949e-05	0.0308433
0.128205	7.8	0.00469124	-2.14207	0.000127298	4.11694e-05	0.0307804
0.126582	7.9	0.00434761	-2.14208	0.000114794	3.6221e-05	0.0307229
0.125	8	0.00402955	-2.14208	0.000103534	3.18666e-05	0.0306702
0.123457	8.1	0.00373513	-2.14209	9.33924e-05	2.8035e-05	0.030622
0.121951	8.2	0.00346253	-2.14209	8.42565e-05	2.46637e-05	0.0305779
0.120482	8.3	0.00321011	-2.1421	7.60249e-05	2.16972e-05	0.0305374
0.119048	8.4	0.00297633	-2.1421	6.86069e-05	1.90871e-05	0.0305004
0.117647	8.5	0.00275979	-2.14211	6.1921e-05	1.67905e-05	0.0304665
0.116279	8.6	0.00255918	-2.14211	5.58938e-05	1.47699e-05	0.0304354
0.114943	8.7	0.00237332	-2.14212	5.04596e-05	1.29922e-05	0.0304069
0.113636	8.8	0.0022011	-2.14212	4.55592e-05	1.14281e-05	0.0303808
0.11236	8.9	0.0020415	-2.14212	4.11396e-05	1.00522e-05	0.0303568
0.111111	9	0.00189357	-2.14212	3.71529e-05	8.84166e-06	0.0303348
0.10989	9.1	0.00175646	-2.14213	3.35563e-05	7.77676e-06	0.0303147
0.108696	9.2	0.00162935	-2.14213	3.0311e-05	6.83998e-06	0.0302962
0.107527	9.3	0.00151151	-2.14213	2.73825e-05	6.01592e-06	0.0302792
0.106383	9.4	0.00140226	-2.14213	2.47393e-05	5.29103e-06	0.0302636
0.105263	9.5	0.00130095	-2.14213	2.23534e-05	4.6534e-06	0.0302493
0.104167	9.6	0.001207	-2.14213	2.01995e-05	4.09253e-06	0.0302362
0.103093	9.7	0.00111987	-2.14214	1.82548e-05	3.59919e-06	0.0302242
0.102041	9.8	0.00103907	-2.14214	1.64987e-05	3.16527e-06	0.0302131
0.10101	9.9	0.000964117	-2.14214	1.49128e-05	2.78361e-06	0.0302029
0.1	10	0.000894597	-2.14214	1.34805e-05	2.44793e-06	0.0301936
0.0990099	10.1	0.000830109	-2.14214	1.21866e-05	2.15269e-06	0.030185
0.0980392	10.2	0.000770285	-2.14214	1.10177e-05	1.89303e-06	0.0301772
0.0970874	10.3	0.000714787	-2.14214	9.9617e-06	1.66466e-06	0.0301699
0.0961538	10.4	0.000663298	-2.14214	9.0075e-06	1.46382e-06	0.0301633
0.0952381	10.5	0.000615527	-2.14214	8.14523e-06	1.28719e-06	0.0301572
0.0943396	10.6	0.000571205	-2.14214	7.36597e-06	1.13186e-06	0.0301515
0.0934579	10.7	0.00053008	-2.14214	6.66167e-06	9.95254e-07	0.0301464
0.0925926	10.8	0.000491922	-2.14214	6.02505e-06	8.75123e-07	0.0301416
0.0917431	10.9	0.000456514	-2.14214	5.44958e-06	7.69481e-07	0.0301373
0.0909091	11	0.000423658	-2.14214	4.92933e-06	6.76582e-07	0.0301332
0.0900901	11.1	0.00039317	-2.14214	4.45897e-06	5.9489e-07	0.0301295
0.0892857	11.2	0.000364878	-2.14214	4.03369e-06	5.23054e-07	0.0301261
0.0884956	11.3	0.000338624	-2.14214	3.64913e-06	4.59887e-07	0.030123
0.0877193	11.4	0.00031426	-2.14215	3.30139e-06	4.04344e-07	0.0301202
0.0869565	11.5	0.00029165	-2.14215	2.9869e-06	3.55504e-07	0.0301175
0.0862069	11.6	0.000270668	-2.14215	2.70248e-06	3.1256e-07	0.0301151
0.0854701	11.7	0.000251196	-2.14215	2.44524e-06	2.74801e-07	0.0301128
0.0847458	11.8	0.000233125	-2.14215	2.21256e-06	2.41601e-07	0.0301108
0.0840336	11.9	0.000216355	-2.14215	2.00209e-06	2.1241e-07	0.0301089
0.0833333	12	0.000200792	-2.14215	1.81169e-06	1.86744e-07	0.0301072
0.0826446	12.1	0.000186349	-2.14215	1.63946e-06	1.64179e-07	0.0301055
0.0819672	12.2	0.000172945	-2.14215	1.48364e-06	1.44339e-07	0.0301041
0.0813008	12.3	0.000160506	-2.14215	1.34266e-06	1.26896e-07	0.0301027
0.0806452	12.4	0.000148963	-2.14215	1.21511e-06	1.11561e-07	0.0301015
0.08	12.5	0.00013825	-2.14215	1.0997e-06	9.8079e-08	0.0301003
0.0793651	12.6	0.000128309	-2.14215	9.95279e-07	8.62262e-08	0.0300993
0.0787402	12.7	0.000119083	-2.14215	9.00788e-07	7.5806e-08	0.0300983
0.078125	12.8	0.000110522	-2.14215	8.15284e-07	6.66454e-08	0.0300974
0.0775194	12.9	0.000102577	-2.14215	7.37909e-07	5.85919e-08	0.0300966
0.0769231	13	9.52048e-05	-2.14215	6.67888e-07	5.15125e-08	0.0300958
0.0763359	13.1	8.83635e-05	-2.14215	6.04521e-07	4.52884e-08	0.0300951
0.0757576	13.2	8.20151e-05	-2.14215	5.47173e-07	3.98172e-08	0.0300945
0.075188	13.3	7.61247e-05	-2.14215	4.95271e-07	3.50076e-08	0.0300939
0.0746269	13.4	7.06585e-05	-2.14215	4.48297e-07	3.07794e-08	0.0300933
0.0740741	13.5	6.55869e-05	-2.14215	4.05783e-07	2.70626e-08	0.0300928
0.0735294	13.6	6.08808e-05	-2.14215	3.67304e-07	2.37953e-08	0.0300923
0.0729927	13.7	5.65143e-05	-2.14215	3.32476e-07	2.0923e-08	0.0300919
0.0724638	13.8	5.24632e-05	-2.14215	3.00953e-07	1.83983e-08	0.0300915
0.0719424	13.9	4.87049e-05	-2.14215	2.7242e-07	1.61791e-08	0.0300912
0.0714286	14	4.52174e-05	-2.14215	2.46594e-07	1.42281e-08	0.0300908
0.070922	14.1	4.19823e-05	-2.14215	2.23217e-07	1.25134e-08	0.0300905
0.0704225	14.2	3.89809e-05	-2.14215	2.02057e-07	1.10067e-08	0.0300902
0.0699301	14.3	3.61968e-05	-2.14215	1.82903e-07	9.68242e-09	0.03009
0.0694444	14.4	3.36138e-05	-2.14215	1.65565e-07	8.51877e-09	0.0300897
0.0689655	14.5	3.12175e-05	-2.14215	1.49871e-07	7.49591e-09	0.0300895
0.0684932	14.6	2.89953e-05	-2.14215	1.35665e-07	6.59727e-09	0.0300893
0.0680272	14.7	2.69338e-05	-2.14215	1.22805e-07	5.80747e-09	0.0300891
0.0675676	14.8	2.50218e-05	-2.14215	1.11164e-07	5.1136e-09	0.030089
0.0671141	14.9	2.32481e-05	-2.14215	1.00627e-07	4.5038e-09	0.0300888
0.0666667	15	2.16038e-05	-2.14215	9.10889e-08	3.90941e-09	0.0300886
0.0662252	15.1	2.0078e-05	-2.14215	8.24561e-08	3.4445e-09	0.0300885
0.0657895	15.2	1.86637e-05	-2.14215	7.46436e-08	3.03616e-09	0.0300884
0.0653595	15.3	1.7352e-05	-2.14215	6.75711e-08	2.67668e-09	0.0300883
0.0649351	15.4	1.61357e-05	-2.14215	6.11685e-08	2.36217e-09	0.0300882
0.0645161	15.5	1.5008e-05	-2.14215	5.53723e-08	2.08594e-09	0.0300881
0.0641026	15.6	1.3962e-05	-2.14215	5.01252e-08	1.84363e-09	0.030088
0.0636943	15.7	1.29926e-05	-2.14215	4.53751e-08	1.63092e-09	0.0300879
0.0632911	15.8	1.20948e-05	-2.14215	4.10749e-08	1.44381e-09	0.0300878
0.0628931	15.9	1.12614e-05	-2.14215	3.7182e-08	1.2797e-09	0.0300878
0.0625	16	1.04897e-05	-2.14215	3.36579e-08	1.13497e-09	0.0300877
0.0621118	16.1	9.77355e-06	-2.14215	3.04675e-08	1.00829e-09	0.0300876
0.0617284	16.2	9.11021e-06	-2.14215	2.75793e-08	8.97194e-10	0.0300876
0.0613497	16.3	8.49618e-06	-2.14215	2.49648e-08	7.98458e-10	0.0300875
0.0609756	16.4	7.92663e-06	-2.14215	2.25979e-08	7.12371e-10	0.0300875
0.0606061	16.5	7.39912e-06	-2.14215	2.04554e-08	6.35945e-10	0.0300874
0.060241	16.6	6.91026e-06	-2.14215	1.85158e-08	5.68729e-10	0.0300874
0.0598802	16.7	6.45724e-06	-2.14215	1.67608e-08	4.75365e-10	0.0300874
0.0595238	16.8	6.03779e-06	-2.14215	1.51736e-08	4.62013e-10	0.0300873
0.0591716	16.9	5.65008e-06	-2.14215	1.37367e-08	4.41289e-10	0.0300873
0.0588235	17	5.2904e-06	-2.14215	1.24341e-08	3.82163e-10	0.0300873
0.0584795	17.1	4.95734e-06	-2.14215	1.12541e-08	3.41598e-10	0.0300872
0.0581395	17.2	4.64932e-06	-2.14215	1.01854e-08	3.08333e-10	0.0300872
0.0578035	17.3	4.36368e-06	-2.14215	9.2181e-09	2.78886e-10	0.0300872
0.0574713	17.4	4.1003e-06	-2.14215	8.34254e-09	2.53352e-10	0.0300872
0.0571429	17.5	3.8564e-06	-2.14215	7.54995e-09	2.30471e-10	0.0300872
0.0568182	17.6	3.63076e-06	-2.14215	6.83265e-09	2.09396e-10	0.0300871
0.0564972	17.7	3.42192e-06	-2.14215	6.18359e-09	1.90579e-10	0.0300871
0.0561798	17.8	3.2284e-06	-2.14215	5.59627e-09	1.74097e-10	0.0300871
0.0558659	17.9	3.05071e-06	-2.14215	5.06483e-09	1.59167e-10	0.0300871
0.0555556	18	2.88567e-06	-2.14215	4.58394e-09	1.4627e-10	0.0300871
0.0552486	18.1	2.73385e-06	-2.14215	4.14881e-09	1.34448e-10	0.0300871
0.0549451	18.2	2.59348e-06	-2.14215	3.75509e-09	1.23878e-10	0.0300871
0.0546448	18.3	2.46398e-06	-2.14215	3.39883e-09	1.14643e-10	0.030087
0.0543478	18.4	2.34401e-06	-2.14215	3.07647e-09	1.0624e-10	0.030087
0.0540541	18.5	2.23438e-06	-2.14215	2.78478e-09	9.91151e-11	0.030087
0.0537634	18.6	2.13237e-06	-2.14215	2.52084e-09	9.27705e-11	0.030087
0.0534759	18.7	2.03949e-06	-2.14215	2.28202e-09	8.7378e-11	0.030087
0.0531915	18.8	1.95234e-06	-2.14215	2.06592e-09	8.23183e-11	0.030087
0.0529101	18.9	1.87369e-06	-2.14215	1.87039e-09	7.80437e-11	0.030087
0.0526316	19	1.80116e-06	-2.14215	1.69345e-09	7.41597e-11	0.030087
0.052356	19.1	1.73388e-06	-2.14215	1.53335e-09	7.0534e-11	0.030087
0.0520833	19.2	1.67241e-06	-2.14215	1.38849e-09	6.74491e-11	0.030087
0.0518135	19.3	1.61633e-06	-2.14215	1.2574e-09	6.4485e-11	0.030087
0.0515464	19.4	1.56516e-06	-2.14215	1.1388e-09	6.18526e-11	0.030087
0.0512821	19.5	1.51769e-06	-2.14215	1.03148e-09	5.87427e-11	0.030087
0.0510204	19.6	1.47503e-06	-2.14215	9.34368e-10	5.62906e-11	0.030087
0.0507614	19.7	1.43536e-06	-2.14215	8.46506e-10	5.37135e-11	0.030087
0.0505051	19.8	1.40022e-06	-2.14215	7.67007e-10	5.15649e-11	0.030087
0.0502513	19.9	1.36748e-06	-2.14215	6.95076e-10	4.94739e-11	0.030087
0.05	20	1.33841e-06	-2.14215	6.29995e-10	4.69957e-11	0.030087
0.0497512	20.1	1.31222e-06	-2.14215	5.71113e-10	4.49284e-11	0.030087
0.049505	20.2	1.28774e-06	-2.14215	5.17836e-10	4.2978e-11	0.030087
0.0492611	20.3	1.26611e-06	-2.14215	4.69632e-10	4.06962e-11	0.0300869
0.0490196	20.4	1.2468e-06	-2.14215	4.26019e-10	3.87933e-11	0.0300869
0.0487805	20.5	1.2298e-06	-2.14215	3.86557e-10	3.69363e-11	0.0300869
0.0485437	20.6	1.21368e-06	-2.14215	3.50854e-10	3.52747e-11	0.0300869
0.0483092	20.7	1.20068e-06	-2.14215	3.18548e-10	3.35094e-11	0.0300869
0.0480769	20.8	1.18846e-06	-2.14215	2.8932e-10	3.16675e-11	0.0300869
0.0478469	20.9	1.17827e-06	-2.14215	2.62872e-10	3.01323e-11	0.0300869
0.047619	21	1.16906e-06	-2.14215	2.38943e-10	2.86324e-11	0.0300869
0.0473934	21.1	1.1613e-06	-2.14215	2.17292e-10	2.699e-11	0.0300869
0.0471698	21.2	1.15497e-06	-2.14215	1.97699e-10	2.55711e-11	0.0300869
0.0469484	21.3	1.1501e-06	-2.14215	1.79973e-10	2.39602e-11	0.0300869
0.046729	21.4	1.14597e-06	-2.14215	1.63935e-10	2.24276e-11	0.0300869
0.0465116	21.5	1.14246e-06	-2.14215	1.49423e-10	2.11731e-11	0.0300869
0.0462963	21.6	1.14014e-06	-2.14215	1.36298e-10	1.95226e-11	0.0300869
0.0460829	21.7	1.13839e-06	-2.14215	1.24421e-10	1.85282e-11	0.0300869
0.0458716	21.8	1.1383e-06	-2.14215	1.13678e-10	1.68483e-11	0.0300869
0.0456621	21.9	1.13782e-06	-2.14215	1.03963e-10	1.55875e-11	0.0300869
0.0454545	22	1.13862e-06	-2.14215	9.51777e-11	1.46136e-11	0.0300869
0.0452489	22.1	1.14051e-06	-2.14215	8.72317e-11	1.31129e-11	0.0300869
0.045045	22.2	1.14244e-06	-2.14215	8.00496e-11	1.19879e-11	0.0300869
0.044843	22.3	1.14417e-06	-2.14215	7.3558e-11	1.0951e-11	0.0300869
0.0446429	22.4	1.14852e-06	-2.14215	6.76882e-11	9.79472e-12	0.0300869
0.0444444	22.5	1.15161e-06	-2.14215	6.23901e-11	9.15716e-12	0.0300869
0.0442478	22.6	1.15557e-06	-2.14215	5.76014e-11	8.0765e-12	0.0300869
0.0440529	22.7	1.16014e-06	-2.14215	5.32823e-11	7.51706e-12	0.0300869
0.0438596	22.8	1.16422e-06	-2.14215	4.93851e-11	6.97517e-12	0.0300869
0.0436681	22.9	1.16971e-06	-2.14215	4.58706e-11	6.57772e-12	0.0300869
0.0434783	23	1.17497e-06	-2.14215	4.26989e-11	6.2365e-12	0.0300869
0.04329	23.1	1.1809e-06	-2.14215	3.98418e-11	5.85274e-12	0.0300869
0.0431034	23.2	1.18713e-06	-2.14215	3.72656e-11	5.8441e-12	0.0300869
0.0429185	23.3	1.19244e-06	-2.14215	3.49471e-11	5.81844e-12	0.0300869
0.042735	23.4	1.1995e-06	-2.14215	3.28608e-11	5.57488e-12	0.0300869
0.0425532	23.5	1.20629e-06	-2.14215	3.09824e-11	5.89718e-12	0.0300869
0.0423729	23.6	1.21334e-06	-2.14215	2.92914e-11	6.32838e-12	0.0300869
0.0421941	23.7	1.22002e-06	-2.14215	2.77733e-11	6.64494e-12	0.0300869
0.0420168	23.8	1.2279e-06	-2.14215	2.64052e-11	7.18037e-12	0.0300869
0.041841	23.9	1.23473e-06	-2.14215	2.51757e-11	7.55798e-12	0.0300869
0.0416667	24	1.24233e-06	-2.14215	2.40705e-11	8.09412e-12	0.0300869
0.0414938	24.1	1.25111e-06	-2.14215	2.30764e-11	9.07844e-12	0.0300869
0.0413223	24.2	1.25829e-06	-2.14215	2.2179e-11	9.56927e-12	0.0300869
0.0411523	24.3	1.26576e-06	-2.14215	2.13769e-11	1.03794e-11	0.0300869
0.0409836	24.4	1.27427e-06	-2.14215	2.06511e-11	1.12535e-11	0.0300869
0.0408163	24.5	1.282e-06	-2.14215	2.00005e-11	1.17272e-11	0.0300869
0.0406504	24.6	1.29128e-06	-2.14215	1.94098e-11	1.27677e-11	0.0300869
0.0404858	24.7	1.29879e-06	-2.14215	1.86803e-11	1.35675e-11	0.0300869
0.0403226	24.8	1.30753e-06	-2.14215	1.78862e-11	1.37614e-11	0.0300869
0.0401606	24.9	1.31581e-06	-2.14215	1.72261e-11	1.37118e-11	0.0300869
0.04	25	1.32393e-06	-2.14215	1.65156e-11	1.38787e-11	0.0300869
0.0398406	25.1	1.33175e-06	-2.14215	1.58298e-11	1.36929e-11	0.0300869
0.0396825	25.2	1.34067e-06	-2.14215	1.53001e-11	1.37375e-11	0.0300869
0.0395257	25.3	1.34991e-06	-2.14215	1.48865e-11	1.31821e-11	0.0300869
0.0393701	25.4	1.35795e-06	-2.14215	1.45641e-11	1.24158e-11	0.0300869
0.0392157	25.5	1.36768e-06	-2.14215	1.43067e-11	1.22199e-11	0.0300869
0.0390625	25.6	1.37595e-06	-2.14215	1.41002e-11	1.19658e-11	0.0300869
0.0389105	25.7	1.38536e-06	-2.14215	1.39335e-11	1.13164e-11	0.0300869
0.0387597	25.8	1.3941e-06	-2.14215	1.37976e-11	1.03973e-11	0.0300869
0.03861	25.9	1.40271e-06	-2.14215	1.36891e-11	9.50603e-12	0.0300869
0.0384615	26	1.41285e-06	-2.14215	1.36008e-11	8.74892e-12	0.0300869
0.0383142	26.1	1.42197e-06	-2.14215	1.35243e-11	7.99761e-12	0.0300869
0.0381679	26.2	1.43208e-06	-2.14215	1.34479e-11	6.95602e-12	0.0300869
0.0380228	26.3	1.44177e-06	-2.14215	1.33895e-11	5.72118e-12	0.0300869
0.0378788	26.4	1.45101e-06	-2.14215	1.33438e-11	4.5835e-12	0.0300869
0.0377358	26.5	1.46168e-06	-2.14215	1.33061e-11	3.91493e-12	0.0300869
0.037594	26.6	1.47084e-06	-2.14215	1.32704e-11	2.80586e-12	0.0300869
0.0374532	26.7	1.48065e-06	-2.14215	1.32437e-11	1.99281e-12	0.0300869
0.0373134	26.8	1.49188e-06	-2.14215	1.32174e-11	1.67618e-12	0.0300869
0.0371747	26.9	1.50094e-06	-2.14215	1.31952e-11	1.34623e-12	0.0300869
0.037037	27	1.51152e-06	-2.14215	1.31758e-11	5.20833e-13	0.0300869
0.0369004	27.1	1.52192e-06	-2.14215	1.31598e-11	6.90159e-13	0.0300869
0.0367647	27.2	1.5302e-06	-2.14215	1.31473e-11	5.20079e-15	0.0300869
0.03663	27.3	1.54195e-06	-2.14215	1.31376e-11	-4.06742e-13	0.0300869
0.0364964	27.4	1.55238e-06	-2.14215	1.31316e-11	-7.73199e-13	0.0300869
0.0363636	27.5	1.56301e-06	-2.14215	1.3126e-11	-1.20831e-12	0.0300869
0.0362319	27.6	1.57374e-06	-2.14215	1.31272e-11	-1.58906e-12	0.0300869
0.0361011	27.7	1.58386e-06	-2.14215	1.31306e-11	-2.22689e-12	0.0300869
0.0359712	27.8	1.5943e-06	-2.14215	1.31387e-11	-2.90905e-12	0.0300869
0.0358423	27.9	1.6061e-06	-2.14215	1.31462e-11	-3.36016e-12	0.0300869
0.0357143	28	1.61648e-06	-2.14215	1.31591e-11	-4.14366e-12	0.0300869
0.0355872	28.1	1.62602e-06	-2.14215	1.31716e-11	-4.3819e-12	0.0300869
0.035461	28.2	1.63746e-06	-2.14215	1.31887e-11	-5.05713e-12	0.0300869
0.0353357	28.3	1.64799e-06	-2.14215	1.32062e-11	-5.39967e-12	0.0300869
0.0352113	28.4	1.65888e-06	-2.14215	1.3222e-11	-6.40914e-12	0.0300869
0.0350877	28.5	1.67042e-06	-2.14215	1.32397e-11	-6.95255e-12	0.0300869
0.034965	28.6	1.68007e-06	-2.14215	1.32551e-11	-7.31786e-12	0.0300869
0.0348432	28.7	1.69018e-06	-2.14215	1.32695e-11	-7.94668e-12	0.0300869
0.0347222	28.8	1.70266e-06	-2.14215	1.32792e-11	-8.34759e-12	0.0300869
0.0346021	28.9	1.71401e-06	-2.14215	1.32911e-11	-9.39717e-12	0.0300869
0.0344828	29	1.7261e-06	-2.14215	1.32995e-11	-9.67757e-12	0.0300869
0.0343643	29.1	1.73535e-06	-2.14215	1.33043e-11	-1.0451e-11	0.0300869
0.0342466	29.2	1.74709e-06	-2.14215	1.33067e-11	-1.0768e-11	0.0300869
0.0341297	29.3	1.75893e-06	-2.14215	1.33107e-11	-1.17419e-11	0.0300869
0.0340136	29.4	1.77065e-06	-2.14215	1.33079e-11	-1.18675e-11	0.0300869
0.0338983	29.5	1.78033e-06	-2.14215	1.33085e-11	-1.24542e-11	0.0300869
0.0337838	29.6	1.79081e-06	-2.14215	1.33055e-11	-1.32711e-11	0.0300869
0.03367	29.7	1.80243e-06	-2.14215	1.33022e-11	-1.37121e-11	0.0300869
0.033557	29.8	1.81505e-06	-2.14215	1.33006e-11	-1.43579e-11	0.0300869
0.0334448	29.9	1.82598e-06	-2.14215	1.3296e-11	-1.46415e-11	0.0300869
0.0333333	30	1.83725e-06	-2.14215	1.32943e-11	-1.58443e-11	0.0300869
0.0332226	30.1	1.84658e-06	-2.14215	1.32933e-11	-1.58861e-11	0.0300869
0.0331126	30.2	1.86022e-06	-2.14215	1.32951e-11	-1.69369e-11	0.0300869
0.0330033	30.3	1.87095e-06	-2.14215	1.32969e-11	-1.74601e-11	0.0300869
0.0328947	30.4	1.88244e-06	-2.14215	1.32987e-11	-1.79519e-11	0.0300869
0.0327869	30.5	1.894e-06	-2.14215	1.33018e-11	-1.8916e-11	0.0300869
0.0326797	30.6	1.90484e-06	-2.14215	1.33063e-11	-1.97475e-11	0.0300869
0.0325733	30.7	1.91588e-06	-2.14215	1.3314e-11	-2.01032e-11	0.0300869
0.0324675	30.8	1.92541e-06	-2.14215	1.33205e-11	-2.01741e-11	0.0300869
0.0323625	30.9	1.93829e-06	-2.14215	1.33268e-11	-2.12044e-11	0.0300869
0.0322581	31	1.94802e-06	-2.14215	1.33379e-11	-2.22258e-11	0.0300869
0.0321543	31.1	1.95966e-06	-2.14215	1.33489e-11	-2.27617e-11	0.0300869
0.0320513	31.2	1.97088e-06	-2.14215	1.33603e-11	-2.33523e-11	0.0300869
0.0319489	31.3	1.98128e-06	-2.14215	1.33721e-11	-2.41415e-11	0.0300869
0.0318471	31.4	1.99224e-06	-2.14215	1.33859e-11	-2.48176e-11	0.0300869
0.031746	31.5	2.00305e-06	-2.14215	1.33978e-11	-2.53727e-11	0.0300869
0.0316456	31.6	2.01574e-06	-2.14215	1.34132e-11	-2.60754e-11	0.0300869
0.0315457	31.7	2.02592e-06	-2.14215	1.34274e-11	-2.71382e-11	0.0300869
0.0314465	31.8	2.03741e-06	-2.14215	1.34445e-11	-2.73041e-11	0.0300869
0.031348	31.9	2.04845e-06	-2.14215	1.3456e-11	-2.81329e-11	0.0300869
0.03125	32	2.05962e-06	-2.14215	1.34726e-11	-2.89096e-11	0.0300869
0.0311526	32.1	2.07181e-06	-2.14215	1.34901e-11	-2.97772e-11	0.0300869
0.0310559	32.2	2.08406e-06	-2.14215	1.35055e-11	-2.99555e-11	0.0300869
0.0309598	32.3	2.09448e-06	-2.14215	1.35202e-11	-3.14487e-11	0.0300869
0.0308642	32.4	2.10498e-06	-2.14215	1.35407e-11	-3.1374e-11	0.0300869
0.0307692	32.5	2.11755e-06	-2.14215	1.35547e-11	-3.23603e-11	0.0300869
0.0306748	32.6	2.12852e-06	-2.14215	1.35706e-11	-3.29529e-11	0.0300869
0.030581	32.7	2.14113e-06	-2.14215	1.35874e-11	-3.33567e-11	0.0300869
0.0304878	32.8	2.15137e-06	-2.14215	1.3607e-11	-3.41535e-11	0.0300869
0.0303951	32.9	2.16264e-06	-2.14215	1.36224e-11	-3.43987e-11	0.0300869
0.030303	33	2.17603e-06	-2.14215	1.36401e-11	-3.48104e-11	0.0300869
0.0302115	33.1	2.18697e-06	-2.14215	1.36588e-11	-3.48247e-11	0.0300869
0.0301205	33.2	2.19848e-06	-2.14215	1.36739e-11	-3.57319e-11	0.0300869
0.03003	33.3	2.20877e-06	-2.14215	1.36947e-11	-3.62515e-11	0.0300869
0.0299401	33.4	2.22152e-06	-2.14215	1.37116e-11	-3.60416e-11	0.0300869
0.0298507	33.5	2.23232e-06	-2.14215	1.37294e-11	-3.64262e-11	0.0300869
0.0297619	33.6	2.24477e-06	-2.14215	1.37466e-11	-3.69323e-11	0.0300869
0.0296736	33.7	2.25738e-06	-2.14215	1.37645e-11	-3.71768e-11	0.0300869
0.0295858	33.8	2.26692e-06	-2.14215	1.37828e-11	-3.66811e-11	0.0300869
0.0294985	33.9	2.27902e-06	-2.14215	1.38007e-11	-3.75422e-11	0.0300869
0.0294118	34	2.28953e-06	-2.14215	1.38171e-11	-3.70617e-11	0.0300869
0.0293255	34.1	2.30204e-06	-2.14215	1.38361e-11	-3.68134e-11	0.0300869
0.0292398	34.2	2.31386e-06	-2.14215	1.38511e-11	-3.72981e-11	0.0300869
0.0291545	34.3	2.32656e-06	-2.14215	1.38681e-11	-3.69869e-11	0.0300869
0.0290698	34.4	2.33689e-06	-2.14215	1.38845e-11	-3.69377e-11	0.0300869
0.0289855	34.5	2.34922e-06	-2.14215	1.38942e-11	-3.66092e-11	0.0300869
0.0289017	34.6	2.35937e-06	-2.14215	1.39074e-11	-3.61682e-11	0.0300869
0.0288184	34.7	2.37187e-06	-2.14215	1.39161e-11	-3.64727e-11	0.0300869
0.0287356	34.8	2.38264e-06	-2.14215	1.39285e-11	-3.59236e-11	0.0300869
0.0286533	34.9	2.39403e-06	-2.14215	1.39341e-11	-3.54705e-11	0.0300869
0.0285714	35	2.40434e-06	-2.14215	1.39404e-11	-3.49926e-11	0.0300869
0.02849	35.1	2.4151e-06	-2.14215	1.39395e-11	-3.46878e-11	0.0300869
0.0284091	35.2	2.42588e-06	-2.14215	1.39394e-11	-3.38826e-11	0.0300869
0.0283286	35.3	2.43677e-06	-2.14215	1.3936e-11	-3.3613e-11	0.0300869
0.0282486	35.4	2.4477e-06	-2.14215	1.39299e-11	-3.35482e-11	0.0300869
0.028169	35.5	2.45741e-06	-2.14215	1.3921e-11	-3.20244e-11	0.0300869
0.0280899	35.6	2.46893e-06	-2.14215	1.3906e-11	-3.15011e-11	0.0300869
0.0280112	35.7	2.48202e-06	-2.14215	1.38853e-11	-3.14459e-11	0.0300869
0.027933	35.8	2.49094e-06	-2.14215	1.38688e-11	-3.01962e-11	0.0300869
0.0278552	35.9	2.50214e-06	-2.14215	1.38426e-11	-2.98795e-11	0.0300869
0.0277778	36	2.51286e-06	-2.14215	1.38133e-11	-2.93358e-11	0.0300869
0.0277008	36.1	2.52441e-06	-2.14215	1.37856e-11	-2.84469e-11	0.0300869
0.0276243	36.2	2.53676e-06	-2.14215	1.37451e-11	-2.77717e-11	0.0300869
0.0275482	36.3	2.54636e-06	-2.14215	1.37048e-11	-2.64913e-11	0.0300869
0.0274725	36.4	2.55912e-06	-2.14215	1.36545e-11	-2.66937e-11	0.0300869
0.0273973	36.5	2.56939e-06	-2.14215	1.3604e-11	-2.60877e-11	0.0300869
0.0273224	36.6	2.58061e-06	-2.14215	1.35433e-11	-2.55666e-11	0.0300869
0.027248	36.7	2.59216e-06	-2.14215	1.34781e-11	-2.51737e-11	0.0300869
0.0271739	36.8	2.60456e-06	-2.14215	1.3411e-11	-2.43456e-11	0.0300869
0.0271003	36.9	2.61559e-06	-2.14215	1.33378e-11	-2.34564e-11	0.0300869
0.027027	37	2.62855e-06	-2.14215	1.32647e-11	-2.2836e-11	0.0300869
0.0269542	37.1	2.64074e-06	-2.14215	1.31887e-11	-2.27394e-11	0.0300869
0.0268817	37.2	2.65217e-06	-2.14215	1.31083e-11	-2.16729e-11	0.0300869
0.0268097	37.3	2.66517e-06	-2.14215	1.30272e-11	-2.132e-11	0.0300869
0.026738	37.4	2.67609e-06	-2.14215	1.29443e-11	-2.12002e-11	0.0300869
0.0266667	37.5	2.68737e-06	-2.14215	1.28629e-11	-1.99991e-11	0.0300869
0.0265957	37.6	2.70059e-06	-2.14215	1.27818e-11	-1.94184e-11	0.0300869
0.0265252	37.7	2.71248e-06	-2.14215	1.2702e-11	-1.89612e-11	0.0300869
0.026455	37.8	2.72367e-06	-2.14215	1.26236e-11	-1.81127e-11	0.0300869
0.0263852	37.9	2.73552e-06	-2.14215	1.25482e-11	-1.76068e-11	0.0300869
0.0263158	38	2.74802e-06	-2.14215	1.24763e-11	-1.68607e-11	0.0300869
0.0262467	38.1	2.76061e-06	-2.14215	1.24099e-11	-1.622e-11	0.0300869
0.026178	38.2	2.77502e-06	-2.14215	1.23486e-11	-1.56712e-11	0.0300869
0.0261097	38.3	2.78596e-06	-2.14215	1.22964e-11	-1.56768e-11	0.0300869
0.0260417	38.4	2.79591e-06	-2.14215	1.22531e-11	-1.54211e-11	0.0300869
0.025974	38.5	2.81359e-06	-2.14215	1.22165e-11	-1.49409e-11	0.0300869
0.0259067	38.6	2.82404e-06	-2.14215	1.2207e-11	-1.6016e-11	0.0300869
0.0258398	38.7	2.83861e-06	-2.14215	1.22196e-11	-1.74181e-11	0.0300869
0.0257732	38.8	2.84875e-06	-2.14215	1.22549e-11	-1.93854e-11	0.0300869
0.0257069	38.9	2.86184e-06	-2.14215	1.22934e-11	-2.1111e-11	0.0300869
0.025641	39	2.87443e-06	-2.14215	1.23054e-11	-2.03867e-11	0.0300869
0.0255754	39.1	2.88792e-06	-2.14215	1.22975e-11	-1.96896e-11	0.0300869
0.0255102	39.2	2.89926e-06	-2.14215	1.22736e-11	-1.8173e-11	0.0300869
0.0254453	39.3	2.91056e-06	-2.14215	1.22518e-11	-1.58601e-11	0.0300869
0.0253807	39.4	2.92681e-06	-2.14215	1.22406e-11	-1.37396e-11	0.0300869
0.0253165	39.5	2.93584e-06	-2.14215	1.22579e-11	-1.14014e-11	0.0300869
0.0252525	39.6	2.94641e-06	-2.14215	1.22942e-11	-9.76774e-12	0.0300869
0.0251889	39.7	2.96338e-06	-2.14215	1.23435e-11	-8.64145e-12	0.0300869
0.0251256	39.8	2.97615e-06	-2.14215	1.23929e-11	-7.53353e-12	0.0300869
0.0250627	39.9	2.98629e-06	-2.14215	1.24489e-11	-6.54534e-12	0.0300869
0.025	40	2.99605e-06	-2.14215	1.25208e-11	-5.22595e-12	0.0300869
0.0249377	40.1	3.00826e-06	-2.14215	1.26315e-11	-3.34244e-12	0.0300869
0.0248756	40.2	3.01836e-06	-2.14215	1.27868e-11	-4.02651e-13	0.0300869
0.0248139	40.3	3.02962e-06	-2.14215	1.29692e-11	2.8369e-12	0.0300869
0.0247525	40.4	3.03927e-06	-2.14215	1.3164e-11	5.4488e-12	0.0300869
0.0246914	40.5	3.05057e-06	-2.14215	1.33463e-11	8.47082e-12	0.0300869
0.0246305	40.6	3.06097e-06	-2.14215	1.35041e-11	1.07981e-11	0.0300869
0.02457	40.7	3.07066e-06	-2.14215	1.36415e-11	1.27518e-11	0.0300869
0.0245098	40.8	3.08855e-06	-2.14215	1.3754e-11	1.48837e-11	0.0300869
0.0244499	40.9	3.09998e-06	-2.14215	1.38466e-11	1.69246e-11	0.0300869
0.0243902	41	3.11185e-06	-2.14215	1.39235e-11	1.76101e-11	0.0300869
0.0243309	41.1	3.12417e-06	-2.14215	1.39906e-11	1.87799e-11	0.0300869
0.0242718	41.2	3.13756e-06	-2.14215	1.40482e-11	1.9276e-11	0.0300869
0.0242131	41.3	3.14982e-06	-2.14215	1.40941e-11	2.04034e-11	0.0300869
0.0241546	41.4	3.1627e-06	-2.14215	1.41381e-11	2.1181e-11	0.0300869
0.0240964	41.5	3.17888e-06	-2.14215	1.41678e-11	2.10834e-11	0.0300869
0.0240385	41.6	3.18893e-06	-2.14215	1.41915e-11	2.11388e-11	0.0300869
0.0239808	41.7	3.20471e-06	-2.14215	1.42113e-11	2.10746e-11	0.0300869
0.0239234	41.8	3.2183e-06	-2.14215	1.42174e-11	1.93603e-11	0.0300869
0.0238663	41.9	3.23003e-06	-2.14215	1.42185e-11	1.89627e-11	0.0300869
0.0238095	42	3.24436e-06	-2.14215	1.42129e-11	1.72341e-11	0.0300869
0.023753	42.1	3.25608e-06	-2.14215	1.41998e-11	1.58763e-11	0.0300869
0.0236967	42.2	3.26918e-06	-2.14215	1.41828e-11	1.44677e-11	0.0300869
0.0236407	42.3	3.28332e-06	-2.14215	1.41569e-11	1.24681e-11	0.0300869
0.0235849	42.4	3.29851e-06	-2.14215	1.41253e-11	1.14568e-11	0.0300869
0.0235294	42.5	3.31174e-06	-2.14215	1.40872e-11	9.82067e-12	0.0300869
0.0234742	42.6	3.32459e-06	-2.14215	1.40432e-11	7.90477e-12	0.0300869
0.0234192	42.7	3.33272e-06	-2.14215	1.39905e-11	7.11139e-12	0.0300869
0.0233645	42.8	3.34824e-06	-2.14215	1.39342e-11	5.77178e-12	0.0300869
0.02331	42.9	3.36082e-06	-2.14215	1.38813e-11	5.51569e-12	0.0300869
0.0232558	43	3.37302e-06	-2.14215	1.38142e-11	4.68289e-12	0.0300869
0.0232019	43.1	3.38699e-06	-2.14215	1.37445e-11	3.95828e-12	0.0300869
0.0231481	43.2	3.4017e-06	-2.14215	1.36718e-11	3.14193e-12	0.0300869
0.0230947	43.3	3.41529e-06	-2.14215	1.3599e-11	3.14112e-12	0.0300869
0.0230415	43.4	3.43041e-06	-2.14215	1.35247e-11	3.31737e-12	0.0300869
0.0229885	43.5	3.44167e-06	-2.14215	1.34384e-11	2.88058e-12	0.0300869
0.0229358	43.6	3.45265e-06	-2.14215	1.33299e-11	2.71502e-12	0.0300869
0.0228833	43.7	3.46724e-06	-2.14215	1.31964e-11	2.67074e-12	0.0300869
0.0228311	43.8	3.48437e-06	-2.14215	1.30506e-11	2.8941e-12	0.0300869
0.022779	43.9	3.49949e-06	-2.14215	1.28929e-11	3.40634e-12	0.0300869
0.0227273	44	3.51164e-06	-2.14215	1.27363e-11	2.95305e-12	0.0300869
0.0226757	44.1	3.52749e-06	-2.14215	1.25716e-11	2.8932e-12	0.0300869
0.0226244	44.2	3.54281e-06	-2.14215	1.24058e-11	3.49125e-12	0.0300869
0.0225734	44.3	3.55456e-06	-2.14215	1.22384e-11	3.46998e-12	0.0300869
0.0225225	44.4	3.56975e-06	-2.14215	1.20689e-11	3.33779e-12	0.0300869
0.0224719	44.5	3.58934e-06	-2.14215	1.18905e-11	3.56906e-12	0.0300869
0.0224215	44.6	3.60014e-06	-2.14215	1.17096e-11	3.92509e-12	0.0300869
0.0223714	44.7	3.6172e-06	-2.14215	1.1525e-11	4.00354e-12	0.0300869
0.0223214	44.8	3.62987e-06	-2.14215	1.13389e-11	4.07087e-12	0.0300869
0.0222717	44.9	3.64606e-06	-2.14215	1.1147e-11	3.57836e-12	0.0300869
0.0222222	45	3.66035e-06	-2.14215	1.09592e-11	4.21376e-12	0.0300869
0.0221729	45.1	3.6712e-06	-2.14215	1.07652e-11	4.01233e-12	0.0300869
0.0221239	45.2	3.69076e-06	-2.14215	1.05773e-11	4.75447e-12	0.0300869
0.0220751	45.3	3.70298e-06	-2.14215	1.03956e-11	4.92528e-12	0.0300869
0.0220264	45.4	3.71821e-06	-2.14215	1.02085e-11	4.85506e-12	0.0300869
0.021978	45.5	3.73652e-06	-2.14215	1.00308e-11	4.86124e-12	0.0300869
0.0219298	45.6	3.74985e-06	-2.14215	9.85862e-12	5.78145e-12	0.0300869
0.0218818	45.7	3.76469e-06	-2.14215	9.69031e-12	5.34839e-12	0.0300869
0.0218341	45.8	3.7786e-06	-2.14215	9.52919e-12	6.01963e-12	0.0300869
0.0217865	45.9	3.79529e-06	-2.14215	9.37143e-12	5.96113e-12	0.0300869
0.0217391	46	3.80736e-06	-2.14215	9.22153e-12	5.62957e-12	0.0300869
0.021692	46.1	3.82166e-06	-2.14215	9.07648e-12	5.38616e-12	0.0300869
0.021645	46.2	3.84048e-06	-2.14215	8.93817e-12	6.2666e-12	0.0300869
0.0215983	46.3	3.85492e-06	-2.14215	8.80493e-12	5.54828e-12	0.0300869
0.0215517	46.4	3.87478e-06	-2.14215	8.67743e-12	6.56842e-12	0.0300869
0.0215054	46.5	3.88815e-06	-2.14215	8.55341e-12	6.19065e-12	0.0300869
0.0214592	46.6	3.90232e-06	-2.14215	8.43726e-12	5.96416e-12	0.0300869
0.0214133	46.7	3.91785e-06	-2.14215	8.3244e-12	6.91134e-12	0.0300869
0.0213675	46.8	3.93115e-06	-2.14215	8.21763e-12	6.06273e-12	0.0300869
0.021322	46.9	3.94863e-06	-2.14215	8.11687e-12	5.95901e-12	0.0300869
0.0212766	47	3.9626e-06	-2.14215	8.02205e-12	6.07266e-12	0.0300869
0.0212314	47.1	3.98108e-06	-2.14215	7.93351e-12	6.68521e-12	0.0300869
0.0211864	47.2	3.99543e-06	-2.14215	7.84883e-12	6.9228e-12	0.0300869
0.0211416	47.3	4.01079e-06	-2.14215	7.7737e-12	7.03589e-12	0.0300869
0.021097	47.4	4.02534e-06	-2.14215	7.70178e-12	7.71667e-12	0.0300869
0.0210526	47.5	4.04072e-06	-2.14215	7.64026e-12	7.86142e-12	0.0300869
0.0210084	47.6	4.06028e-06	-2.14215	7.58024e-12	8.08005e-12	0.0300869
0.0209644	47.7	4.07278e-06	-2.14215	7.53086e-12	9.00254e-12	0.0300869
0.0209205	47.8	4.09142e-06	-2.14215	7.48923e-12	9.14483e-12	0.0300869
0.0208768	47.9	4.10309e-06	-2.14215	7.44941e-12	9.8199e-12	0.0300869
0.0208333	48	4.12113e-06	-2.14215	7.41891e-12	1.00893e-11	0.0300869
0.02079	48.1	4.13893e-06	-2.14215	7.39283e-12	1.05185e-11	0.0300869
0.0207469	48.2	4.15538e-06	-2.14215	7.37721e-12	1.09944e-11	0.0300869
0.0207039	48.3	4.17017e-06	-2.14215	7.36568e-12	1.10641e-11	0.0300869
0.0206612	48.4	4.18354e-06	-2.14215	7.36064e-12	1.18879e-11	0.0300869
0.0206186	48.5	4.20272e-06	-2.14215	7.35902e-12	1.24607e-11	0.0300869
0.0205761	48.6	4.21684e-06	-2.14215	7.36109e-12	1.27879e-11	0.0300869
0.0205339	48.7	4.23521e-06	-2.14215	7.37061e-12	1.28151e-11	0.0300869
0.0204918	48.8	4.24617e-06	-2.14215	7.37894e-12	1.40394e-11	0.0300869
0.0204499	48.9	4.26502e-06	-2.14215	7.39031e-12	1.38612e-11	0.0300869
0.0204082	49	4.28334e-06	-2.14215	7.40715e-12	1.42987e-11	0.0300869
0.0203666	49.1	4.29657e-06	-2.14215	7.42012e-12	1.48323e-11	0.0300869
0.0203252	49.2	4.31212e-06	-2.14215	7.43774e-12	1.53052e-11	0.0300869
0.020284	49.3	4.33274e-06	-2.14215	7.45348e-12	1.53806e-11	0.0300869
0.0202429	49.4	4.34757e-06	-2.14215	7.46829e-12	1.64307e-11	0.0300869
0.020202	49.5	4.36396e-06	-2.14215	7.48094e-12	1.64577e-11	0.0300869
0.0201613	49.6	4.3788e-06	-2.14215	7.4991e-12	1.6317e-11	0.0300869
0.0201207	49.7	4.39671e-06	-2.14215	7.5086e-12	1.58377e-11	0.0300869
0.0200803	49.8	4.4121e-06	-2.14215	7.52223e-12	1.60923e-11	0.0300869
0.0200401	49.9	4.42624e-06	-2.14215	7.53323e-12	1.601e-11	0.0300869
0.02	50	4.44554e-06	-2.14215	7.54431e-12	1.66966e-11	0.0300869
0.0199601	50.1	4.4618e-06	-2.14215	7.5534e-12	1.67651e-11	0.0300869
0.0199203	50.2	4.479e-06	-2.14215	7.56646e-12	1.69749e-11	0.0300869
0.0198807	50.3	4.49646e-06	-2.14215	7.57762e-12	1.69219e-11	0.0300869
0.0198413	50.4	4.51182e-06	-2.14215	7.5882e-12	1.66472e-11	0.0300869
0.019802	50.5	4.52826e-06	-2.14215	7.60093e-12	1.62742e-11	0.0300869
0.0197628	50.6	4.54725e-06	-2.14215	7.61639e-12	1.62312e-11	0.0300869
0.0197239	50.7	4.56192e-06	-2.14215	7.63146e-12	1.64106e-11	0.0300869
0.019685	50.8	4.58261e-06	-2.14215	7.64831e-12	1.63492e-11	0.0300869
0.0196464	50.9	4.5986e-06	-2.14215	7.66906e-12	1.56892e-11	0.0300869
0.0196078	51	4.61086e-06	-2.14215	7.69211e-12	1.59128e-11	0.0300869
0.0195695	51.1	4.6287e-06	-2.14215	7.71345e-12	1.54973e-11	0.0300869
0.0195312	51.2	4.64937e-06	-2.14215	7.73642e-12	1.5496e-11	0.0300869
0.0194932	51.3	4.66417e-06	-2.14215	7.7633e-12	1.65267e-11	0.0300869
0.0194553	51.4	4.68274e-06	-2.14215	7.78936e-12	1.53518e-11	0.0300869
0.0194175	51.5	4.70013e-06	-2.14215	7.81297e-12	1.51803e-11	0.0300869
0.0193798	51.6	4.71355e-06	-2.14215	7.84041e-12	1.52278e-11	0.0300869
0.0193424	51.7	4.73379e-06	-2.14215	7.86982e-12	1.5321e-11	0.0300869
0.019305	51.8	4.75228e-06	-2.14215	7.88894e-12	1.46803e-11	0.0300869
0.0192678	51.9	4.76883e-06	-2.14215	7.91759e-12	1.38545e-11	0.0300869
0.0192308	52	4.78434e-06	-2.14215	7.93633e-12	1.45331e-11	0.0300869
0.0191939	52.1	4.79961e-06	-2.14215	7.9577e-12	1.44978e-11	0.0300869
0.0191571	52.2	4.81775e-06	-2.14215	7.97642e-12	1.41196e-11	0.0300869
0.0191205	52.3	4.83539e-06	-2.14215	7.98857e-12	1.44474e-11	0.0300869
0.019084	52.4	4.85381e-06	-2.14215	8.00317e-12	1.2987e-11	0.0300869
0.0190476	52.5	4.8711e-06	-2.14215	8.00703e-12	1.38098e-11	0.0300869
0.0190114	52.6	4.88883e-06	-2.14215	8.01453e-12	1.21772e-11	0.0300869
0.0189753	52.7	4.90826e-06	-2.14215	8.02152e-12	1.21345e-11	0.0300869
0.0189394	52.8	4.92605e-06	-2.14215	8.02242e-12	1.21414e-11	0.0300869
0.0189036	52.9	4.94002e-06	-2.14215	8.02444e-12	1.16893e-11	0.0300869
0.0188679	53	4.95988e-06	-2.14215	8.02738e-12	1.10233e-11	0.0300869
0.0188324	53.1	4.97807e-06	-2.14215	8.03131e-12	1.06648e-11	0.0300869
0.018797	53.2	4.99472e-06	-2.14215	8.03167e-12	1.01074e-11	0.0300869
0.0187617	53.3	5.01598e-06	-2.14215	8.03255e-12	9.8899e-12	0.0300869
0.0187266	53.4	5.03151e-06	-2.14215	8.03802e-12	8.67172e-12	0.0300869
0.0186916	53.5	5.04787e-06	-2.14215	8.04314e-12	8.63642e-12	0.0300869
0.0186567	53.6	5.06963e-06	-2.14215	8.05035e-12	7.87468e-12	0.0300869
0.018622	53.7	5.07947e-06	-2.14215	8.05711e-12	7.83968e-12	0.0300869
0.0185874	53.8	5.10387e-06	-2.14215	8.06873e-12	7.26397e-12	0.0300869
0.0185529	53.9	5.11774e-06	-2.14215	8.08416e-12	7.23473e-12	0.0300869
0.0185185	54	5.13618e-06	-2.14215	8.09779e-12	7.23848e-12	0.0300869
0.0184843	54.1	5.15447e-06	-2.14215	8.11402e-12	7.05427e-12	0.0300869
0.0184502	54.2	5.17821e-06	-2.14215	8.13318e-12	6.72582e-12	0.0300869
0.0184162	54.3	5.19039e-06	-2.14215	8.15321e-12	6.69658e-12	0.0300869
0.0183824	54.4	5.21147e-06	-2.14215	8.17803e-12	6.44689e-12	0.0300869
0.0183486	54.5	5.22655e-06	-2.14215	8.19962e-12	5.68819e-12	0.0300869
0.018315	54.6	5.247e-06	-2.14215	8.22137e-12	4.97355e-12	0.0300869
0.0182815	54.7	5.26698e-06	-2.14215	8.24767e-12	5.30692e-12	0.0300869
0.0182482	54.8	5.28018e-06	-2.14215	8.27451e-12	5.12139e-12	0.0300869
0.0182149	54.9	5.30297e-06	-2.14215	8.30525e-12	4.64805e-12	0.0300869
0.0181818	55	5.31989e-06	-2.14215	8.33284e-12	4.53641e-12	0.0300869
0.0181488	55.1	5.33302e-06	-2.14215	8.36441e-12	4.57781e-12	0.0300869
0.0181159	55.2	5.35553e-06	-2.14215	8.39433e-12	4.23172e-12	0.0300869
0.0180832	55.3	5.37365e-06	-2.14215	8.4239e-12	3.8347e-12	0.0300869
0.0180505	55.4	5.39003e-06	-2.14215	8.45713e-12	3.29426e-12	0.0300869
0.018018	55.5	5.40687e-06	-2.14215	8.48894e-12	3.23332e-12	0.0300869
0.0179856	55.6	5.42978e-06	-2.14215	8.51967e-12	3.46773e-12	0.0300869
0.0179533	55.7	5.44676e-06	-2.14215	8.55076e-12	3.50471e-12	0.0300869
0.0179211	55.8	5.46407e-06	-2.14215	8.5852e-12	2.84902e-12	0.0300869
0.0178891	55.9	5.48331e-06	-2.14215	8.61927e-12	2.61884e-12	0.0300869
0.0178571	56	5.50475e-06	-2.14215	8.65026e-12	2.08637e-12	0.0300869
0.0178253	56.1	5.5208e-06	-2.14215	8.68221e-12	1.78413e-12	0.0300869
0.0177936	56.2	5.5415e-06	-2.14215	8.71469e-12	2.05835e-12	0.0300869
0.017762	56.3	5.55636e-06	-2.14215	8.74971e-12	1.34719e-12	0.0300869
0.0177305	56.4	5.57528e-06	-2.14215	8.78366e-12	1.56701e-12	0.0300869
0.0176991	56.5	5.5936e-06	-2.14215	8.81249e-12	1.47178e-12	0.0300869
0.0176678	56.6	5.61169e-06	-2.14215	8.84365e-12	8.39854e-13	0.0300869
0.0176367	56.7	5.63198e-06	-2.14215	8.87832e-12	-1.23459e-13	0.0300869
0.0176056	56.8	5.64983e-06	-2.14215	8.9079e-12	1.85399e-13	0.0300869
0.0175747	56.9	5.66444e-06	-2.14215	8.93776e-12	-4.54856e-13	0.0300869
0.0175439	57	5.68525e-06	-2.14215	8.96498e-12	-1.07879e-13	0.0300869
0.0175131	57.1	5.70253e-06	-2.14215	8.99117e-12	-1.79372e-13	0.0300869
0.0174825	57.2	5.72496e-06	-2.14215	9.01854e-12	-3.19799e-13	0.0300869
0.017452	57.3	5.74323e-06	-2.14215	9.04387e-12	-4.44682e-13	0.0300869
0.0174216	57.4	5.76235e-06	-2.14215	9.06592e-12	-1.28586e-13	0.0300869
0.0173913	57.5	5.78561e-06	-2.14215	9.08883e-12	1.88966e-13	0.0300869
0.0173611	57.6	5.80225e-06	-2.14215	9.10881e-12	8.46378e-13	0.0300869
0.017331	57.7	5.82143e-06	-2.14215	9.12655e-12	7.10786e-13	0.0300869
0.017301	57.8	5.8394e-06	-2.14215	9.14884e-12	8.73511e-13	0.0300869
0.0172712	57.9	5.855e-06	-2.14215	9.16417e-12	1.38867e-12	0.0300869
0.0172414	58	5.87305e-06	-2.14215	9.17953e-12	2.52135e-12	0.0300869
0.0172117	58.1	5.89394e-06	-2.14215	9.20053e-12	2.21954e-12	0.0300869
0.0171821	58.2	5.91641e-06	-2.14215	9.21403e-12	3.30183e-12	0.0300869
0.0171527	58.3	5.9343e-06	-2.14215	9.23352e-12	3.00019e-12	0.0300869
0.0171233	58.4	5.95674e-06	-2.14215	9.24921e-12	4.57251e-12	0.0300869
0.017094	58.5	5.96976e-06	-2.14215	9.26999e-12	4.58253e-12	0.0300869
0.0170648	58.6	5.98844e-06	-2.14215	9.29148e-12	4.77596e-12	0.0300869
0.0170358	58.7	6.01091e-06	-2.14215	9.31215e-12	5.15398e-12	0.0300869
0.0170068	58.8	6.02702e-06	-2.14215	9.34019e-12	5.49654e-12	0.0300869
0.0169779	58.9	6.05197e-06	-2.14215	9.368e-12	5.74332e-12	0.0300869
0.0169492	59	6.07897e-06	-2.14215	9.39873e-12	6.55684e-12	0.0300869
0.0169205	59.1	6.0893e-06	-2.14215	9.4345e-12	5.2594e-12	0.0300869
0.0168919	59.2	6.10435e-06	-2.14215	9.47236e-12	5.78962e-12	0.0300869
0.0168634	59.3	6.12139e-06	-2.14215	9.51015e-12	6.16283e-12	0.0300869
0.016835	59.4	6.14239e-06	-2.14215	9.55175e-12	6.51462e-12	0.0300869
0.0168067	59.5	6.15931e-06	-2.14215	9.59718e-12	6.05244e-12	0.0300869
0.0167785	59.6	6.18515e-06	-2.14215	9.64335e-12	6.21874e-12	0.0300869
0.0167504	59.7	6.20478e-06	-2.14215	9.69626e-12	6.37325e-12	0.0300869
0.0167224	59.8	6.2222e-06	-2.14215	9.75134e-12	5.00005e-12	0.0300869
0.0166945	59.9	6.2415e-06	-2.14215	9.80958e-12	5.2923e-12	0.0300869
0.0166667	60	6.26121e-06	-2.14215	9.87249e-12	5.05909e-12	0.0300869
0.0166389	60.1	6.27887e-06	-2.14215	9.93505e-12	4.72081e-12	0.0300869
0.0166113	60.2	6.30343e-06	-2.14215	1.00025e-11	4.50521e-12	0.0300869
0.0165837	60.3	6.32209e-06	-2.14215	1.0077e-11	4.30183e-12	0.0300869
0.0165563	60.4	6.34169e-06	-2.14215	1.01436e-11	4.87253e-12	0.0300869
0.0165289	60.5	6.36199e-06	-2.14215	1.02212e-11	4.12417e-12	0.0300869
0.0165017	60.6	6.37954e-06	-2.14215	1.03034e-11	4.14397e-12	0.0300869
0.0164745	60.7	6.39329e-06	-2.14215	1.03865e-11	3.71734e-12	0.0300869
0.0164474	60.8	6.42148e-06	-2.14215	1.04737e-11	2.91742e-12	0.0300869
0.0164204	60.9	6.44172e-06	-2.14215	1.0565e-11	2.75359e-12	0.0300869
0.0163934	61	6.46184e-06	-2.14215	1.06556e-11	2.60105e-12	0.0300869
0.0163666	61.1	6.47978e-06	-2.14215	1.07477e-11	2.29182e-12	0.0300869
0.0163399	61.2	6.5045e-06	-2.14215	1.08412e-11	1.81e-12	0.0300869
0.0163132	61.3	6.51862e-06	-2.14215	1.0944e-11	2.09913e-12	0.0300869
0.0162866	61.4	6.53968e-06	-2.14215	1.10432e-11	1.72664e-12	0.0300869
0.0162602	61.5	6.55758e-06	-2.14215	1.11449e-11	1.00441e-12	0.0300869
0.0162338	61.6	6.57873e-06	-2.14215	1.12478e-11	-3.35757e-13	0.0300869
0.0162075	61.7	6.60125e-06	-2.14215	1.13452e-11	1.14486e-14	0.0300869
0.0161812	61.8	6.6236e-06	-2.14215	1.14426e-11	-1.55252e-12	0.0300869
0.0161551	61.9	6.63851e-06	-2.14215	1.15453e-11	-2.60731e-12	0.0300869
0.016129	62	6.65858e-06	-2.14215	1.1638e-11	-2.87557e-12	0.0300869
0.0161031	62.1	6.68126e-06	-2.14215	1.17344e-11	-3.91664e-12	0.0300869
0.0160772	62.2	6.70448e-06	-2.14215	1.18226e-11	-4.91441e-12	0.0300869
0.0160514	62.3	6.72146e-06	-2.14215	1.19099e-11	-6.46398e-12	0.0300869
0.0160256	62.4	6.7392e-06	-2.14215	1.19937e-11	-7.18437e-12	0.0300869
0.016	62.5	6.76141e-06	-2.14215	1.20755e-11	-9.01047e-12	0.0300869
0.0159744	62.6	6.78117e-06	-2.14215	1.21525e-11	-1.09414e-11	0.0300869
0.015949	62.7	6.79551e-06	-2.14215	1.22259e-11	-1.1539e-11	0.0300869
0.0159236	62.8	6.82374e-06	-2.14215	1.22956e-11	-1.43343e-11	0.0300869
0.0158983	62.9	6.84209e-06	-2.14215	1.23596e-11	-1.49529e-11	0.0300869
0.015873	63	6.86236e-06	-2.14215	1.24254e-11	-1.61955e-11	0.0300869
0.0158479	63.1	6.88154e-06	-2.14215	1.24837e-11	-1.77408e-11	0.0300869
0.0158228	63.2	6.89969e-06	-2.14215	1.25387e-11	-1.89807e-11	0.0300869
0.0157978	63.3	6.92253e-06	-2.14215	1.25907e-11	-1.97555e-11	0.0300869
0.0157729	63.4	6.94418e-06	-2.14215	1.2638e-11	-2.23316e-11	0.0300869
0.015748	63.5	6.97119e-06	-2.14215	1.26817e-11	-2.35513e-11	0.0300869
0.0157233	63.6	6.98577e-06	-2.14215	1.27193e-11	-2.53575e-11	0.0300869
0.0156986	63.7	7.00136e-06	-2.14215	1.27542e-11	-2.55698e-11	0.0300869
0.015674	63.8	7.02925e-06	-2.14215	1.27779e-11	-2.73776e-11	0.0300869
0.0156495	63.9	7.04429e-06	-2.14215	1.27931e-11	-2.70134e-11	0.0300869
0.015625	64	7.06705e-06	-2.14215	1.27981e-11	-2.8876e-11	0.0300869
0.0156006	64.1	7.08594e-06	-2.14215	1.27934e-11	-2.79157e-11	0.0300869
0.0155763	64.2	7.10832e-06	-2.14215	1.27839e-11	-2.8699e-11	0.0300869
0.0155521	64.3	7.12856e-06	-2.14215	1.27625e-11	-2.93339e-11	0.0300869
0.015528	64.4	7.14654e-06	-2.14215	1.27325e-11	-2.96629e-11	0.0300869
0.0155039	64.5	7.17022e-06	-2.14215	1.26884e-11	-2.89838e-11	0.0300869
0.0154799	64.6	7.19045e-06	-2.14215	1.26318e-11	-2.8804e-11	0.0300869
0.015456	64.7	7.21033e-06	-2.14215	1.25681e-11	-2.94778e-11	0.0300869
0.0154321	64.8	7.23334e-06	-2.14215	1.24945e-11	-2.84459e-11	0.0300869
0.0154083	64.9	7.24663e-06	-2.14215	1.24129e-11	-2.8225e-11	0.0300869
0.0153846	65	7.2726e-06	-2.14215	1.23227e-11	-2.79841e-11	0.0300869
0.015361	65.1	7.30362e-06	-2.14215	1.22235e-11	-2.72432e-11	0.0300869
0.0153374	65.2	7.32068e-06	-2.14215	1.21196e-11	-2.57918e-11	0.0300869
0.0153139	65.3	7.33517e-06	-2.14215	1.20069e-11	-2.59206e-11	0.0300869
0.0152905	65.4	7.35713e-06	-2.14215	1.18935e-11	-2.47974e-11	0.0300869
0.0152672	65.5	7.38368e-06	-2.14215	1.17729e-11	-2.42213e-11	0.0300869
0.0152439	65.6	7.39883e-06	-2.14215	1.16528e-11	-2.37417e-11	0.0300869
0.0152207	65.7	7.42031e-06	-2.14215	1.15333e-11	-2.18262e-11	0.0300869
0.0151976	65.8	7.44213e-06	-2.14215	1.14025e-11	-2.19204e-11	0.0300869
0.0151745	65.9	7.45769e-06	-2.14215	1.12763e-11	-1.96981e-11	0.0300869
0.0151515	66	7.48469e-06	-2.14215	1.11561e-11	-1.76122e-11	0.0300869
0.0151286	66.1	7.50242e-06	-2.14215	1.10295e-11	-1.7021e-11	0.0300869
0.0151057	66.2	7.52335e-06	-2.14215	1.09044e-11	-1.61538e-11	0.0300869
0.015083	66.3	7.54792e-06	-2.14215	1.07804e-11	-1.47998e-11	0.0300869
0.0150602	66.4	7.57243e-06	-2.14215	1.06647e-11	-1.35556e-11	0.0300869
0.0150376	66.5	7.58648e-06	-2.14215	1.05441e-11	-1.19863e-11	0.0300869
0.015015	66.6	7.61312e-06	-2.14215	1.04253e-11	-1.08372e-11	0.0300869
0.0149925	66.7	7.62785e-06	-2.14215	1.03154e-11	-9.24159e-12	0.0300869
0.0149701	66.8	7.64984e-06	-2.14215	1.01979e-11	-8.32152e-12	0.0300869
0.0149477	66.9	7.67527e-06	-2.14215	1.00886e-11	-6.3212e-12	0.0300869
0.0149254	67	7.69464e-06	-2.14215	9.98229e-12	-5.05946e-12	0.0300869
0.0149031	67.1	7.71367e-06	-2.14215	9.88464e-12	-4.17456e-12	0.0300869
0.014881	67.2	7.73852e-06	-2.14215	9.78251e-12	-3.42627e-12	0.0300869
0.0148588	67.3	7.75949e-06	-2.14215	9.68565e-12	-1.77894e-12	0.0300869
0.0148368	67.4	7.77963e-06	-2.14215	9.59305e-12	1.11147e-13	0.0300869
0.0148148	67.5	7.80075e-06	-2.14215	9.50595e-12	8.81021e-13	0.0300869
0.0147929	67.6	7.8205e-06	-2.14215	9.42435e-12	1.59399e-12	0.0300869
0.014771	67.7	7.85148e-06	-2.14215	9.34403e-12	3.09984e-12	0.0300869
0.0147493	67.8	7.86832e-06	-2.14215	9.26773e-12	4.16227e-12	0.0300869
0.0147275	67.9	7.89207e-06	-2.14215	9.20058e-12	4.84237e-12	0.0300869
0.0147059	68	7.90913e-06	-2.14215	9.13639e-12	5.9593e-12	0.0300869
0.0146843	68.1	7.93597e-06	-2.14215	9.07425e-12	7.35678e-12	0.0300869
0.0146628	68.2	7.95768e-06	-2.14215	9.02262e-12	8.11645e-12	0.0300869
0.0146413	68.3	7.97866e-06	-2.14215	8.97515e-12	8.60649e-12	0.0300869
0.0146199	68.4	8.00056e-06	-2.14215	8.92848e-12	9.33707e-12	0.0300869
0.0145985	68.5	8.02741e-06	-2.14215	8.88615e-12	1.03414e-11	0.0300869
0.0145773	68.6	8.04778e-06	-2.14215	8.85268e-12	1.20182e-11	0.0300869
0.014556	68.7	8.06104e-06	-2.14215	8.82152e-12	1.29505e-11	0.0300869
0.0145349	68.8	8.08366e-06	-2.14215	8.79326e-12	1.28776e-11	0.0300869
0.0145138	68.9	8.10543e-06	-2.14215	8.77123e-12	1.50319e-11	0.0300869
0.0144928	69	8.13652e-06	-2.14215	8.74814e-12	1.59848e-11	0.0300869
0.0144718	69.1	8.15209e-06	-2.14215	8.73414e-12	1.64168e-11	0.0300869
0.0144509	69.2	8.17202e-06	-2.14215	8.72138e-12	1.60001e-11	0.0300869
0.01443	69.3	8.20162e-06	-2.14215	8.7127e-12	1.68565e-11	0.0300869
0.0144092	69.4	8.22263e-06	-2.14215	8.70657e-12	1.78464e-11	0.0300869
0.0143885	69.5	8.23478e-06	-2.14215	8.70019e-12	1.83891e-11	0.0300869
0.0143678	69.6	8.25299e-06	-2.14215	8.70271e-12	1.90373e-11	0.0300869
0.0143472	69.7	8.27606e-06	-2.14215	8.70554e-12	1.93638e-11	0.0300869
0.0143266	69.8	8.30151e-06	-2.14215	8.71492e-12	1.9628e-11	0.0300869
0.0143062	69.9	8.31908e-06	-2.14215	8.72364e-12	2.04326e-11	0.0300869
0.0142857	70	8.34478e-06	-2.14215	8.73608e-12	2.05508e-11	0.0300869
0.0142653	70.1	8.3695e-06	-2.14215	8.74941e-12	2.11939e-11	0.0300869
0.014245	70.2	8.38644e-06	-2.14215	8.76871e-12	2.14581e-11	0.0300869
0.0142248	70.3	8.41013e-06	-2.14215	8.78721e-12	2.19777e-11	0.0300869
0.0142045	70.4	8.43778e-06	-2.14215	8.81603e-12	2.25329e-11	0.0300869
0.0141844	70.5	8.45568e-06	-2.14215	8.84073e-12	2.36801e-11	0.0300869
0.0141643	70.6	8.47944e-06	-2.14215	8.87431e-12	2.25816e-11	0.0300869
0.0141443	70.7	8.49565e-06	-2.14215	8.90826e-12	2.35138e-11	0.0300869
0.0141243	70.8	8.51668e-06	-2.14215	8.94751e-12	2.40824e-11	0.0300869
0.0141044	70.9	8.54593e-06	-2.14215	8.98725e-12	2.43828e-11	0.0300869
0.0140845	71	8.56906e-06	-2.14215	9.02916e-12	2.46123e-11	0.0300869
0.0140647	71.1	8.58886e-06	-2.14215	9.07928e-12	2.44702e-11	0.0300869
0.0140449	71.2	8.61037e-06	-2.14215	9.13139e-12	2.4842e-11	0.0300869
0.0140252	71.3	8.62388e-06	-2.14215	9.18783e-12	2.51829e-11	0.0300869
0.0140056	71.4	8.64783e-06	-2.14215	9.24773e-12	2.68997e-11	0.0300869
0.013986	71.5	8.67331e-06	-2.14215	9.31506e-12	2.57993e-11	0.0300869
0.0139665	71.6	8.69694e-06	-2.14215	9.38119e-12	2.63753e-11	0.0300869
0.013947	71.7	8.721e-06	-2.14215	9.45655e-12	2.61445e-11	0.0300869
0.0139276	71.8	8.74461e-06	-2.14215	9.52919e-12	2.65713e-11	0.0300869
0.0139082	71.9	8.76277e-06	-2.14215	9.62182e-12	2.61665e-11	0.0300869
0.0138889	72	8.78195e-06	-2.14215	9.71035e-12	2.7575e-11	0.0300869
0.0138696	72.1	8.81079e-06	-2.14215	9.79732e-12	2.71976e-11	0.0300869
0.0138504	72.2	8.83461e-06	-2.14215	9.89807e-12	2.76387e-11	0.0300869
0.0138313	72.3	8.85379e-06	-2.14215	9.99732e-12	2.88802e-11	0.0300869
0.0138122	72.4	8.87886e-06	-2.14215	1.01058e-11	2.93808e-11	0.0300869
0.0137931	72.5	8.90142e-06	-2.14215	1.02248e-11	2.91753e-11	0.0300869
0.0137741	72.6	8.92335e-06	-2.14215	1.03429e-11	2.98728e-11	0.0300869
0.0137552	72.7	8.94419e-06	-2.14215	1.04701e-11	2.90229e-11	0.0300869
0.0137363	72.8	8.9672e-06	-2.14215	1.05946e-11	3.0065e-11	0.0300869
0.0137174	72.9	8.98662e-06	-2.14215	1.07349e-11	3.04287e-11	0.0300869
0.0136986	73	9.01462e-06	-2.14215	1.08734e-11	3.10655e-11	0.0300869
0.0136799	73.1	9.03333e-06	-2.14215	1.10221e-11	3.19837e-11	0.0300869
0.0136612	73.2	9.06228e-06	-2.14215	1.11758e-11	3.29829e-11	0.0300869
0.0136426	73.3	9.08081e-06	-2.14215	1.13324e-11	3.30347e-11	0.0300869
0.013624	73.4	9.10291e-06	-2.14215	1.14939e-11	3.24995e-11	0.0300869
0.0136054	73.5	9.13113e-06	-2.14215	1.16574e-11	3.32552e-11	0.0300869
0.013587	73.6	9.14837e-06	-2.14215	1.18305e-11	3.42388e-11	0.0300869
0.0135685	73.7	9.1792e-06	-2.14215	1.20087e-11	3.39447e-11	0.0300869
0.0135501	73.8	9.19975e-06	-2.14215	1.21926e-11	3.52417e-11	0.0300869
0.0135318	73.9	9.21899e-06	-2.14215	1.23831e-11	3.64491e-11	0.0300869
0.0135135	74	9.23702e-06	-2.14215	1.25714e-11	3.63878e-11	0.0300869
0.0134953	74.1	9.26236e-06	-2.14215	1.27654e-11	3.84415e-11	0.0300869
0.0134771	74.2	9.28247e-06	-2.14215	1.29623e-11	3.71849e-11	0.0300869
0.013459	74.3	9.30343e-06	-2.14215	1.31541e-11	3.81615e-11	0.0300869
0.0134409	74.4	9.32503e-06	-2.14215	1.3357e-11	4.01416e-11	0.0300869
0.0134228	74.5	9.35158e-06	-2.14215	1.35646e-11	4.0624e-11	0.0300869
0.0134048	74.6	9.37213e-06	-2.14215	1.37705e-11	4.08263e-11	0.0300869
0.0133869	74.7	9.39775e-06	-2.14215	1.39701e-11	4.18813e-11	0.0300869
0.013369	74.8	9.42051e-06	-2.14215	1.41804e-11	4.26698e-11	0.0300869
0.0133511	74.9	9.44938e-06	-2.14215	1.43808e-11	4.33037e-11	0.0300869
0.0133333	75	9.46989e-06	-2.14215	1.45777e-11	4.3686e-11	0.0300869
0.0133156	75.1	9.48991e-06	-2.14215	1.47805e-11	4.39812e-11	0.0300869
0.0132979	75.2	9.52041e-06	-2.14215	1.49778e-11	4.6242e-11	0.0300869
0.0132802	75.3	9.54309e-06	-2.14215	1.51704e-11	4.66025e-11	0.0300869
0.0132626	75.4	9.56718e-06	-2.14215	1.53652e-11	4.84367e-11	0.0300869
0.013245	75.5	9.59067e-06	-2.14215	1.55515e-11	4.78789e-11	0.0300869
0.0132275	75.6	9.6062e-06	-2.14215	1.57397e-11	4.97937e-11	0.0300869
0.01321	75.7	9.62937e-06	-2.14215	1.59145e-11	5.0808e-11	0.0300869
0.0131926	75.8	9.66164e-06	-2.14215	1.60951e-11	5.22678e-11	0.0300869
0.0131752	75.9	9.67842e-06	-2.14215	1.6269e-11	5.40963e-11	0.0300869
0.0131579	76	9.70043e-06	-2.14215	1.64404e-11	5.39826e-11	0.0300869
0.0131406	76.1	9.7151e-06	-2.14215	1.66146e-11	5.47431e-11	0.0300869
0.0131234	76.2	9.74762e-06	-2.14215	1.67835e-11	5.64176e-11	0.0300869
0.0131062	76.3	9.7752e-06	-2.14215	1.69472e-11	5.87291e-11	0.0300869
0.013089	76.4	9.79511e-06	-2.14215	1.71197e-11	5.94314e-11	0.0300869
0.0130719	76.5	9.81411e-06	-2.14215	1.72915e-11	6.10292e-11	0.0300869
0.0130548	76.6	9.83371e-06	-2.14215	1.74663e-11	6.24687e-11	0.0300869
0.0130378	76.7	9.86827e-06	-2.14215	1.76495e-11	6.37696e-11	0.0300869
0.0130208	76.8	9.88186e-06	-2.14215	1.78403e-11	6.60228e-11	0.0300869
0.0130039	76.9	9.91077e-06	-2.14215	1.80363e-11	6.8249e-11	0.0300869
0.012987	77	9.93143e-06	-2.14215	1.8242e-11	6.97813e-11	0.0300869
0.0129702	77.1	9.95475e-06	-2.14215	1.84542e-11	7.07117e-11	0.0300869
0.0129534	77.2	9.97985e-06	-2.14215	1.86759e-11	7.32768e-11	0.0300869
0.0129366	77.3	1.00043e-05	-2.14215	1.89097e-11	7.57912e-11	0.0300869
0.0129199	77.4	1.0025e-05	-2.14215	1.91572e-11	7.74528e-11	0.0300869
0.0129032	77.5	1.00408e-05	-2.14215	1.94135e-11	7.99593e-11	0.0300869
0.0128866	77.6	1.0069e-05	-2.14215	1.9675e-11	8.27727e-11	0.0300869
0.01287	77.7	1.00906e-05	-2.14215	1.99498e-11	8.45606e-11	0.0300869
0.0128535	77.8	1.01155e-05	-2.14215	2.02364e-11	8.77413e-11	0.0300869
0.012837	77.9	1.01285e-05	-2.14215	2.0528e-11	8.9648e-11	0.0300869
0.0128205	78	1.01599e-05	-2.14215	2.08316e-11	9.1051e-11	0.0300869
0.0128041	78.1	1.01741e-05	-2.14215	2.1145e-11	9.3369e-11	0.0300869
0.0127877	78.2	1.02079e-05	-2.14215	2.14553e-11	9.60195e-11	0.0300869
0.0127714	78.3	1.02176e-05	-2.14215	2.17733e-11	9.58616e-11	0.0300869
0.0127551	78.4	1.02445e-05	-2.14215	2.20967e-11	9.78745e-11	0.0300869
0.0127389	78.5	1.02731e-05	-2.14215	2.24212e-11	9.97841e-11	0.0300869
0.0127226	78.6	1.03085e-05	-2.14215	2.27504e-11	1.00009e-10	0.0300869
0.0127065	78.7	1.03218e-05	-2.14215	2.30805e-11	1.01446e-10	0.0300869
0.0126904	78.8	1.0348e-05	-2.14215	2.34053e-11	1.03386e-10	0.0300869
0.0126743	78.9	1.03666e-05	-2.14215	2.37209e-11	1.03162e-10	0.0300869
0.0126582	79	1.03921e-05	-2.14215	2.40272e-11	1.04199e-10	0.0300869
0.0126422	79.1	1.04088e-05	-2.14215	2.43226e-11	1.06008e-10	0.0300869
0.0126263	79.2	1.04395e-05	-2.14215	2.46135e-11	1.05395e-10	0.0300869
0.0126103	79.3	1.04561e-05	-2.14215	2.48954e-11	1.05717e-10	0.0300869
0.0125945	79.4	1.04872e-05	-2.14215	2.51383e-11	1.06714e-10	0.0300869
0.0125786	79.5	1.05099e-05	-2.14215	2.53643e-11	1.06493e-10	0.0300869
0.0125628	79.6	1.05307e-05	-2.14215	2.55626e-11	1.06906e-10	0.0300869
0.0125471	79.7	1.05529e-05	-2.14215	2.57272e-11	1.07503e-10	0.0300869
0.0125313	79.8	1.05861e-05	-2.14215	2.58554e-11	1.06147e-10	0.0300869
0.0125156	79.9	1.06024e-05	-2.14215	2.59491e-11	1.057e-10	0.0300869
0.0125	80	1.06291e-05	-2.14215	2.60013e-11	1.04021e-10	0.0300869
0.0124844	80.1	1.06468e-05	-2.14215	2.60083e-11	1.04104e-10	0.0300869
0.0124688	80.2	1.06717e-05	-2.14215	2.59845e-11	1.03512e-10	0.0300869
0.0124533	80.3	1.06968e-05	-2.14215	2.59115e-11	1.01465e-10	0.0300869
0.0124378	80.4	1.07236e-05	-2.14215	2.58024e-11	1.00159e-10	0.0300869
0.0124224	80.5	1.07308e-05	-2.14215	2.56555e-11	9.82189e-11	0.0300869
0.0124069	80.6	1.07627e-05	-2.14215	2.54813e-11	9.61092e-11	0.0300869
0.0123916	80.7	1.07859e-05	-2.14215	2.52722e-11	9.22485e-11	0.0300869
0.0123762	80.8	1.0804e-05	-2.14215	2.50475e-11	8.91085e-11	0.0300869
0.0123609	80.9	1.08357e-05	-2.14215	2.4796e-11	8.58942e-11	0.0300869
0.0123457	81	1.08457e-05	-2.14215	2.45351e-11	8.18966e-11	0.0300869
0.0123305	81.1	1.08827e-05	-2.14215	2.42737e-11	7.78538e-11	0.0300869
0.0123153	81.2	1.09027e-05	-2.14215	2.40012e-11	7.28154e-11	0.0300869
0.0123001	81.3	1.09207e-05	-2.14215	2.37416e-11	6.87064e-11	0.0300869
0.012285	81.4	1.09503e-05	-2.14215	2.34879e-11	6.41485e-11	0.0300869
0.0122699	81.5	1.09753e-05	-2.14215	2.32583e-11	5.87818e-11	0.0300869
0.0122549	81.6	1.09976e-05	-2.14215	2.3046e-11	5.45394e-11	0.0300869
0.0122399	81.7	1.10082e-05	-2.14215	2.2858e-11	5.05849e-11	0.0300869
0.0122249	81.8	1.10363e-05	-2.14215	2.26813e-11	4.60488e-11	0.0300869
0.01221	81.9	1.10622e-05	-2.14215	2.25325e-11	4.29901e-11	0.0300869
0.0121951	82	1.10815e-05	-2.14215	2.2398e-11	3.97123e-11	0.0300869
0.0121803	82.1	1.11075e-05	-2.14215	2.2295e-11	3.78713e-11	0.0300869
0.0121655	82.2	1.11343e-05	-2.14215	2.21909e-11	3.74475e-11	0.0300869
0.0121507	82.3	1.11514e-05	-2.14215	2.20901e-11	3.64332e-11	0.0300869
0.0121359	82.4	1.11721e-05	-2.14215	2.20006e-11	3.7303e-11	0.0300869
0.0121212	82.5	1.12071e-05	-2.14215	2.19186e-11	3.83658e-11	0.0300869
0.0121065	82.6	1.12191e-05	-2.14215	2.18425e-11	4.23284e-11	0.0300869
0.0120919	82.7	1.12422e-05	-2.14215	2.17645e-11	4.61438e-11	0.0300869
0.0120773	82.8	1.12633e-05	-2.14215	2.16896e-11	4.71935e-11	0.0300869
0.0120627	82.9	1.12928e-05	-2.14215	2.16047e-11	4.86909e-11	0.0300869
0.0120482	83	1.13142e-05	-2.14215	2.15049e-11	5.01653e-11	0.0300869
0.0120337	83.1	1.13427e-05	-2.14215	2.13926e-11	4.95648e-11	0.0300869
0.0120192	83.2	1.13565e-05	-2.14215	2.12544e-11	4.96769e-11	0.0300869
0.0120048	83.3	1.13721e-05	-2.14215	2.1104e-11	4.70136e-11	0.0300869
0.0119904	83.4	1.13982e-05	-2.14215	2.09364e-11	4.53883e-11	0.0300869
0.011976	83.5	1.14328e-05	-2.14215	2.07666e-11	4.02169e-11	0.0300869
0.0119617	83.6	1.14432e-05	-2.14215	2.05945e-11	3.62595e-11	0.0300869
0.0119474	83.7	1.1461e-05	-2.14215	2.04335e-11	3.17437e-11	0.0300869
0.0119332	83.8	1.14839e-05	-2.14215	2.02818e-11	2.81743e-11	0.0300869
0.011919	83.9	1.15121e-05	-2.14215	2.01503e-11	2.40108e-11	0.0300869
0.0119048	84	1.15394e-05	-2.14215	2.00217e-11	2.10244e-11	0.0300869
0.0118906	84.1	1.15649e-05	-2.14215	1.9909e-11	1.83507e-11	0.0300869
0.0118765	84.2	1.15873e-05	-2.14215	1.98061e-11	1.58707e-11	0.0300869
0.0118624	84.3	1.15988e-05	-2.14215	1.97134e-11	1.339e-11	0.0300869
0.0118483	84.4	1.16256e-05	-2.14215	1.96233e-11	1.13561e-11	0.0300869
0.0118343	84.5	1.16516e-05	-2.14215	1.95276e-11	9.58255e-12	0.0300869
0.0118203	84.6	1.16723e-05	-2.14215	1.94424e-11	8.98413e-12	0.0300869
0.0118064	84.7	1.17033e-05	-2.14215	1.93552e-11	8.31522e-12	0.0300869
0.0117925	84.8	1.17228e-05	-2.14215	1.92661e-11	5.26711e-12	0.0300869
0.0117786	84.9	1.17464e-05	-2.14215	1.91659e-11	4.98133e-12	0.0300869
0.0117647	85	1.17711e-05	-2.14215	1.90654e-11	5.00846e-12	0.0300869
0.0117509	85.1	1.17957e-05	-2.14215	1.89587e-11	4.00357e-12	0.0300869
0.0117371	85.2	1.18208e-05	-2.14215	1.8846e-11	2.88036e-12	0.0300869
0.0117233	85.3	1.1834e-05	-2.14215	1.87286e-11	2.88353e-12	0.0300869
0.0117096	85.4	1.18662e-05	-2.14215	1.86072e-11	2.29166e-12	0.0300869
0.0116959	85.5	1.18907e-05	-2.14215	1.84813e-11	3.11498e-12	0.0300869
0.0116822	85.6	1.19189e-05	-2.14215	1.83554e-11	2.45901e-12	0.0300869
0.0116686	85.7	1.19389e-05	-2.14215	1.82262e-11	1.79251e-12	0.0300869
0.011655	85.8	1.19568e-05	-2.14215	1.80906e-11	3.12341e-12	0.0300869
0.0116414	85.9	1.19792e-05	-2.14215	1.79572e-11	3.10384e-12	0.0300869
0.0116279	86	1.20126e-05	-2.14215	1.78265e-11	2.484e-12	0.0300869
0.0116144	86.1	1.20342e-05	-2.14215	1.76946e-11	2.22355e-12	0.0300869
0.0116009	86.2	1.20593e-05	-2.14215	1.75673e-11	3.33682e-12	0.0300869
0.0115875	86.3	1.20792e-05	-2.14215	1.74355e-11	3.18605e-12	0.0300869
0.0115741	86.4	1.21124e-05	-2.14215	1.73011e-11	3.48758e-12	0.0300869
0.0115607	86.5	1.21199e-05	-2.14215	1.71701e-11	5.2882e-12	0.0300869
0.0115473	86.6	1.21595e-05	-2.14215	1.70284e-11	6.32153e-12	0.0300869
0.011534	86.7	1.21795e-05	-2.14215	1.68823e-11	6.68172e-12	0.0300869
0.0115207	86.8	1.22057e-05	-2.14215	1.67261e-11	7.27857e-12	0.0300869
0.0115075	86.9	1.2221e-05	-2.14215	1.65523e-11	6.66231e-12	0.0300869
0.0114943	87	1.22576e-05	-2.14215	1.63695e-11	7.62984e-12	0.0300869
0.0114811	87.1	1.22741e-05	-2.14215	1.61736e-11	7.61984e-12	0.0300869
0.0114679	87.2	1.22953e-05	-2.14215	1.596e-11	8.10705e-12	0.0300869
0.0114548	87.3	1.23367e-05	-2.14215	1.57372e-11	8.5684e-12	0.0300869
0.0114416	87.4	1.23417e-05	-2.14215	1.55054e-11	8.54531e-12	0.0300869
0.0114286	87.5	1.23646e-05	-2.14215	1.52693e-11	7.78072e-12	0.0300869
0.0114155	87.6	1.23889e-05	-2.14215	1.50262e-11	7.53018e-12	0.0300869
0.0114025	87.7	1.24275e-05	-2.14215	1.47775e-11	8.05845e-12	0.0300869
0.0113895	87.8	1.2436e-05	-2.14215	1.45298e-11	6.79775e-12	0.0300869
0.0113766	87.9	1.24694e-05	-2.14215	1.42812e-11	7.92832e-12	0.0300869
0.0113636	88	1.24815e-05	-2.14215	1.40228e-11	6.56576e-12	0.0300869
0.0113507	88.1	1.25113e-05	-2.14215	1.37703e-11	5.13425e-12	0.0300869
0.0113379	88.2	1.2534e-05	-2.14215	1.35133e-11	5.03799e-12	0.0300869
0.011325	88.3	1.25478e-05	-2.14215	1.32557e-11	2.73912e-12	0.0300869
0.0113122	88.4	1.25702e-05	-2.14215	1.29975e-11	9.12752e-13	0.0300869
0.0112994	88.5	1.26107e-05	-2.14215	1.27486e-11	-1.15165e-12	0.0300869
0.0112867	88.6	1.26329e-05	-2.14215	1.25162e-11	-4.07282e-12	0.0300869
0.011274	88.7	1.26498e-05	-2.14215	1.23104e-11	-7.52696e-12	0.0300869
0.0112613	88.8	1.26818e-05	-2.14215	1.21258e-11	-1.07073e-11	0.0300869
0.0112486	88.9	1.26937e-05	-2.14215	1.19719e-11	-1.40173e-11	0.0300869
0.011236	89	1.27217e-05	-2.14215	1.1833e-11	-1.70559e-11	0.0300869
0.0112233	89.1	1.27606e-05	-2.14215	1.1719e-11	-2.02756e-11	0.0300869
0.0112108	89.2	1.27823e-05	-2.14215	1.16005e-11	-2.18918e-11	0.0300869
0.0111982	89.3	1.27967e-05	-2.14215	1.14773e-11	-2.28928e-11	0.0300869
0.0111857	89.4	1.28299e-05	-2.14215	1.13291e-11	-2.31561e-11	0.0300869
0.0111732	89.5	1.28506e-05	-2.14215	1.11783e-11	-2.21602e-11	0.0300869
0.0111607	89.6	1.2877e-05	-2.14215	1.10264e-11	-2.1329e-11	0.0300869
0.0111483	89.7	1.28948e-05	-2.14215	1.08852e-11	-1.92009e-11	0.0300869
0.0111359	89.8	1.29248e-05	-2.14215	1.07532e-11	-1.82589e-11	0.0300869
0.0111235	89.9	1.29395e-05	-2.14215	1.0633e-11	-1.76736e-11	0.0300869
0.0111111	90	1.29528e-05	-2.14215	1.05139e-11	-1.6514e-11	0.0300869
0.0110988	90.1	1.29859e-05	-2.14215	1.04083e-11	-1.47771e-11	0.0300869
0.0110865	90.2	1.30171e-05	-2.14215	1.03064e-11	-1.47994e-11	0.0300869
0.0110742	90.3	1.3044e-05	-2.14215	1.02112e-11	-1.22044e-11	0.0300869
0.0110619	90.4	1.30606e-05	-2.14215	1.01328e-11	-1.28651e-11	0.0300869
0.0110497	90.5	1.30822e-05	-2.14215	1.0077e-11	-1.16162e-11	0.0300869
0.0110375	90.6	1.31043e-05	-2.14215	1.00398e-11	-1.16497e-11	0.0300869
0.0110254	90.7	1.31332e-05	-2.14215	1.00356e-11	-1.04772e-11	0.0300869
0.0110132	90.8	1.3143e-05	-2.14215	1.005e-11	-9.58366e-12	0.0300869
0.0110011	90.9	1.31754e-05	-2.14215	1.00768e-11	-9.09248e-12	0.0300869
0.010989	91	1.31997e-05	-2.14215	1.01104e-11	-8.35527e-12	0.0300869
0.0109769	91.1	1.32144e-05	-2.14215	1.01552e-11	-7.17385e-12	0.0300869
0.0109649	91.2	1.32543e-05	-2.14215	1.01996e-11	-6.05832e-12	0.0300869
0.0109529	91.3	1.32618e-05	-2.14215	1.02284e-11	-6.69482e-12	0.0300869
0.0109409	91.4	1.32961e-05	-2.14215	1.02563e-11	-6.01905e-12	0.0300869
0.010929	91.5	1.33098e-05	-2.14215	1.02711e-11	-5.54426e-12	0.0300869
0.010917	91.6	1.33268e-05	-2.14215	1.03061e-11	-7.69439e-12	0.0300869
0.0109051	91.7	1.33515e-05	-2.14215	1.03251e-11	-8.56701e-12	0.0300869
0.0108932	91.8	1.33755e-05	-2.14215	1.0328e-11	-7.62347e-12	0.0300869
0.0108814	91.9	1.3389e-05	-2.14215	1.03319e-11	-6.69383e-12	0.0300869
0.0108696	92	1.34159e-05	-2.14215	1.03396e-11	-4.50777e-12	0.0300869
0.0108578	92.1	1.34508e-05	-2.14215	1.03648e-11	-2.87579e-12	0.0300869
0.010846	92.2	1.34721e-05	-2.14215	1.03878e-11	-9.07506e-13	0.0300869
0.0108342	92.3	1.34865e-05	-2.14215	1.0371e-11	-6.21917e-13	0.0300869
0.0108225	92.4	1.35185e-05	-2.14215	1.03113e-11	-3.77213e-14	0.0300869
0.0108108	92.5	1.35376e-05	-2.14215	1.02161e-11	2.32636e-13	0.0300869
0.0107991	92.6	1.35584e-05	-2.14215	1.009e-11	-4.72893e-13	0.0300869
0.0107875	92.7	1.35739e-05	-2.14215	9.94995e-12	2.43452e-13	0.0300869
0.0107759	92.8	1.36042e-05	-2.14215	9.79533e-12	1.10983e-12	0.0300869
0.0107643	92.9	1.36339e-05	-2.14215	9.64668e-12	1.38876e-12	0.0300869
0.0107527	93	1.36538e-05	-2.14215	9.49131e-12	2.55598e-12	0.0300869
0.0107411	93.1	1.36784e-05	-2.14215	9.32737e-12	4.75859e-12	0.0300869
0.0107296	93.2	1.36949e-05	-2.14215	9.1687e-12	6.32356e-12	0.0300869
0.0107181	93.3	1.37214e-05	-2.14215	8.99778e-12	6.75794e-12	0.0300869
0.0107066	93.4	1.37417e-05	-2.14215	8.83812e-12	9.21185e-12	0.0300869
0.0106952	93.5	1.3761e-05	-2.14215	8.66842e-12	1.00474e-11	0.0300869
0.0106838	93.6	1.37868e-05	-2.14215	8.50363e-12	1.33088e-11	0.0300869
0.0106724	93.7	1.38085e-05	-2.14215	8.33256e-12	1.43961e-11	0.0300869
0.010661	93.8	1.38316e-05	-2.14215	8.16446e-12	1.57362e-11	0.0300869
0.0106496	93.9	1.38574e-05	-2.14215	7.99475e-12	1.68636e-11	0.0300869
0.0106383	94	1.38886e-05	-2.14215	7.82388e-12	1.98181e-11	0.0300869
0.010627	94.1	1.39336e-05	-2.14215	7.67223e-12	2.01851e-11	0.0300869
0.0106157	94.2	1.39486e-05	-2.14215	7.52645e-12	2.24259e-11	0.0300869
0.0106045	94.3	1.39775e-05	-2.14215	7.41514e-12	2.35529e-11	0.0300869
0.0105932	94.4	1.39936e-05	-2.14215	7.32619e-12	2.68318e-11	0.0300869
0.010582	94.5	1.40169e-05	-2.14215	7.28662e-12	2.94115e-11	0.0300869
0.0105708	94.6	1.40581e-05	-2.14215	7.28891e-12	3.22133e-11	0.0300869
0.0105597	94.7	1.40548e-05	-2.14215	7.29803e-12	3.49739e-11	0.0300869
0.0105485	94.8	1.40975e-05	-2.14215	7.29209e-12	3.69217e-11	0.0300869
0.0105374	94.9	1.41363e-05	-2.14215	7.27627e-12	3.74519e-11	0.0300869
0.0105263	95	1.41445e-05	-2.14215	7.27678e-12	3.60173e-11	0.0300869
0.0105152	95.1	1.41612e-05	-2.14215	7.29616e-12	3.32825e-11	0.0300869
0.0105042	95.2	1.41937e-05	-2.14215	7.32062e-12	3.37588e-11	0.0300869
0.0104932	95.3	1.42144e-05	-2.14215	7.30948e-12	3.34932e-11	0.0300869
0.0104822	95.4	1.42412e-05	-2.14215	7.26156e-12	3.16147e-11	0.0300869
0.0104712	95.5	1.42679e-05	-2.14215	7.16728e-12	2.93912e-11	0.0300869
0.0104603	95.6	1.42935e-05	-2.14215	7.03235e-12	2.65822e-11	0.0300869
0.0104493	95.7	1.43064e-05	-2.14215	6.86288e-12	2.20524e-11	0.0300869
0.0104384	95.8	1.43349e-05	-2.14215	6.69492e-12	1.77221e-11	0.0300869
0.0104275	95.9	1.43678e-05	-2.14215	6.52301e-12	1.39669e-11	0.0300869
0.0104167	96	1.43907e-05	-2.14215	6.38107e-12	1.02416e-11	0.0300869
0.0104058	96.1	1.44063e-05	-2.14215	6.2575e-12	6.79455e-12	0.0300869
0.010395	96.2	1.4432e-05	-2.14215	6.14206e-12	2.59345e-12	0.0300869
0.0103842	96.3	1.44621e-05	-2.14215	6.03344e-12	-4.52308e-13	0.0300869
0.0103734	96.4	1.44837e-05	-2.14215	5.93255e-12	-2.48224e-12	0.0300869
0.0103627	96.5	1.4502e-05	-2.14215	5.83036e-12	-5.43244e-12	0.0300869
0.010352	96.6	1.45322e-05	-2.14215	5.72991e-12	-7.59376e-12	0.0300869
0.0103413	96.7	1.45619e-05	-2.14215	5.63594e-12	-1.093e-11	0.0300869
0.0103306	96.8	1.45899e-05	-2.14215	5.53568e-12	-1.11071e-11	0.0300869
0.0103199	96.9	1.46089e-05	-2.14215	5.43934e-12	-1.46771e-11	0.0300869
0.0103093	97	1.46373e-05	-2.14215	5.34266e-12	-1.67561e-11	0.0300869
0.0102987	97.1	1.4675e-05	-2.14215	5.2488e-12	-1.79256e-11	0.0300869
0.0102881	97.2	1.46905e-05	-2.14215	5.15581e-12	-1.96684e-11	0.0300869
0.0102775	97.3	1.47181e-05	-2.14215	5.06823e-12	-2.06756e-11	0.0300869
0.0102669	97.4	1.47366e-05	-2.14215	5.00089e-12	-2.16986e-11	0.0300869
0.0102564	97.5	1.4769e-05	-2.14215	4.92897e-12	-2.25026e-11	0.0300869
0.0102459	97.6	1.48041e-05	-2.14215	4.86845e-12	-2.33456e-11	0.0300869
0.0102354	97.7	1.48203e-05	-2.14215	4.81533e-12	-2.43503e-11	0.0300869
0.0102249	97.8	1.48493e-05	-2.14215	4.77929e-12	-2.38616e-11	0.0300869
0.0102145	97.9	1.48965e-05	-2.14215	4.75029e-12	-2.43485e-11	0.0300869
0.0102041	98	1.49168e-05	-2.14215	4.73387e-12	-2.40172e-11	0.0300869
0.0101937	98.1	1.49515e-05	-2.14215	4.73372e-12	-2.54241e-11	0.0300869
0.0101833	98.2	1.49559e-05	-2.14215	4.75208e-12	-2.55021e-11	0.0300869
0.0101729	98.3	1.49808e-05	-2.14215	4.77216e-12	-2.39968e-11	0.0300869
0.0101626	98.4	1.50112e-05	-2.14215	4.80054e-12	-2.48404e-11	0.0300869
0.0101523	98.5	1.50405e-05	-2.14215	4.84284e-12	-2.57106e-11	0.0300869
0.010142	98.6	1.50557e-05	-2.14215	4.87831e-12	-2.42071e-11	0.0300869
0.0101317	98.7	1.50854e-05	-2.14215	4.91082e-12	-2.31161e-11	0.0300869
0.0101215	98.8	1.51082e-05	-2.14215	4.94638e-12	-2.02291e-11	0.0300869
0.0101112	98.9	1.51404e-05	-2.14215	4.95643e-12	-1.95407e-11	0.0300869
0.010101	99	1.51691e-05	-2.14215	4.97466e-12	-1.73883e-11	0.0300869
0.0100908	99.1	1.51807e-05	-2.14215	4.97124e-12	-1.46897e-11	0.0300869
0.0100806	99.2	1.52126e-05	-2.14215	4.96337e-12	-1.33015e-11	0.0300869
0.0100705	99.3	1.52529e-05	-2.14215	4.96111e-12	-9.21391e-12	0.0300869
0.0100604	99.4	1.52722e-05	-2.14215	4.95512e-12	-7.55319e-12	0.0300869
0.0100503	99.5	1.53061e-05	-2.14215	4.9593e-12	-4.66521e-12	0.0300869
0.0100402	99.6	1.53221e-05	-2.14215	4.96792e-12	-3.41095e-12	0.0300869
0.0100301	99.7	1.53555e-05	-2.14215	4.99835e-12	-1.49863e-12	0.0300869
0.01002	99.8	1.53704e-05	-2.14215	5.0262e-12	-1.58378e-13	0.0300869
0.01001	99.9	1.54038e-05	-2.14215	5.06894e-12	1.42533e-12	0.0300869
0.01	100	1.54316e-05	-2.14215	5.11461e-12	2.79871e-12	0.0300869
