0.1 0.99002705
0.2 0.96043106
0.3 0.912168
0.4 0.8467895
0.5 0.76638254
0.6 0.67348886
0.7 0.57100791
0.8 0.46208769
0.9 0.3500082
1 0.2380626
1.1 0.12944081
1.2 0.027120394
1.3 -0.066231321
1.4 -0.14834034
1.5 -0.21739159
1.6 -0.27207521
1.7 -0.31161244
1.8 -0.335761
1.9 -0.34480064
2 -0.33950035
2.1 -0.32106907
2.2 -0.29109278
2.3 -0.25146077
2.4 -0.20428426
2.5 -0.15181069
2.6 -0.09633835
2.7 -0.040132011
2.8 0.014655006
2.9 0.066050899
3 0.1123252
3.1 0.15203668
3.2 0.18406827
3.3 0.20764835
3.4 0.22235849
3.5 0.2281281
3.6 0.22521693
3.7 0.21418656
3.8 0.1958622
3.9 0.17128914
4 0.14168177
4.1 0.10837055
4.2 0.072747753
4.3 0.036214123
4.4 0.00012829659
4.5 -0.034239043
4.6 -0.065745291
4.7 -0.093409915
4.8 -0.11644019
4.9 -0.13424903
5 -0.14646459
5.1 -0.15293105
5.2 -0.15370341
5.3 -0.14903421
5.4 -0.1393542
5.5 -0.12524803
5.6 -0.10742603
5.7 -0.086693555
5.8 -0.063917356
5.9 -0.039993025
6 -0.015812796
6.1 0.0077657514
6.2 0.029947471
6.3 0.05002372
6.4 0.067392868
6.5 0.081576217
6.6 0.092228147
6.7 0.09914221
6.8 0.10225162
6.9 0.10162556
7 0.097460485
7.1 0.090067465
7.2 0.079856885
7.3 0.067319168
7.4 0.053004614
7.5 0.037501518
7.6 0.021413896
7.7 0.0053397648
7.8 -0.010149686
7.9 -0.024528817
8 -0.037334699
8.1 -0.048180864
8.2 -0.056767675
8.3 -0.062889727
8.4 -0.066439163
8.5 -0.067405898
8.6 -0.065873733
8.7 -0.062013817
8.8 -0.056074961
8.9 -0.048371217
9 -0.039267771
9.1 -0.029165617
9.2 -0.018485117
9.3 -0.0076497467
9.4 0.0029299767
9.5 0.012871249
9.6 0.021831784
9.7 0.029521297
9.8 0.03571035
9.9 0.040236836
10 0.043008717
