4 -1.91272198324 0
5 -2.55868031994 0
6 -3.24981654033 0
7 -3.98423703357 0
8 -4.75941594142 0
9 -5.57347814976 0
10 -6.42627496611 0
11 -7.31986432572 0
12 -8.25736054362 0
13 -9.24066671194 0
14 -10.2711357759 0
15 -11.3498676674 0
16 -12.4774285203 0
  
17 -12.24756303329357 1
18 -12.31158936376466 1
19 -12.41854249610021 1
20 -12.59687928295911 1
21 -12.81094315607021 1
22 -13.05938791019169 1
23 -13.35674971354552 1
24 -13.67873894029191 1
25 -14.06823977531322 1
26 -14.46720389543107 1
27 -14.89697219816023 1
  
28 -15.36443644091548 1
27 -14.89929112909168 1
26 -14.47681774326786 1
25 -14.09118432181719 1
24 -13.69116221365294 1
23 -13.3980532913464 1
22 -13.13611565897948 1
21 -12.91634003601636 1
20 -12.73771412876678 1
19 -12.60093999598768 1
18 -12.50961116830168 1
17 -12.46226826915869 1
16 -12.44106588861455 1
15 -12.46827555071735 1
14 -12.54081317667504 1
13 -12.67042025466944 1
12 -12.84904743331518 1
11 -13.05114681136352 1
10 -13.30546389602289 1
9 -13.61162002548368 1
8 -13.92438642426526 1
7 -14.33391818580033 1
6 -14.74808417873152 1
5 -15.20929954604081 1
  
4 -15.70345394381099 1
5 -15.21109448893178 1
6 -14.75621312027149 1
7 -14.33938110226105 1
8 -13.94583668371413 1
9 -13.63868726916229 1
10 -13.37682353623638 1
11 -13.17109944554159 1
12 -12.99683142650475 1
13 -12.84437141346806 1
14 -12.71163662235844 1
15 -12.6527919810154 1
16 -12.5925233614443 1
  
17 -12.65536733702334 2
18 -12.73828993469329 2
19 -12.83251404680219 2
20 -12.966043146676 2
21 -13.13709821382317 2
22 -13.34658759401169 2
23 -13.60199814096859 2
24 -13.89429799934921 2
25 -14.29626415689924 2
26 -14.70809358147233 2
27 -15.13750610393294 2
  
28 -15.60208574845114 2
27 -15.13736369040558 2
26 -14.70790584743543 2
25 -14.29623636628924 2
24 -13.88661139508237 2
23 -13.58331464866695 2
22 -13.32034643839548 2
21 -13.11038491847926 2
20 -12.94028301758035 2
19 -12.80746452777491 2
18 -12.7093966910411 2
17 -12.62120228528346 2
16 -12.56038830042213 2
15 -12.56870354913343 2
14 -12.65394678890167 2
13 -12.79992571132243 2
12 -12.94456387890463 2
11 -13.10400417180978 2
10 -13.30679010556238 2
9 -13.57768855575014 2
8 -13.86449521351008 2
7 -14.21381469677859 2
6 -14.66952918725696 2
5 -15.13452684259451 2
  
4 -15.61115233230573 2
5 -15.13501621053961 2
6 -14.66946947181656 2
7 -14.2164576765365 2
8 -13.85113430040682 2
9 -13.53088514438936 2
10 -13.2480198159261 2
11 -12.99760488908224 2
12 -12.79310796728099 2
13 -12.7013712473408 2
14 -12.60207683602524 2
15 -12.51925921061702 2
16 -12.53820168183602 2
  
17 -12.55056460164657 3
18 -12.59197114773679 3
19 -12.66892239802548 3
20 -12.76261265254527 3
21 -12.92488513259838 3
22 -13.16957367392454 3
23 -13.45240661557561 3
24 -13.74777901278686 3
25 -14.07581445215277 3
26 -14.4422919437012 3
27 -14.8701014916247 3
  
28 -15.38535607778078 3
27 -14.87221878558328 3
26 -14.43323636889051 3
25 -14.05624887142305 3
24 -13.72749408027771 3
23 -13.44309459093055 3
22 -13.14066365539164 3
21 -12.87158657771077 3
20 -12.74642247777409 3
19 -12.65721497486427 3
18 -12.59251296377804 3
17 -12.54857804866435 3
16 -12.51615096938979 3
15 -12.5260681445072 3
14 -12.54922060496805 3
13 -12.71239606038334 3
12 -12.89697992130355 3
11 -13.09806446527056 3
10 -13.34065660988759 3
9 -13.61578583480747 3
8 -13.93753953346627 3
7 -14.31062060194939 3
6 -14.7309042472073 3
5 -15.22703764402438 3
  
4 -15.77286614618395 3
5 -15.22659381240581 3
6 -14.73014164872594 3
7 -14.30648158580595 3
8 -13.92841504972435 3
9 -13.59855096978366 3
10 -13.30928296675425 3
11 -13.06411172885337 3
12 -12.87001449963714 3
13 -12.70190364326885 3
14 -12.5401466430215 3
15 -12.51458239781437 3
16 -12.50866328909122 3
  
17 -12.55157969984383 4
18 -12.60507919315054 4
19 -12.67496792593827 4
20 -12.80854508038138 4
21 -13.02341703592507 4
22 -13.26746532852177 4
23 -13.55729048774816 4
24 -13.91392028595948 4
25 -14.27004109669962 4
26 -14.66600200852919 4
27 -15.09692377136518 4
  
28 -15.56334245305675 4
27 -15.09915127563574 4
26 -14.67405878759446 4
25 -14.27310919024363 4
24 -13.91015861677929 4
23 -13.59074313303955 4
22 -13.28656053575329 4
21 -13.04894468990155 4
20 -12.86538643855184 4
19 -12.7463601792175 4
18 -12.66118844283901 4
17 -12.61393059842531 4
16 -12.61506316744483 4
15 -12.60223510941597 4
14 -12.68263113465926 4
13 -12.81086616634305 4
12 -12.98431730308789 4
11 -13.20084966889788 4
10 -13.46995843878144 4
9 -13.77700280191689 4
8 -14.13211861477792 4
7 -14.5219897570297 4
6 -14.94732376051359 4
5 -15.42930625915442 4
  
4 -16.03204356412377 4
5 -15.42965742925851 4
6 -14.94508154805089 4
7 -14.51763948432282 4
8 -14.12467694634244 4
9 -13.76825697511911 4
10 -13.45757992483781 4
11 -13.19865691466505 4
12 -12.98061392925588 4
13 -12.81141974947672 4
14 -12.67027827973575 4
15 -12.59085906818238 4
16 -12.57446480046978 4
  
17 -12.57699242506084 4
18 -12.6118249387119 4
19 -12.70526504470124 4
20 -12.8346457442558 4
21 -13.01477053893539 4
22 -13.25703229086498 4
23 -13.52319518123288 4
24 -13.84356661051464 4
25 -14.20775256417168 4
26 -14.60622019768397 4
27 -15.06220310342452 4
