#T	β	c		e		chi		s
100	0.01	0.000131298	-0.0130986	0.0197397	0.693082
50	0.02	0.000527543	-0.0262582	0.0389632	0.692884
33.3333	0.03	0.00119185	-0.0394742	0.0576769	0.692554
25	0.04	0.0021268	-0.0527423	0.0758876	0.692089
20	0.05	0.00333437	-0.0660576	0.093602	0.69149
16.6667	0.06	0.004816	-0.0794157	0.110827	0.690755
14.2857	0.07	0.00657252	-0.0928116	0.12757	0.689885
12.5	0.08	0.00860417	-0.106241	0.143838	0.688877
11.1111	0.09	0.0109106	-0.119698	0.159637	0.687734
10	0.1	0.0134908	-0.133179	0.174977	0.686453
9.09091	0.11	0.0163433	-0.146678	0.189863	0.685035
8.33333	0.12	0.0194659	-0.160191	0.204304	0.683481
7.69231	0.13	0.0228558	-0.173712	0.218306	0.681791
7.14286	0.14	0.0265098	-0.187237	0.231879	0.679965
6.66667	0.15	0.0304239	-0.200761	0.245029	0.678004
6.25	0.16	0.0345937	-0.214279	0.257764	0.675909
5.88235	0.17	0.0390142	-0.227786	0.270093	0.67368
5.55556	0.18	0.0436799	-0.241277	0.282022	0.67132
5.26316	0.19	0.0485847	-0.254747	0.29356	0.668828
5	0.2	0.0537223	-0.268192	0.304716	0.666206
3.33333	0.3	0.11618	-0.400244	0.396932	0.633236
2.5	0.4	0.192294	-0.525137	0.459393	0.589599
2	0.5	0.272208	-0.639813	0.49923	0.538088
1.66667	0.6	0.347356	-0.742541	0.522499	0.481692
1.42857	0.7	0.411874	-0.83278	0.534023	0.42314
1.25	0.8	0.462792	-0.910885	0.537455	0.364659
1.11111	0.9	0.499475	-0.977771	0.535458	0.307895
1	1	0.522829	-1.03464	0.529927	0.253951
0.909091	1.1	0.534589	-1.08276	0.522182	0.203484
0.833333	1.2	0.536803	-1.1234	0.513129	0.156812
0.769231	1.3	0.53151	-1.15768	0.503385	0.11401
0.714286	1.4	0.520566	-1.18661	0.493364	0.0749922
0.666667	1.5	0.505567	-1.21106	0.483338	0.0395691
0.625	1.6	0.487835	-1.23178	0.473483	0.00749495
0.588235	1.7	0.468425	-1.24937	0.463908	-0.0215036
0.555556	1.8	0.448161	-1.26435	0.454676	-0.0477069
0.526316	1.9	0.427666	-1.27716	0.445818	-0.0713885
0.5	2	0.4074	-1.28815	0.437346	-0.0928078
0.47619	2.1	0.38769	-1.29762	0.429258	-0.112205
0.454545	2.2	0.368755	-1.30581	0.421544	-0.1298
0.434783	2.3	0.350735	-1.31292	0.41419	-0.145791
0.416667	2.4	0.333709	-1.31912	0.407176	-0.160355
0.4	2.5	0.317706	-1.32455	0.400485	-0.173649
0.384615	2.6	0.302724	-1.32932	0.394097	-0.185815
0.37037	2.7	0.288737	-1.33353	0.387996	-0.196975
0.357143	2.8	0.275703	-1.33727	0.382164	-0.207237
0.344828	2.9	0.263569	-1.34059	0.376586	-0.216697
0.333333	3	0.252278	-1.34355	0.371248	-0.22544
0.322581	3.1	0.241768	-1.34621	0.366138	-0.233539
0.3125	3.2	0.23198	-1.34859	0.361244	-0.241058
0.30303	3.3	0.222854	-1.35075	0.356557	-0.248055
0.294118	3.4	0.214334	-1.3527	0.352067	-0.25458
0.285714	3.5	0.206366	-1.35446	0.347766	-0.260677
0.277778	3.6	0.198901	-1.35607	0.343649	-0.266385
0.27027	3.7	0.191893	-1.35754	0.339708	-0.271738
0.263158	3.8	0.185301	-1.35888	0.335939	-0.276767
0.25641	3.9	0.179086	-1.36011	0.332336	-0.281499
0.25	4	0.173213	-1.36124	0.328894	-0.285959
0.243902	4.1	0.167653	-1.36228	0.325611	-0.290167
0.238095	4.2	0.162375	-1.36324	0.322483	-0.294143
0.232558	4.3	0.157356	-1.36412	0.319505	-0.297904
0.227273	4.4	0.152572	-1.36494	0.316676	-0.301467
0.222222	4.5	0.148004	-1.3657	0.313992	-0.304844
0.217391	4.6	0.143633	-1.3664	0.311451	-0.308049
0.212766	4.7	0.139443	-1.36706	0.30905	-0.311092
0.208333	4.8	0.13542	-1.36767	0.306786	-0.313986
0.204082	4.9	0.131551	-1.36824	0.304658	-0.316738
0.2	5	0.127824	-1.36876	0.302663	-0.319358
0.196078	5.1	0.12423	-1.36926	0.300799	-0.321853
0.192308	5.2	0.120759	-1.36972	0.299064	-0.324232
0.188679	5.3	0.117402	-1.37015	0.297455	-0.3265
0.185185	5.4	0.114153	-1.37056	0.29597	-0.328664
0.181818	5.5	0.111005	-1.37094	0.294607	-0.33073
0.178571	5.6	0.107952	-1.37129	0.293364	-0.332702
0.175439	5.7	0.10499	-1.37163	0.292239	-0.334587
0.172414	5.8	0.102112	-1.37194	0.29123	-0.336388
0.169492	5.9	0.0993151	-1.37223	0.290334	-0.338109
0.166667	6	0.0965954	-1.37251	0.289549	-0.339756
0.163934	6.1	0.0939494	-1.37277	0.288874	-0.34133
0.16129	6.2	0.0913739	-1.37302	0.288305	-0.342837
0.15873	6.3	0.088866	-1.37325	0.287841	-0.344279
0.15625	6.4	0.0864233	-1.37346	0.28748	-0.345659
0.153846	6.5	0.0840433	-1.37367	0.287219	-0.34698
0.151515	6.6	0.0817238	-1.37386	0.287056	-0.348246
0.149254	6.7	0.0794629	-1.37404	0.286989	-0.349458
0.147059	6.8	0.0772588	-1.37422	0.287016	-0.350618
0.144928	6.9	0.0751098	-1.37438	0.287134	-0.351731
0.142857	7	0.0730143	-1.37453	0.287342	-0.352796
0.140845	7.1	0.0709708	-1.37468	0.287637	-0.353817
0.138889	7.2	0.0689781	-1.37481	0.288017	-0.354796
0.136986	7.3	0.0670348	-1.37494	0.288481	-0.355734
0.135135	7.4	0.0651396	-1.37506	0.289025	-0.356633
0.133333	7.5	0.0632916	-1.37518	0.289648	-0.357495
0.131579	7.6	0.0614895	-1.37529	0.290348	-0.358321
0.12987	7.7	0.0597324	-1.37539	0.291123	-0.359113
0.128205	7.8	0.0580192	-1.37549	0.291971	-0.359873
0.126582	7.9	0.056349	-1.37558	0.292889	-0.360601
0.125	8	0.054721	-1.37567	0.293877	-0.361299
0.123457	8.1	0.0531341	-1.37576	0.294931	-0.361969
0.121951	8.2	0.0515875	-1.37583	0.29605	-0.362612
0.120482	8.3	0.0500804	-1.37591	0.297232	-0.363228
0.119048	8.4	0.0486121	-1.37598	0.298476	-0.363818
0.117647	8.5	0.0471816	-1.37605	0.299779	-0.364385
0.116279	8.6	0.0457882	-1.37611	0.30114	-0.364928
0.114943	8.7	0.0444311	-1.37617	0.302557	-0.36545
0.113636	8.8	0.0431096	-1.37623	0.304029	-0.36595
0.11236	8.9	0.041823	-1.37628	0.305553	-0.366429
0.111111	9	0.0405704	-1.37633	0.307129	-0.366889
0.10989	9.1	0.0393513	-1.37638	0.308753	-0.367331
0.108696	9.2	0.0381648	-1.37643	0.310426	-0.367754
0.107527	9.3	0.0370104	-1.37647	0.312146	-0.36816
0.106383	9.4	0.0358872	-1.37651	0.31391	-0.36855
0.105263	9.5	0.0347947	-1.37655	0.315718	-0.368923
0.104167	9.6	0.0337321	-1.37659	0.317568	-0.369282
0.103093	9.7	0.0326988	-1.37663	0.319459	-0.369626
0.102041	9.8	0.0316941	-1.37666	0.321389	-0.369956
0.10101	9.9	0.0307174	-1.37669	0.323358	-0.370272
0.1	10	0.0297681	-1.37672	0.325363	-0.370576
0.0990099	10.1	0.0288455	-1.37675	0.327404	-0.370867
0.0980392	10.2	0.027949	-1.37678	0.32948	-0.371146
0.0970874	10.3	0.0270781	-1.37681	0.331589	-0.371414
0.0961538	10.4	0.026232	-1.37683	0.33373	-0.371672
0.0952381	10.5	0.0254103	-1.37685	0.335902	-0.371918
0.0943396	10.6	0.0246123	-1.37688	0.338104	-0.372155
0.0934579	10.7	0.0238375	-1.3769	0.340336	-0.372382
0.0925926	10.8	0.0230853	-1.37692	0.342595	-0.3726
0.0917431	10.9	0.0223551	-1.37694	0.344882	-0.372809
0.0909091	11	0.0216465	-1.37696	0.347194	-0.373009
0.0900901	11.1	0.0209588	-1.37697	0.349532	-0.373202
0.0892857	11.2	0.0202915	-1.37699	0.351894	-0.373386
0.0884956	11.3	0.0196442	-1.37701	0.35428	-0.373563
0.0877193	11.4	0.0190162	-1.37702	0.356688	-0.373733
0.0869565	11.5	0.0184072	-1.37703	0.359119	-0.373896
0.0862069	11.6	0.0178165	-1.37705	0.36157	-0.374052
0.0854701	11.7	0.0172438	-1.37706	0.364042	-0.374202
0.0847458	11.8	0.0166885	-1.37707	0.366533	-0.374346
0.0840336	11.9	0.0161502	-1.37708	0.369043	-0.374484
0.0833333	12	0.0156284	-1.3771	0.371572	-0.374616
0.0826446	12.1	0.0151227	-1.37711	0.374118	-0.374743
0.0819672	12.2	0.0146327	-1.37712	0.376681	-0.374865
0.0813008	12.3	0.0141578	-1.37713	0.37926	-0.374982
0.0806452	12.4	0.0136977	-1.37713	0.381855	-0.375094
0.08	12.5	0.013252	-1.37714	0.384465	-0.375201
0.0793651	12.6	0.0128203	-1.37715	0.38709	-0.375304
0.0787402	12.7	0.0124022	-1.37716	0.389729	-0.375403
0.078125	12.8	0.0119972	-1.37717	0.392381	-0.375498
0.0775194	12.9	0.0116051	-1.37717	0.395047	-0.37559
0.0769231	13	0.0112255	-1.37718	0.397725	-0.375677
0.0763359	13.1	0.0108579	-1.37719	0.400415	-0.375761
0.0757576	13.2	0.0105021	-1.37719	0.403117	-0.375841
0.075188	13.3	0.0101577	-1.3772	0.40583	-0.375918
0.0746269	13.4	0.00982441	-1.3772	0.408554	-0.375992
0.0740741	13.5	0.00950184	-1.37721	0.411288	-0.376063
0.0735294	13.6	0.00918972	-1.37722	0.414033	-0.376131
0.0729927	13.7	0.00888771	-1.37722	0.416787	-0.376197
0.0724638	13.8	0.00859554	-1.37722	0.41955	-0.37626
0.0719424	13.9	0.0083129	-1.37723	0.422323	-0.37632
0.0714286	14	0.0080395	-1.37723	0.425104	-0.376377
0.070922	14.1	0.00777508	-1.37724	0.427893	-0.376433
0.0704225	14.2	0.00751935	-1.37724	0.43069	-0.376486
0.0699301	14.3	0.00727206	-1.37724	0.433495	-0.376537
0.0694444	14.4	0.00703295	-1.37725	0.436307	-0.376586
0.0689655	14.5	0.00680177	-1.37725	0.439127	-0.376633
0.0684932	14.6	0.00657827	-1.37725	0.441953	-0.376677
0.0680272	14.7	0.00636223	-1.37726	0.444786	-0.376721
0.0675676	14.8	0.00615341	-1.37726	0.447625	-0.376762
0.0671141	14.9	0.00595158	-1.37726	0.450471	-0.376802
0.0666667	15	0.00575654	-1.37726	0.453322	-0.37684
0.0662252	15.1	0.00556806	-1.37727	0.456179	-0.376876
0.0657895	15.2	0.00538595	-1.37727	0.459041	-0.376911
0.0653595	15.3	0.00521	-1.37727	0.461908	-0.376945
0.0649351	15.4	0.00504003	-1.37727	0.464781	-0.376977
0.0645161	15.5	0.00487584	-1.37728	0.467658	-0.377008
0.0641026	15.6	0.00471725	-1.37728	0.47054	-0.377038
0.0636943	15.7	0.00456408	-1.37728	0.473427	-0.377066
0.0632911	15.8	0.00441617	-1.37728	0.476318	-0.377094
0.0628931	15.9	0.00427334	-1.37728	0.479213	-0.37712
0.0625	16	0.00413544	-1.37728	0.482112	-0.377145
0.0621118	16.1	0.0040023	-1.37729	0.485014	-0.377169
0.0617284	16.2	0.00387379	-1.37729	0.487921	-0.377192
0.0613497	16.3	0.00374974	-1.37729	0.490831	-0.377215
0.0609756	16.4	0.00363001	-1.37729	0.493744	-0.377236
0.0606061	16.5	0.00351447	-1.37729	0.496661	-0.377256
0.060241	16.6	0.00340298	-1.37729	0.499581	-0.377276
0.0598802	16.7	0.00329541	-1.37729	0.502503	-0.377295
0.0595238	16.8	0.00319163	-1.37729	0.505429	-0.377313
0.0591716	16.9	0.00309152	-1.3773	0.508358	-0.37733
0.0588235	17	0.00299497	-1.3773	0.511289	-0.377347
0.0584795	17.1	0.00290184	-1.3773	0.514223	-0.377363
0.0581395	17.2	0.00281204	-1.3773	0.517159	-0.377378
0.0578035	17.3	0.00272546	-1.3773	0.520098	-0.377393
0.0574713	17.4	0.00264198	-1.3773	0.523039	-0.377407
0.0571429	17.5	0.00256152	-1.3773	0.525982	-0.37742
0.0568182	17.6	0.00248396	-1.3773	0.528928	-0.377433
0.0564972	17.7	0.00240921	-1.3773	0.531875	-0.377446
0.0561798	17.8	0.00233718	-1.3773	0.534825	-0.377458
0.0558659	17.9	0.00226778	-1.3773	0.537776	-0.377469
0.0555556	18	0.00220093	-1.3773	0.540729	-0.37748
0.0552486	18.1	0.00213653	-1.37731	0.543684	-0.37749
0.0549451	18.2	0.00207451	-1.37731	0.546641	-0.377501
0.0546448	18.3	0.00201479	-1.37731	0.549599	-0.37751
0.0543478	18.4	0.00195728	-1.37731	0.552558	-0.377519
0.0540541	18.5	0.00190193	-1.37731	0.55552	-0.377528
0.0537634	18.6	0.00184864	-1.37731	0.558482	-0.377537
0.0534759	18.7	0.00179737	-1.37731	0.561446	-0.377545
0.0531915	18.8	0.00174803	-1.37731	0.564412	-0.377553
0.0529101	18.9	0.00170056	-1.37731	0.567379	-0.377561
0.0526316	19	0.0016549	-1.37731	0.570346	-0.377568
0.052356	19.1	0.00161099	-1.37731	0.573316	-0.377575
0.0520833	19.2	0.00156877	-1.37731	0.576286	-0.377581
0.0518135	19.3	0.00152818	-1.37731	0.579257	-0.377588
0.0515464	19.4	0.00148917	-1.37731	0.58223	-0.377594
0.0512821	19.5	0.00145168	-1.37731	0.585203	-0.3776
0.0510204	19.6	0.00141566	-1.37731	0.588177	-0.377605
0.0507614	19.7	0.00138106	-1.37731	0.591153	-0.377611
0.0505051	19.8	0.00134783	-1.37731	0.594129	-0.377616
0.0502513	19.9	0.00131593	-1.37731	0.597106	-0.377621
0.05	20	0.00128531	-1.37731	0.600084	-0.377626
0.0497512	20.1	0.00125592	-1.37731	0.603062	-0.37763
0.049505	20.2	0.00122773	-1.37731	0.606042	-0.377635
0.0492611	20.3	0.00120069	-1.37731	0.609022	-0.377639
0.0490196	20.4	0.00117476	-1.37731	0.612003	-0.377643
0.0487805	20.5	0.00114991	-1.37731	0.614985	-0.377647
0.0485437	20.6	0.0011261	-1.37731	0.617967	-0.377651
0.0483092	20.7	0.00110328	-1.37731	0.62095	-0.377654
0.0480769	20.8	0.00108144	-1.37731	0.623933	-0.377658
0.0478469	20.9	0.00106053	-1.37731	0.626917	-0.377661
0.047619	21	0.00104051	-1.37731	0.629902	-0.377664
0.0473934	21.1	0.00102137	-1.37731	0.632887	-0.377667
0.0471698	21.2	0.00100307	-1.37731	0.635873	-0.37767
0.0469484	21.3	0.000985574	-1.37731	0.638859	-0.377673
0.046729	21.4	0.000968863	-1.37731	0.641846	-0.377676
0.0465116	21.5	0.000952907	-1.37731	0.644833	-0.377678
0.0462963	21.6	0.000937679	-1.37732	0.64782	-0.377681
0.0460829	21.7	0.000923155	-1.37732	0.650808	-0.377683
0.0458716	21.8	0.000909309	-1.37732	0.653797	-0.377685
0.0456621	21.9	0.000896118	-1.37732	0.656785	-0.377687
0.0454545	22	0.000883559	-1.37732	0.659774	-0.37769
0.0452489	22.1	0.00087161	-1.37732	0.662764	-0.377692
0.045045	22.2	0.000860251	-1.37732	0.665754	-0.377693
0.044843	22.3	0.000849459	-1.37732	0.668744	-0.377695
0.0446429	22.4	0.000839215	-1.37732	0.671735	-0.377697
0.0444444	22.5	0.000829501	-1.37732	0.674725	-0.377699
0.0442478	22.6	0.000820298	-1.37732	0.677717	-0.3777
0.0440529	22.7	0.000811587	-1.37732	0.680708	-0.377702
0.0438596	22.8	0.000803353	-1.37732	0.6837	-0.377703
0.0436681	22.9	0.000795578	-1.37732	0.686692	-0.377705
0.0434783	23	0.000788245	-1.37732	0.689684	-0.377706
0.04329	23.1	0.000781341	-1.37732	0.692676	-0.377708
0.0431034	23.2	0.000774849	-1.37732	0.695669	-0.377709
0.0429185	23.3	0.000768757	-1.37732	0.698662	-0.37771
0.042735	23.4	0.000763049	-1.37732	0.701655	-0.377711
0.0425532	23.5	0.000757713	-1.37732	0.704649	-0.377712
0.0423729	23.6	0.000752736	-1.37732	0.707642	-0.377714
0.0421941	23.7	0.000748105	-1.37732	0.710636	-0.377715
0.0420168	23.8	0.000743809	-1.37732	0.71363	-0.377716
0.041841	23.9	0.000739837	-1.37732	0.716624	-0.377716
0.0416667	24	0.000736177	-1.37732	0.719618	-0.377717
0.0414938	24.1	0.000732819	-1.37732	0.722613	-0.377718
0.0413223	24.2	0.000729753	-1.37732	0.725607	-0.377719
0.0411523	24.3	0.000726968	-1.37732	0.728602	-0.37772
0.0409836	24.4	0.000724456	-1.37732	0.731597	-0.377721
0.0408163	24.5	0.000722206	-1.37732	0.734592	-0.377721
0.0406504	24.6	0.000720212	-1.37732	0.737587	-0.377722
0.0404858	24.7	0.000718462	-1.37732	0.740582	-0.377723
0.0403226	24.8	0.000716951	-1.37732	0.743578	-0.377724
0.0401606	24.9	0.000715668	-1.37732	0.746573	-0.377724
0.04	25	0.000714608	-1.37732	0.749569	-0.377725
0.0398406	25.1	0.000713762	-1.37732	0.752565	-0.377725
0.0396825	25.2	0.000713123	-1.37732	0.755561	-0.377726
0.0395257	25.3	0.000712684	-1.37732	0.758557	-0.377726
0.0393701	25.4	0.000712438	-1.37732	0.761553	-0.377727
0.0392157	25.5	0.000712379	-1.37732	0.764549	-0.377727
0.0390625	25.6	0.000712501	-1.37732	0.767545	-0.377728
0.0389105	25.7	0.000712797	-1.37732	0.770542	-0.377728
0.0387597	25.8	0.000713261	-1.37732	0.773538	-0.377729
0.03861	25.9	0.000713888	-1.37732	0.776535	-0.377729
0.0384615	26	0.000714672	-1.37732	0.779531	-0.37773
0.0383142	26.1	0.000715609	-1.37732	0.782528	-0.37773
0.0381679	26.2	0.000716692	-1.37732	0.785525	-0.37773
0.0380228	26.3	0.000717918	-1.37732	0.788522	-0.377731
0.0378788	26.4	0.000719281	-1.37732	0.791519	-0.377731
0.0377358	26.5	0.000720777	-1.37732	0.794516	-0.377731
0.037594	26.6	0.000722401	-1.37732	0.797513	-0.377732
0.0374532	26.7	0.000724149	-1.37732	0.80051	-0.377732
0.0373134	26.8	0.000726017	-1.37732	0.803507	-0.377732
0.0371747	26.9	0.000728	-1.37732	0.806504	-0.377733
0.037037	27	0.000730096	-1.37732	0.809501	-0.377733
0.0369004	27.1	0.0007323	-1.37732	0.812499	-0.377733
0.0367647	27.2	0.000734608	-1.37732	0.815496	-0.377733
0.03663	27.3	0.000737018	-1.37732	0.818493	-0.377734
0.0364964	27.4	0.000739525	-1.37732	0.821491	-0.377734
0.0363636	27.5	0.000742126	-1.37732	0.824488	-0.377734
0.0362319	27.6	0.000744819	-1.37732	0.827486	-0.377734
0.0361011	27.7	0.000747599	-1.37732	0.830483	-0.377734
0.0359712	27.8	0.000750465	-1.37732	0.833481	-0.377735
0.0358423	27.9	0.000753414	-1.37732	0.836479	-0.377735
0.0357143	28	0.000756442	-1.37732	0.839476	-0.377735
0.0355872	28.1	0.000759546	-1.37732	0.842474	-0.377735
0.035461	28.2	0.000762726	-1.37732	0.845472	-0.377735
0.0353357	28.3	0.000765978	-1.37732	0.84847	-0.377736
0.0352113	28.4	0.0007693	-1.37732	0.851467	-0.377736
0.0350877	28.5	0.00077269	-1.37732	0.854465	-0.377736
0.034965	28.6	0.000776146	-1.37732	0.857463	-0.377736
0.0348432	28.7	0.000779666	-1.37732	0.860461	-0.377736
0.0347222	28.8	0.000783247	-1.37732	0.863459	-0.377736
0.0346021	28.9	0.00078689	-1.37732	0.866457	-0.377736
0.0344828	29	0.00079059	-1.37732	0.869455	-0.377736
0.0343643	29.1	0.000794348	-1.37732	0.872453	-0.377737
0.0342466	29.2	0.00079816	-1.37732	0.875451	-0.377737
0.0341297	29.3	0.000802027	-1.37732	0.878449	-0.377737
0.0340136	29.4	0.000805946	-1.37732	0.881447	-0.377737
0.0338983	29.5	0.000809916	-1.37732	0.884445	-0.377737
0.0337838	29.6	0.000813936	-1.37732	0.887443	-0.377737
0.03367	29.7	0.000818005	-1.37732	0.890441	-0.377737
0.033557	29.8	0.00082212	-1.37732	0.893439	-0.377737
0.0334448	29.9	0.000826282	-1.37732	0.896438	-0.377737
0.0333333	30	0.000830488	-1.37732	0.899436	-0.377737
0.0332226	30.1	0.000834738	-1.37732	0.902434	-0.377738
0.0331126	30.2	0.00083903	-1.37732	0.905432	-0.377738
0.0330033	30.3	0.000843364	-1.37732	0.90843	-0.377738
0.0328947	30.4	0.000847739	-1.37732	0.911429	-0.377738
0.0327869	30.5	0.000852153	-1.37732	0.914427	-0.377738
0.0326797	30.6	0.000856606	-1.37732	0.917425	-0.377738
0.0325733	30.7	0.000861095	-1.37732	0.920423	-0.377738
0.0324675	30.8	0.000865622	-1.37732	0.923422	-0.377738
0.0323625	30.9	0.000870184	-1.37732	0.92642	-0.377738
0.0322581	31	0.000874781	-1.37732	0.929418	-0.377738
0.0321543	31.1	0.000879412	-1.37732	0.932417	-0.377738
0.0320513	31.2	0.000884076	-1.37732	0.935415	-0.377738
0.0319489	31.3	0.000888772	-1.37732	0.938413	-0.377738
0.0318471	31.4	0.0008935	-1.37732	0.941412	-0.377738
0.031746	31.5	0.000898258	-1.37732	0.94441	-0.377738
0.0316456	31.6	0.000903047	-1.37732	0.947408	-0.377738
0.0315457	31.7	0.000907865	-1.37732	0.950407	-0.377738
0.0314465	31.8	0.000912711	-1.37732	0.953405	-0.377739
0.031348	31.9	0.000917586	-1.37732	0.956403	-0.377739
0.03125	32	0.000922488	-1.37732	0.959402	-0.377739
0.0311526	32.1	0.000927416	-1.37732	0.9624	-0.377739
0.0310559	32.2	0.000932371	-1.37732	0.965398	-0.377739
0.0309598	32.3	0.000937351	-1.37732	0.968397	-0.377739
0.0308642	32.4	0.000942356	-1.37732	0.971395	-0.377739
0.0307692	32.5	0.000947386	-1.37732	0.974394	-0.377739
0.0306748	32.6	0.000952439	-1.37732	0.977392	-0.377739
0.030581	32.7	0.000957515	-1.37732	0.98039	-0.377739
0.0304878	32.8	0.000962615	-1.37732	0.983389	-0.377739
0.0303951	32.9	0.000967736	-1.37732	0.986387	-0.377739
0.030303	33	0.00097288	-1.37732	0.989386	-0.377739
0.0302115	33.1	0.000978045	-1.37732	0.992384	-0.377739
0.0301205	33.2	0.000983231	-1.37732	0.995383	-0.377739
0.03003	33.3	0.000988438	-1.37732	0.998381	-0.377739
0.0299401	33.4	0.000993665	-1.37732	1.00138	-0.377739
0.0298507	33.5	0.000998911	-1.37732	1.00438	-0.377739
0.0297619	33.6	0.00100418	-1.37732	1.00738	-0.377739
0.0296736	33.7	0.00100946	-1.37732	1.01037	-0.377739
0.0295858	33.8	0.00101477	-1.37732	1.01337	-0.377739
0.0294985	33.9	0.00102009	-1.37732	1.01637	-0.377739
0.0294118	34	0.00102543	-1.37732	1.01937	-0.377739
0.0293255	34.1	0.00103079	-1.37732	1.02237	-0.377739
0.0292398	34.2	0.00103617	-1.37732	1.02537	-0.377739
0.0291545	34.3	0.00104156	-1.37732	1.02837	-0.377739
0.0290698	34.4	0.00104698	-1.37732	1.03136	-0.377739
0.0289855	34.5	0.00105241	-1.37732	1.03436	-0.377739
0.0289017	34.6	0.00105786	-1.37732	1.03736	-0.377739
0.0288184	34.7	0.00106333	-1.37732	1.04036	-0.377739
0.0287356	34.8	0.00106881	-1.37732	1.04336	-0.377739
0.0286533	34.9	0.00107431	-1.37732	1.04636	-0.377739
0.0285714	35	0.00107982	-1.37732	1.04935	-0.377739
0.02849	35.1	0.00108535	-1.37732	1.05235	-0.377739
0.0284091	35.2	0.00109089	-1.37732	1.05535	-0.377739
0.0283286	35.3	0.00109645	-1.37732	1.05835	-0.377739
0.0282486	35.4	0.00110203	-1.37732	1.06135	-0.377739
0.028169	35.5	0.00110762	-1.37732	1.06435	-0.377739
0.0280899	35.6	0.00111322	-1.37732	1.06735	-0.377739
0.0280112	35.7	0.00111884	-1.37732	1.07034	-0.377739
0.027933	35.8	0.00112447	-1.37732	1.07334	-0.377739
0.0278552	35.9	0.00113012	-1.37732	1.07634	-0.377739
0.0277778	36	0.00113578	-1.37732	1.07934	-0.377739
0.0277008	36.1	0.00114146	-1.37732	1.08234	-0.377739
0.0276243	36.2	0.00114714	-1.37732	1.08534	-0.377739
0.0275482	36.3	0.00115285	-1.37732	1.08833	-0.37774
0.0274725	36.4	0.00115856	-1.37732	1.09133	-0.37774
0.0273973	36.5	0.00116429	-1.37732	1.09433	-0.37774
0.0273224	36.6	0.00117004	-1.37732	1.09733	-0.37774
0.027248	36.7	0.00117579	-1.37732	1.10033	-0.37774
0.0271739	36.8	0.00118156	-1.37732	1.10333	-0.37774
0.0271003	36.9	0.00118735	-1.37732	1.10633	-0.37774
0.027027	37	0.00119314	-1.37732	1.10932	-0.37774
0.0269542	37.1	0.00119895	-1.37732	1.11232	-0.37774
0.0268817	37.2	0.00120478	-1.37732	1.11532	-0.37774
0.0268097	37.3	0.00121061	-1.37732	1.11832	-0.37774
0.026738	37.4	0.00121646	-1.37732	1.12132	-0.37774
0.0266667	37.5	0.00122232	-1.37732	1.12432	-0.37774
0.0265957	37.6	0.00122819	-1.37732	1.12731	-0.37774
0.0265252	37.7	0.00123407	-1.37732	1.13031	-0.37774
0.026455	37.8	0.00123997	-1.37732	1.13331	-0.37774
0.0263852	37.9	0.00124588	-1.37732	1.13631	-0.37774
0.0263158	38	0.0012518	-1.37732	1.13931	-0.37774
0.0262467	38.1	0.00125773	-1.37732	1.14231	-0.37774
0.026178	38.2	0.00126367	-1.37732	1.1453	-0.37774
0.0261097	38.3	0.00126963	-1.37732	1.1483	-0.37774
0.0260417	38.4	0.0012756	-1.37732	1.1513	-0.37774
0.025974	38.5	0.00128157	-1.37732	1.1543	-0.37774
0.0259067	38.6	0.00128756	-1.37732	1.1573	-0.37774
0.0258398	38.7	0.00129356	-1.37732	1.1603	-0.37774
0.0257732	38.8	0.00129957	-1.37732	1.1633	-0.37774
0.0257069	38.9	0.00130559	-1.37732	1.16629	-0.37774
0.025641	39	0.00131162	-1.37732	1.16929	-0.37774
0.0255754	39.1	0.00131766	-1.37732	1.17229	-0.37774
0.0255102	39.2	0.00132371	-1.37732	1.17529	-0.37774
0.0254453	39.3	0.00132977	-1.37732	1.17829	-0.37774
0.0253807	39.4	0.00133583	-1.37732	1.18129	-0.37774
0.0253165	39.5	0.00134191	-1.37732	1.18428	-0.37774
0.0252525	39.6	0.001348	-1.37732	1.18728	-0.37774
0.0251889	39.7	0.0013541	-1.37732	1.19028	-0.37774
0.0251256	39.8	0.0013602	-1.37732	1.19328	-0.37774
0.0250627	39.9	0.00136631	-1.37732	1.19628	-0.37774
0.025	40	0.00137243	-1.37732	1.19928	-0.37774
0.0249377	40.1	0.00137856	-1.37732	1.20227	-0.37774
0.0248756	40.2	0.0013847	-1.37732	1.20527	-0.37774
0.0248139	40.3	0.00139084	-1.37732	1.20827	-0.37774
0.0247525	40.4	0.00139699	-1.37732	1.21127	-0.37774
0.0246914	40.5	0.00140315	-1.37732	1.21427	-0.37774
0.0246305	40.6	0.00140931	-1.37732	1.21727	-0.37774
0.02457	40.7	0.00141548	-1.37732	1.22027	-0.37774
0.0245098	40.8	0.00142165	-1.37732	1.22326	-0.37774
0.0244499	40.9	0.00142783	-1.37732	1.22626	-0.37774
0.0243902	41	0.00143402	-1.37732	1.22926	-0.37774
0.0243309	41.1	0.0014402	-1.37732	1.23226	-0.37774
0.0242718	41.2	0.0014464	-1.37732	1.23526	-0.37774
0.0242131	41.3	0.0014526	-1.37732	1.23826	-0.37774
0.0241546	41.4	0.0014588	-1.37732	1.24125	-0.37774
0.0240964	41.5	0.001465	-1.37732	1.24425	-0.37774
0.0240385	41.6	0.0014712	-1.37732	1.24725	-0.37774
0.0239808	41.7	0.00147741	-1.37732	1.25025	-0.37774
0.0239234	41.8	0.00148362	-1.37732	1.25325	-0.37774
0.0238663	41.9	0.00148982	-1.37732	1.25625	-0.37774
0.0238095	42	0.00149603	-1.37732	1.25924	-0.37774
0.023753	42.1	0.00150224	-1.37732	1.26224	-0.37774
0.0236967	42.2	0.00150845	-1.37732	1.26524	-0.37774
0.0236407	42.3	0.00151465	-1.37732	1.26824	-0.37774
0.0235849	42.4	0.00152085	-1.37732	1.27124	-0.37774
0.0235294	42.5	0.00152705	-1.37732	1.27424	-0.37774
0.0234742	42.6	0.00153324	-1.37732	1.27723	-0.37774
0.0234192	42.7	0.00153943	-1.37732	1.28023	-0.37774
0.0233645	42.8	0.00154561	-1.37732	1.28323	-0.37774
0.02331	42.9	0.00155179	-1.37732	1.28623	-0.37774
0.0232558	43	0.00155796	-1.37732	1.28923	-0.37774
0.0232019	43.1	0.00156413	-1.37732	1.29223	-0.37774
0.0231481	43.2	0.00157029	-1.37732	1.29523	-0.37774
0.0230947	43.3	0.00157644	-1.37732	1.29822	-0.37774
0.0230415	43.4	0.00158259	-1.37732	1.30122	-0.37774
0.0229885	43.5	0.00158873	-1.37732	1.30422	-0.37774
0.0229358	43.6	0.00159486	-1.37732	1.30722	-0.37774
0.0228833	43.7	0.00160099	-1.37732	1.31022	-0.37774
0.0228311	43.8	0.00160711	-1.37732	1.31322	-0.37774
0.022779	43.9	0.00161323	-1.37732	1.31621	-0.37774
0.0227273	44	0.00161935	-1.37732	1.31921	-0.37774
0.0226757	44.1	0.00162546	-1.37732	1.32221	-0.37774
0.0226244	44.2	0.00163156	-1.37732	1.32521	-0.37774
0.0225734	44.3	0.00163767	-1.37732	1.32821	-0.37774
0.0225225	44.4	0.00164376	-1.37732	1.33121	-0.37774
0.0224719	44.5	0.00164985	-1.37732	1.33421	-0.37774
0.0224215	44.6	0.00165594	-1.37732	1.3372	-0.37774
0.0223714	44.7	0.00166202	-1.37732	1.3402	-0.37774
0.0223214	44.8	0.00166811	-1.37732	1.3432	-0.37774
0.0222717	44.9	0.00167419	-1.37732	1.3462	-0.37774
0.0222222	45	0.00168027	-1.37732	1.3492	-0.37774
0.0221729	45.1	0.00168637	-1.37732	1.3522	-0.37774
0.0221239	45.2	0.00169247	-1.37732	1.3552	-0.37774
0.0220751	45.3	0.0016986	-1.37732	1.3582	-0.37774
0.0220264	45.4	0.00170474	-1.37732	1.36119	-0.37774
0.021978	45.5	0.0017109	-1.37732	1.36419	-0.37774
0.0219298	45.6	0.0017171	-1.37732	1.36719	-0.37774
0.0218818	45.7	0.00172332	-1.37732	1.37019	-0.37774
0.0218341	45.8	0.00172958	-1.37732	1.37319	-0.37774
0.0217865	45.9	0.00173586	-1.37732	1.37619	-0.37774
0.0217391	46	0.00174217	-1.37732	1.37919	-0.37774
0.021692	46.1	0.00174851	-1.37732	1.38218	-0.37774
0.021645	46.2	0.00175488	-1.37732	1.38518	-0.37774
0.0215983	46.3	0.00176126	-1.37732	1.38818	-0.37774
0.0215517	46.4	0.00176767	-1.37732	1.39118	-0.37774
0.0215054	46.5	0.0017741	-1.37732	1.39418	-0.37774
0.0214592	46.6	0.00178055	-1.37732	1.39718	-0.37774
0.0214133	46.7	0.00178702	-1.37732	1.40018	-0.37774
0.0213675	46.8	0.0017935	-1.37732	1.40318	-0.37774
0.021322	46.9	0.00180001	-1.37732	1.40617	-0.37774
0.0212766	47	0.00180655	-1.37732	1.40917	-0.37774
0.0212314	47.1	0.00181311	-1.37732	1.41217	-0.37774
0.0211864	47.2	0.00181971	-1.37732	1.41517	-0.37774
0.0211416	47.3	0.00182633	-1.37732	1.41817	-0.37774
0.021097	47.4	0.001833	-1.37732	1.42117	-0.37774
0.0210526	47.5	0.00183971	-1.37732	1.42417	-0.37774
0.0210084	47.6	0.00184645	-1.37732	1.42716	-0.37774
0.0209644	47.7	0.00185324	-1.37732	1.43016	-0.37774
0.0209205	47.8	0.00186006	-1.37732	1.43316	-0.37774
0.0208768	47.9	0.00186693	-1.37732	1.43616	-0.37774
0.0208333	48	0.00187383	-1.37732	1.43916	-0.37774
0.02079	48.1	0.00188076	-1.37732	1.44216	-0.37774
0.0207469	48.2	0.00188773	-1.37732	1.44516	-0.37774
0.0207039	48.3	0.00189472	-1.37732	1.44816	-0.37774
0.0206612	48.4	0.00190174	-1.37732	1.45115	-0.37774
0.0206186	48.5	0.00190879	-1.37732	1.45415	-0.37774
0.0205761	48.6	0.00191586	-1.37732	1.45715	-0.37774
0.0205339	48.7	0.00192295	-1.37732	1.46015	-0.377741
0.0204918	48.8	0.00193006	-1.37732	1.46315	-0.377741
0.0204499	48.9	0.00193719	-1.37732	1.46615	-0.377741
0.0204082	49	0.00194433	-1.37732	1.46915	-0.377741
0.0203666	49.1	0.0019515	-1.37732	1.47214	-0.377741
0.0203252	49.2	0.00195868	-1.37732	1.47514	-0.377741
0.020284	49.3	0.00196587	-1.37732	1.47814	-0.377741
0.0202429	49.4	0.00197308	-1.37732	1.48114	-0.377741
0.020202	49.5	0.0019803	-1.37732	1.48414	-0.377741
0.0201613	49.6	0.00198754	-1.37732	1.48714	-0.377741
0.0201207	49.7	0.00199479	-1.37732	1.49014	-0.377741
0.0200803	49.8	0.00200205	-1.37732	1.49313	-0.377741
0.0200401	49.9	0.00200933	-1.37732	1.49613	-0.377741
0.02	50	0.00201662	-1.37732	1.49913	-0.377741
0.0199601	50.1	0.00202392	-1.37732	1.50213	-0.377741
0.0199203	50.2	0.00203124	-1.37732	1.50513	-0.377741
0.0198807	50.3	0.00203856	-1.37732	1.50813	-0.377741
0.0198413	50.4	0.00204591	-1.37732	1.51113	-0.377741
0.019802	50.5	0.00205326	-1.37732	1.51412	-0.377741
0.0197628	50.6	0.00206063	-1.37732	1.51712	-0.377741
0.0197239	50.7	0.00206801	-1.37732	1.52012	-0.377741
0.019685	50.8	0.0020754	-1.37732	1.52312	-0.377741
0.0196464	50.9	0.0020828	-1.37732	1.52612	-0.377741
0.0196078	51	0.00209022	-1.37732	1.52912	-0.377741
0.0195695	51.1	0.00209765	-1.37732	1.53212	-0.377741
0.0195312	51.2	0.00210509	-1.37732	1.53511	-0.377741
0.0194932	51.3	0.00211254	-1.37732	1.53811	-0.377741
0.0194553	51.4	0.00212001	-1.37732	1.54111	-0.377741
0.0194175	51.5	0.00212749	-1.37732	1.54411	-0.377741
0.0193798	51.6	0.00213499	-1.37732	1.54711	-0.377741
0.0193424	51.7	0.00214249	-1.37732	1.55011	-0.377741
0.019305	51.8	0.00215002	-1.37732	1.55311	-0.377741
0.0192678	51.9	0.00215755	-1.37732	1.5561	-0.377741
0.0192308	52	0.0021651	-1.37732	1.5591	-0.377741
0.0191939	52.1	0.00217266	-1.37732	1.5621	-0.377741
0.0191571	52.2	0.00218023	-1.37732	1.5651	-0.377741
0.0191205	52.3	0.00218782	-1.37732	1.5681	-0.377741
0.019084	52.4	0.00219542	-1.37732	1.5711	-0.377741
0.0190476	52.5	0.00220304	-1.37732	1.5741	-0.377741
0.0190114	52.6	0.00221067	-1.37732	1.57709	-0.377741
0.0189753	52.7	0.00221831	-1.37732	1.58009	-0.377741
0.0189394	52.8	0.00222597	-1.37732	1.58309	-0.377741
0.0189036	52.9	0.00223365	-1.37732	1.58609	-0.377741
0.0188679	53	0.00224133	-1.37732	1.58909	-0.377741
0.0188324	53.1	0.00224904	-1.37732	1.59209	-0.377741
0.018797	53.2	0.00225675	-1.37732	1.59509	-0.377741
0.0187617	53.3	0.00226448	-1.37732	1.59808	-0.377741
0.0187266	53.4	0.00227223	-1.37732	1.60108	-0.377741
0.0186916	53.5	0.00227999	-1.37732	1.60408	-0.377741
0.0186567	53.6	0.00228776	-1.37732	1.60708	-0.377741
0.018622	53.7	0.00229555	-1.37732	1.61008	-0.377741
0.0185874	53.8	0.00230336	-1.37732	1.61308	-0.377741
0.0185529	53.9	0.00231118	-1.37732	1.61607	-0.377741
0.0185185	54	0.00231901	-1.37732	1.61907	-0.377741
0.0184843	54.1	0.00232686	-1.37732	1.62207	-0.377741
0.0184502	54.2	0.00233472	-1.37732	1.62507	-0.377741
0.0184162	54.3	0.0023426	-1.37732	1.62807	-0.377741
0.0183824	54.4	0.00235049	-1.37732	1.63107	-0.377741
0.0183486	54.5	0.0023584	-1.37732	1.63407	-0.377741
0.018315	54.6	0.00236632	-1.37732	1.63706	-0.377741
0.0182815	54.7	0.00237425	-1.37732	1.64006	-0.377741
0.0182482	54.8	0.00238219	-1.37732	1.64306	-0.377741
0.0182149	54.9	0.00239015	-1.37732	1.64606	-0.377741
0.0181818	55	0.00239813	-1.37732	1.64906	-0.377741
0.0181488	55.1	0.00240611	-1.37732	1.65206	-0.377741
0.0181159	55.2	0.00241411	-1.37732	1.65506	-0.377741
0.0180832	55.3	0.00242213	-1.37732	1.65805	-0.377741
0.0180505	55.4	0.00243015	-1.37732	1.66105	-0.377741
0.018018	55.5	0.00243819	-1.37732	1.66405	-0.377741
0.0179856	55.6	0.00244624	-1.37732	1.66705	-0.377741
0.0179533	55.7	0.0024543	-1.37732	1.67005	-0.377741
0.0179211	55.8	0.00246237	-1.37732	1.67305	-0.377741
0.0178891	55.9	0.00247046	-1.37732	1.67605	-0.377741
0.0178571	56	0.00247855	-1.37732	1.67904	-0.377741
0.0178253	56.1	0.00248666	-1.37732	1.68204	-0.377741
0.0177936	56.2	0.00249477	-1.37732	1.68504	-0.377741
0.017762	56.3	0.0025029	-1.37732	1.68804	-0.377741
0.0177305	56.4	0.00251104	-1.37732	1.69104	-0.377741
0.0176991	56.5	0.00251919	-1.37732	1.69404	-0.377741
0.0176678	56.6	0.00252734	-1.37732	1.69704	-0.377741
0.0176367	56.7	0.00253551	-1.37732	1.70003	-0.377741
0.0176056	56.8	0.00254369	-1.37732	1.70303	-0.377741
0.0175747	56.9	0.00255187	-1.37732	1.70603	-0.377741
0.0175439	57	0.00256006	-1.37732	1.70903	-0.377741
0.0175131	57.1	0.00256826	-1.37732	1.71203	-0.377741
0.0174825	57.2	0.00257648	-1.37732	1.71503	-0.377741
0.017452	57.3	0.0025847	-1.37732	1.71803	-0.377741
0.0174216	57.4	0.00259292	-1.37732	1.72102	-0.377741
0.0173913	57.5	0.00260116	-1.37732	1.72402	-0.377741
0.0173611	57.6	0.00260941	-1.37732	1.72702	-0.377741
0.017331	57.7	0.00261768	-1.37732	1.73002	-0.377741
0.017301	57.8	0.00262595	-1.37732	1.73302	-0.377741
0.0172712	57.9	0.00263424	-1.37732	1.73602	-0.377741
0.0172414	58	0.00264255	-1.37732	1.73902	-0.377741
0.0172117	58.1	0.00265086	-1.37732	1.74201	-0.377741
0.0171821	58.2	0.00265919	-1.37732	1.74501	-0.377741
0.0171527	58.3	0.00266754	-1.37732	1.74801	-0.377741
0.0171233	58.4	0.0026759	-1.37732	1.75101	-0.377741
0.017094	58.5	0.00268428	-1.37732	1.75401	-0.377741
0.0170648	58.6	0.00269266	-1.37732	1.75701	-0.377741
0.0170358	58.7	0.00270106	-1.37732	1.76001	-0.377741
0.0170068	58.8	0.00270947	-1.37732	1.763	-0.377741
0.0169779	58.9	0.0027179	-1.37732	1.766	-0.377741
0.0169492	59	0.00272634	-1.37732	1.769	-0.377741
0.0169205	59.1	0.00273479	-1.37732	1.772	-0.377741
0.0168919	59.2	0.00274325	-1.37732	1.775	-0.377741
0.0168634	59.3	0.00275173	-1.37732	1.778	-0.377741
0.016835	59.4	0.00276022	-1.37732	1.78099	-0.377741
0.0168067	59.5	0.00276873	-1.37732	1.78399	-0.377741
0.0167785	59.6	0.00277725	-1.37732	1.78699	-0.377741
0.0167504	59.7	0.00278579	-1.37732	1.78999	-0.377741
0.0167224	59.8	0.00279435	-1.37732	1.79299	-0.377741
0.0166945	59.9	0.00280292	-1.37732	1.79599	-0.377741
0.0166667	60	0.0028115	-1.37732	1.79899	-0.377741
0.0166389	60.1	0.00282011	-1.37732	1.80198	-0.377741
0.0166113	60.2	0.00282872	-1.37732	1.80498	-0.377741
0.0165837	60.3	0.00283736	-1.37732	1.80798	-0.377741
0.0165563	60.4	0.00284601	-1.37732	1.81098	-0.377741
0.0165289	60.5	0.00285468	-1.37732	1.81398	-0.377741
0.0165017	60.6	0.00286335	-1.37732	1.81698	-0.377741
0.0164745	60.7	0.00287205	-1.37732	1.81998	-0.377741
0.0164474	60.8	0.00288076	-1.37732	1.82297	-0.377741
0.0164204	60.9	0.00288947	-1.37732	1.82597	-0.377741
0.0163934	61	0.0028982	-1.37732	1.82897	-0.377741
0.0163666	61.1	0.00290694	-1.37732	1.83197	-0.377741
0.0163399	61.2	0.00291569	-1.37732	1.83497	-0.377741
0.0163132	61.3	0.00292444	-1.37732	1.83797	-0.377741
0.0162866	61.4	0.0029332	-1.37732	1.84097	-0.377741
0.0162602	61.5	0.00294197	-1.37732	1.84396	-0.377741
0.0162338	61.6	0.00295075	-1.37732	1.84696	-0.377741
0.0162075	61.7	0.00295952	-1.37732	1.84996	-0.377741
0.0161812	61.8	0.0029683	-1.37732	1.85296	-0.377741
0.0161551	61.9	0.00297709	-1.37732	1.85596	-0.377741
0.016129	62	0.00298588	-1.37732	1.85896	-0.377741
0.0161031	62.1	0.00299468	-1.37732	1.86196	-0.377741
0.0160772	62.2	0.0030035	-1.37732	1.86495	-0.377741
0.0160514	62.3	0.00301233	-1.37732	1.86795	-0.377741
0.0160256	62.4	0.00302117	-1.37732	1.87095	-0.377741
0.016	62.5	0.00303004	-1.37732	1.87395	-0.377741
0.0159744	62.6	0.00303892	-1.37732	1.87695	-0.377741
0.015949	62.7	0.00304782	-1.37732	1.87995	-0.377741
0.0159236	62.8	0.00305674	-1.37732	1.88295	-0.377741
0.0158983	62.9	0.00306568	-1.37732	1.88594	-0.377741
0.015873	63	0.00307463	-1.37732	1.88894	-0.377741
0.0158479	63.1	0.00308359	-1.37732	1.89194	-0.377741
0.0158228	63.2	0.00309256	-1.37732	1.89494	-0.377741
0.0157978	63.3	0.00310154	-1.37732	1.89794	-0.377741
0.0157729	63.4	0.00311053	-1.37732	1.90094	-0.377741
0.015748	63.5	0.00311953	-1.37732	1.90394	-0.377741
0.0157233	63.6	0.00312854	-1.37732	1.90693	-0.377741
0.0156986	63.7	0.00313755	-1.37732	1.90993	-0.377741
0.015674	63.8	0.00314657	-1.37732	1.91293	-0.377741
0.0156495	63.9	0.0031556	-1.37732	1.91593	-0.377741
0.015625	64	0.00316463	-1.37732	1.91893	-0.377741
0.0156006	64.1	0.00317366	-1.37732	1.92193	-0.377741
0.0155763	64.2	0.00318269	-1.37732	1.92493	-0.377741
0.0155521	64.3	0.00319172	-1.37732	1.92792	-0.377741
0.015528	64.4	0.00320075	-1.37732	1.93092	-0.377741
0.0155039	64.5	0.00320979	-1.37732	1.93392	-0.377741
0.0154799	64.6	0.00321881	-1.37732	1.93692	-0.377741
0.015456	64.7	0.00322783	-1.37732	1.93992	-0.377741
0.0154321	64.8	0.00323685	-1.37732	1.94292	-0.377741
0.0154083	64.9	0.00324586	-1.37732	1.94591	-0.377741
0.0153846	65	0.00325487	-1.37732	1.94891	-0.377741
0.015361	65.1	0.00326387	-1.37732	1.95191	-0.377741
0.0153374	65.2	0.00327288	-1.37732	1.95491	-0.377741
0.0153139	65.3	0.0032819	-1.37732	1.95791	-0.377741
0.0152905	65.4	0.00329093	-1.37732	1.96091	-0.377741
0.0152672	65.5	0.00329999	-1.37732	1.96391	-0.377741
0.0152439	65.6	0.00330906	-1.37732	1.9669	-0.377741
0.0152207	65.7	0.00331817	-1.37732	1.9699	-0.377741
0.0151976	65.8	0.00332729	-1.37732	1.9729	-0.377741
0.0151745	65.9	0.00333645	-1.37732	1.9759	-0.377741
0.0151515	66	0.00334562	-1.37732	1.9789	-0.377741
0.0151286	66.1	0.00335483	-1.37732	1.9819	-0.377741
0.0151057	66.2	0.00336405	-1.37732	1.9849	-0.377741
0.015083	66.3	0.00337328	-1.37732	1.98789	-0.377741
0.0150602	66.4	0.00338254	-1.37732	1.99089	-0.377741
0.0150376	66.5	0.00339181	-1.37732	1.99389	-0.377741
0.015015	66.6	0.00340109	-1.37732	1.99689	-0.377741
0.0149925	66.7	0.00341038	-1.37732	1.99989	-0.377741
0.0149701	66.8	0.00341967	-1.37732	2.00289	-0.377741
0.0149477	66.9	0.00342898	-1.37732	2.00589	-0.377741
0.0149254	67	0.00343828	-1.37732	2.00888	-0.377741
0.0149031	67.1	0.00344758	-1.37732	2.01188	-0.377741
0.014881	67.2	0.00345689	-1.37732	2.01488	-0.377741
0.0148588	67.3	0.00346619	-1.37732	2.01788	-0.377741
0.0148368	67.4	0.00347549	-1.37732	2.02088	-0.377741
0.0148148	67.5	0.0034848	-1.37732	2.02388	-0.377741
0.0147929	67.6	0.0034941	-1.37732	2.02688	-0.377741
0.014771	67.7	0.00350341	-1.37732	2.02987	-0.377741
0.0147493	67.8	0.00351272	-1.37732	2.03287	-0.377741
0.0147275	67.9	0.00352203	-1.37732	2.03587	-0.377741
0.0147059	68	0.00353135	-1.37732	2.03887	-0.377741
0.0146843	68.1	0.00354068	-1.37732	2.04187	-0.377741
0.0146628	68.2	0.00355001	-1.37732	2.04487	-0.377741
0.0146413	68.3	0.00355935	-1.37732	2.04786	-0.377741
0.0146199	68.4	0.0035687	-1.37732	2.05086	-0.377741
0.0145985	68.5	0.00357808	-1.37732	2.05386	-0.377741
0.0145773	68.6	0.00358748	-1.37732	2.05686	-0.377741
0.014556	68.7	0.00359689	-1.37732	2.05986	-0.377741
0.0145349	68.8	0.00360634	-1.37732	2.06286	-0.377741
0.0145138	68.9	0.00361579	-1.37732	2.06586	-0.377741
0.0144928	69	0.00362526	-1.37732	2.06885	-0.377741
0.0144718	69.1	0.00363474	-1.37732	2.07185	-0.377741
0.0144509	69.2	0.00364422	-1.37732	2.07485	-0.377741
0.01443	69.3	0.0036537	-1.37732	2.07785	-0.377741
0.0144092	69.4	0.00366318	-1.37732	2.08085	-0.377741
0.0143885	69.5	0.00367265	-1.37732	2.08385	-0.377741
0.0143678	69.6	0.00368211	-1.37732	2.08685	-0.377741
0.0143472	69.7	0.00369157	-1.37732	2.08984	-0.377741
0.0143266	69.8	0.00370102	-1.37732	2.09284	-0.377741
0.0143062	69.9	0.00371048	-1.37732	2.09584	-0.377741
0.0142857	70	0.00371994	-1.37732	2.09884	-0.377741
0.0142653	70.1	0.00372941	-1.37732	2.10184	-0.377741
0.014245	70.2	0.00373889	-1.37732	2.10484	-0.377741
0.0142248	70.3	0.00374839	-1.37732	2.10784	-0.377741
0.0142045	70.4	0.00375791	-1.37732	2.11083	-0.377741
0.0141844	70.5	0.00376746	-1.37732	2.11383	-0.377741
0.0141643	70.6	0.00377705	-1.37732	2.11683	-0.377741
0.0141443	70.7	0.00378667	-1.37732	2.11983	-0.377741
0.0141243	70.8	0.00379634	-1.37732	2.12283	-0.377741
0.0141044	70.9	0.00380605	-1.37732	2.12583	-0.377741
0.0140845	71	0.0038158	-1.37732	2.12883	-0.377741
0.0140647	71.1	0.00382561	-1.37732	2.13182	-0.377741
0.0140449	71.2	0.00383547	-1.37732	2.13482	-0.377741
0.0140252	71.3	0.00384537	-1.37732	2.13782	-0.377741
0.0140056	71.4	0.00385532	-1.37732	2.14082	-0.377741
0.013986	71.5	0.00386531	-1.37732	2.14382	-0.377741
0.0139665	71.6	0.00387534	-1.37732	2.14682	-0.377741
0.013947	71.7	0.00388539	-1.37732	2.14982	-0.377741
0.0139276	71.8	0.00389548	-1.37732	2.15281	-0.377741
0.0139082	71.9	0.00390559	-1.37732	2.15581	-0.377742
0.0138889	72	0.00391572	-1.37732	2.15881	-0.377742
0.0138696	72.1	0.00392587	-1.37732	2.16181	-0.377742
0.0138504	72.2	0.00393604	-1.37732	2.16481	-0.377742
0.0138313	72.3	0.00394622	-1.37732	2.16781	-0.377742
0.0138122	72.4	0.00395642	-1.37732	2.17081	-0.377742
0.0137931	72.5	0.00396663	-1.37732	2.1738	-0.377742
0.0137741	72.6	0.00397686	-1.37732	2.1768	-0.377742
0.0137552	72.7	0.0039871	-1.37732	2.1798	-0.377742
0.0137363	72.8	0.00399735	-1.37732	2.1828	-0.377742
0.0137174	72.9	0.00400762	-1.37732	2.1858	-0.377742
0.0136986	73	0.0040179	-1.37732	2.1888	-0.377742
0.0136799	73.1	0.00402818	-1.37732	2.1918	-0.377742
0.0136612	73.2	0.00403848	-1.37732	2.19479	-0.377742
0.0136426	73.3	0.0040488	-1.37732	2.19779	-0.377742
0.013624	73.4	0.00405912	-1.37732	2.20079	-0.377742
0.0136054	73.5	0.00406946	-1.37732	2.20379	-0.377742
0.013587	73.6	0.0040798	-1.37732	2.20679	-0.377742
0.0135685	73.7	0.00409016	-1.37732	2.20979	-0.377742
0.0135501	73.8	0.00410053	-1.37732	2.21279	-0.377742
0.0135318	73.9	0.00411091	-1.37732	2.21578	-0.377742
0.0135135	74	0.00412131	-1.37732	2.21878	-0.377742
0.0134953	74.1	0.00413172	-1.37732	2.22178	-0.377742
0.0134771	74.2	0.00414213	-1.37732	2.22478	-0.377742
0.013459	74.3	0.00415256	-1.37732	2.22778	-0.377742
0.0134409	74.4	0.004163	-1.37732	2.23078	-0.377742
0.0134228	74.5	0.00417345	-1.37732	2.23378	-0.377742
0.0134048	74.6	0.00418392	-1.37732	2.23677	-0.377742
0.0133869	74.7	0.00419439	-1.37732	2.23977	-0.377742
0.013369	74.8	0.00420488	-1.37732	2.24277	-0.377742
0.0133511	74.9	0.00421538	-1.37732	2.24577	-0.377742
0.0133333	75	0.00422589	-1.37732	2.24877	-0.377742
0.0133156	75.1	0.00423641	-1.37732	2.25177	-0.377742
0.0132979	75.2	0.00424694	-1.37732	2.25477	-0.377742
0.0132802	75.3	0.00425749	-1.37732	2.25776	-0.377742
0.0132626	75.4	0.00426805	-1.37732	2.26076	-0.377742
0.013245	75.5	0.00427862	-1.37732	2.26376	-0.377742
0.0132275	75.6	0.0042892	-1.37732	2.26676	-0.377742
0.01321	75.7	0.0042998	-1.37732	2.26976	-0.377742
0.0131926	75.8	0.0043104	-1.37732	2.27276	-0.377742
0.0131752	75.9	0.00432102	-1.37732	2.27576	-0.377742
0.0131579	76	0.00433165	-1.37732	2.27875	-0.377742
0.0131406	76.1	0.00434229	-1.37732	2.28175	-0.377742
0.0131234	76.2	0.00435295	-1.37732	2.28475	-0.377742
0.0131062	76.3	0.00436361	-1.37732	2.28775	-0.377742
0.013089	76.4	0.00437429	-1.37732	2.29075	-0.377742
0.0130719	76.5	0.00438498	-1.37732	2.29375	-0.377742
0.0130548	76.6	0.00439568	-1.37732	2.29675	-0.377742
0.0130378	76.7	0.0044064	-1.37732	2.29974	-0.377742
0.0130208	76.8	0.00441712	-1.37732	2.30274	-0.377742
0.0130039	76.9	0.00442786	-1.37732	2.30574	-0.377742
0.012987	77	0.00443861	-1.37732	2.30874	-0.377742
0.0129702	77.1	0.00444938	-1.37732	2.31174	-0.377742
0.0129534	77.2	0.00446015	-1.37732	2.31474	-0.377742
0.0129366	77.3	0.00447094	-1.37732	2.31774	-0.377742
0.0129199	77.4	0.00448174	-1.37732	2.32073	-0.377742
0.0129032	77.5	0.00449255	-1.37732	2.32373	-0.377742
0.0128866	77.6	0.00450337	-1.37732	2.32673	-0.377742
0.01287	77.7	0.00451421	-1.37732	2.32973	-0.377742
0.0128535	77.8	0.00452506	-1.37732	2.33273	-0.377742
0.012837	77.9	0.00453592	-1.37732	2.33573	-0.377742
0.0128205	78	0.00454679	-1.37732	2.33873	-0.377742
0.0128041	78.1	0.00455767	-1.37732	2.34172	-0.377742
0.0127877	78.2	0.00456857	-1.37732	2.34472	-0.377742
0.0127714	78.3	0.00457948	-1.37732	2.34772	-0.377742
0.0127551	78.4	0.0045904	-1.37732	2.35072	-0.377742
0.0127389	78.5	0.00460133	-1.37732	2.35372	-0.377742
0.0127226	78.6	0.00461227	-1.37732	2.35672	-0.377742
0.0127065	78.7	0.00462323	-1.37732	2.35972	-0.377742
0.0126904	78.8	0.0046342	-1.37732	2.36271	-0.377742
0.0126743	78.9	0.00464518	-1.37732	2.36571	-0.377742
0.0126582	79	0.00465618	-1.37732	2.36871	-0.377742
0.0126422	79.1	0.00466718	-1.37732	2.37171	-0.377742
0.0126263	79.2	0.0046782	-1.37732	2.37471	-0.377742
0.0126103	79.3	0.00468923	-1.37732	2.37771	-0.377742
0.0125945	79.4	0.00470027	-1.37732	2.38071	-0.377742
0.0125786	79.5	0.00471132	-1.37732	2.3837	-0.377742
0.0125628	79.6	0.00472239	-1.37732	2.3867	-0.377742
0.0125471	79.7	0.00473347	-1.37732	2.3897	-0.377742
0.0125313	79.8	0.00474456	-1.37732	2.3927	-0.377742
0.0125156	79.9	0.00475566	-1.37732	2.3957	-0.377742
0.0125	80	0.00476678	-1.37732	2.3987	-0.377742
0.0124844	80.1	0.0047779	-1.37732	2.4017	-0.377742
0.0124688	80.2	0.00478904	-1.37732	2.40469	-0.377742
0.0124533	80.3	0.00480019	-1.37732	2.40769	-0.377742
0.0124378	80.4	0.00481135	-1.37732	2.41069	-0.377742
0.0124224	80.5	0.00482253	-1.37732	2.41369	-0.377742
0.0124069	80.6	0.00483372	-1.37732	2.41669	-0.377742
0.0123916	80.7	0.00484492	-1.37732	2.41969	-0.377742
0.0123762	80.8	0.00485613	-1.37732	2.42269	-0.377742
0.0123609	80.9	0.00486735	-1.37732	2.42568	-0.377742
0.0123457	81	0.00487859	-1.37732	2.42868	-0.377742
0.0123305	81.1	0.00488983	-1.37732	2.43168	-0.377742
0.0123153	81.2	0.00490109	-1.37732	2.43468	-0.377742
0.0123001	81.3	0.00491237	-1.37732	2.43768	-0.377742
0.012285	81.4	0.00492365	-1.37732	2.44068	-0.377742
0.0122699	81.5	0.00493495	-1.37732	2.44368	-0.377742
0.0122549	81.6	0.00494625	-1.37732	2.44667	-0.377742
0.0122399	81.7	0.00495757	-1.37732	2.44967	-0.377742
0.0122249	81.8	0.0049689	-1.37732	2.45267	-0.377742
0.01221	81.9	0.00498025	-1.37732	2.45567	-0.377742
0.0121951	82	0.00499161	-1.37732	2.45867	-0.377742
0.0121803	82.1	0.00500297	-1.37732	2.46167	-0.377742
0.0121655	82.2	0.00501435	-1.37732	2.46466	-0.377742
0.0121507	82.3	0.00502574	-1.37732	2.46766	-0.377742
0.0121359	82.4	0.00503715	-1.37732	2.47066	-0.377742
0.0121212	82.5	0.00504856	-1.37732	2.47366	-0.377742
0.0121065	82.6	0.00505999	-1.37732	2.47666	-0.377742
0.0120919	82.7	0.00507143	-1.37732	2.47966	-0.377742
0.0120773	82.8	0.00508289	-1.37732	2.48266	-0.377742
0.0120627	82.9	0.00509435	-1.37732	2.48565	-0.377742
0.0120482	83	0.00510583	-1.37732	2.48865	-0.377742
0.0120337	83.1	0.00511732	-1.37732	2.49165	-0.377742
0.0120192	83.2	0.00512882	-1.37732	2.49465	-0.377742
0.0120048	83.3	0.00514033	-1.37732	2.49765	-0.377742
0.0119904	83.4	0.00515185	-1.37732	2.50065	-0.377742
0.011976	83.5	0.00516339	-1.37732	2.50365	-0.377742
0.0119617	83.6	0.00517494	-1.37732	2.50664	-0.377742
0.0119474	83.7	0.0051865	-1.37732	2.50964	-0.377742
0.0119332	83.8	0.00519808	-1.37732	2.51264	-0.377742
0.011919	83.9	0.00520966	-1.37732	2.51564	-0.377742
0.0119048	84	0.00522126	-1.37732	2.51864	-0.377742
0.0118906	84.1	0.00523287	-1.37732	2.52164	-0.377742
0.0118765	84.2	0.00524449	-1.37732	2.52464	-0.377742
0.0118624	84.3	0.00525612	-1.37732	2.52763	-0.377742
0.0118483	84.4	0.00526777	-1.37732	2.53063	-0.377742
0.0118343	84.5	0.00527943	-1.37732	2.53363	-0.377742
0.0118203	84.6	0.0052911	-1.37732	2.53663	-0.377742
0.0118064	84.7	0.00530278	-1.37732	2.53963	-0.377742
0.0117925	84.8	0.00531447	-1.37732	2.54263	-0.377742
0.0117786	84.9	0.00532618	-1.37732	2.54563	-0.377742
0.0117647	85	0.0053379	-1.37732	2.54862	-0.377742
0.0117509	85.1	0.00534963	-1.37732	2.55162	-0.377742
0.0117371	85.2	0.00536137	-1.37732	2.55462	-0.377742
0.0117233	85.3	0.00537313	-1.37732	2.55762	-0.377742
0.0117096	85.4	0.00538489	-1.37732	2.56062	-0.377742
0.0116959	85.5	0.00539667	-1.37732	2.56362	-0.377742
0.0116822	85.6	0.00540846	-1.37732	2.56662	-0.377742
0.0116686	85.7	0.00542026	-1.37732	2.56961	-0.377742
0.011655	85.8	0.00543208	-1.37732	2.57261	-0.377742
0.0116414	85.9	0.00544391	-1.37732	2.57561	-0.377742
0.0116279	86	0.00545574	-1.37732	2.57861	-0.377742
0.0116144	86.1	0.00546759	-1.37732	2.58161	-0.377742
0.0116009	86.2	0.00547946	-1.37732	2.58461	-0.377742
0.0115875	86.3	0.00549133	-1.37732	2.58761	-0.377742
0.0115741	86.4	0.00550322	-1.37732	2.5906	-0.377742
0.0115607	86.5	0.00551512	-1.37732	2.5936	-0.377742
0.0115473	86.6	0.00552703	-1.37732	2.5966	-0.377742
0.011534	86.7	0.00553895	-1.37732	2.5996	-0.377742
0.0115207	86.8	0.00555089	-1.37732	2.6026	-0.377742
0.0115075	86.9	0.00556283	-1.37732	2.6056	-0.377742
0.0114943	87	0.00557479	-1.37732	2.6086	-0.377742
0.0114811	87.1	0.00558676	-1.37732	2.61159	-0.377742
0.0114679	87.2	0.00559875	-1.37732	2.61459	-0.377742
0.0114548	87.3	0.00561074	-1.37732	2.61759	-0.377742
0.0114416	87.4	0.00562275	-1.37732	2.62059	-0.377742
0.0114286	87.5	0.00563477	-1.37732	2.62359	-0.377742
0.0114155	87.6	0.0056468	-1.37732	2.62659	-0.377742
0.0114025	87.7	0.00565884	-1.37732	2.62959	-0.377742
0.0113895	87.8	0.0056709	-1.37732	2.63258	-0.377742
0.0113766	87.9	0.00568296	-1.37732	2.63558	-0.377742
0.0113636	88	0.00569504	-1.37732	2.63858	-0.377742
0.0113507	88.1	0.00570713	-1.37732	2.64158	-0.377742
0.0113379	88.2	0.00571923	-1.37732	2.64458	-0.377742
0.011325	88.3	0.00573135	-1.37732	2.64758	-0.377742
0.0113122	88.4	0.00574348	-1.37732	2.65058	-0.377742
0.0112994	88.5	0.00575561	-1.37732	2.65357	-0.377742
0.0112867	88.6	0.00576776	-1.37732	2.65657	-0.377742
0.011274	88.7	0.00577992	-1.37732	2.65957	-0.377742
0.0112613	88.8	0.00579209	-1.37732	2.66257	-0.377742
0.0112486	88.9	0.00580428	-1.37732	2.66557	-0.377742
0.011236	89	0.00581648	-1.37732	2.66857	-0.377742
0.0112233	89.1	0.00582868	-1.37732	2.67157	-0.377742
0.0112108	89.2	0.0058409	-1.37732	2.67456	-0.377742
0.0111982	89.3	0.00585313	-1.37732	2.67756	-0.377742
0.0111857	89.4	0.00586538	-1.37732	2.68056	-0.377742
0.0111732	89.5	0.00587763	-1.37732	2.68356	-0.377742
0.0111607	89.6	0.0058899	-1.37732	2.68656	-0.377742
0.0111483	89.7	0.00590218	-1.37732	2.68956	-0.377742
0.0111359	89.8	0.00591447	-1.37732	2.69256	-0.377742
0.0111235	89.9	0.00592677	-1.37732	2.69555	-0.377742
0.0111111	90	0.00593908	-1.37732	2.69855	-0.377742
0.0110988	90.1	0.00595141	-1.37732	2.70155	-0.377742
0.0110865	90.2	0.00596374	-1.37732	2.70455	-0.377742
0.0110742	90.3	0.00597609	-1.37732	2.70755	-0.377742
0.0110619	90.4	0.00598845	-1.37732	2.71055	-0.377742
0.0110497	90.5	0.00600082	-1.37732	2.71355	-0.377742
0.0110375	90.6	0.0060132	-1.37732	2.71654	-0.377742
0.0110254	90.7	0.0060256	-1.37732	2.71954	-0.377742
0.0110132	90.8	0.006038	-1.37732	2.72254	-0.377742
0.0110011	90.9	0.00605042	-1.37732	2.72554	-0.377742
0.010989	91	0.00606284	-1.37732	2.72854	-0.377742
0.0109769	91.1	0.00607529	-1.37732	2.73154	-0.377742
0.0109649	91.2	0.00608774	-1.37732	2.73454	-0.377742
0.0109529	91.3	0.0061002	-1.37732	2.73753	-0.377742
0.0109409	91.4	0.00611267	-1.37732	2.74053	-0.377742
0.010929	91.5	0.00612516	-1.37732	2.74353	-0.377742
0.010917	91.6	0.00613766	-1.37732	2.74653	-0.377742
0.0109051	91.7	0.00615016	-1.37732	2.74953	-0.377742
0.0108932	91.8	0.00616268	-1.37732	2.75253	-0.377742
0.0108814	91.9	0.00617521	-1.37732	2.75553	-0.377742
0.0108696	92	0.00618776	-1.37732	2.75852	-0.377742
0.0108578	92.1	0.00620031	-1.37732	2.76152	-0.377742
0.010846	92.2	0.00621288	-1.37732	2.76452	-0.377742
0.0108342	92.3	0.00622545	-1.37732	2.76752	-0.377742
0.0108225	92.4	0.00623804	-1.37732	2.77052	-0.377742
0.0108108	92.5	0.00625064	-1.37732	2.77352	-0.377742
0.0107991	92.6	0.00626325	-1.37732	2.77652	-0.377742
0.0107875	92.7	0.00627587	-1.37732	2.77951	-0.377742
0.0107759	92.8	0.0062885	-1.37732	2.78251	-0.377742
0.0107643	92.9	0.00630115	-1.37732	2.78551	-0.377742
0.0107527	93	0.0063138	-1.37732	2.78851	-0.377742
0.0107411	93.1	0.00632647	-1.37732	2.79151	-0.377742
0.0107296	93.2	0.00633915	-1.37732	2.79451	-0.377742
0.0107181	93.3	0.00635184	-1.37732	2.79751	-0.377742
0.0107066	93.4	0.00636454	-1.37732	2.8005	-0.377742
0.0106952	93.5	0.00637725	-1.37732	2.8035	-0.377742
0.0106838	93.6	0.00638997	-1.37732	2.8065	-0.377742
0.0106724	93.7	0.00640271	-1.37732	2.8095	-0.377742
0.010661	93.8	0.00641545	-1.37732	2.8125	-0.377742
0.0106496	93.9	0.00642821	-1.37732	2.8155	-0.377742
0.0106383	94	0.00644098	-1.37732	2.8185	-0.377742
0.010627	94.1	0.00645376	-1.37732	2.82149	-0.377742
0.0106157	94.2	0.00646655	-1.37732	2.82449	-0.377742
0.0106045	94.3	0.00647935	-1.37732	2.82749	-0.377742
0.0105932	94.4	0.00649216	-1.37732	2.83049	-0.377742
0.010582	94.5	0.00650499	-1.37732	2.83349	-0.377742
0.0105708	94.6	0.00651783	-1.37732	2.83649	-0.377742
0.0105597	94.7	0.00653067	-1.37732	2.83949	-0.377742
0.0105485	94.8	0.00654353	-1.37732	2.84248	-0.377742
0.0105374	94.9	0.0065564	-1.37732	2.84548	-0.377742
0.0105263	95	0.00656928	-1.37732	2.84848	-0.377742
0.0105152	95.1	0.00658217	-1.37732	2.85148	-0.377742
0.0105042	95.2	0.00659508	-1.37732	2.85448	-0.377742
0.0104932	95.3	0.00660799	-1.37732	2.85748	-0.377742
0.0104822	95.4	0.00662092	-1.37732	2.86048	-0.377742
0.0104712	95.5	0.00663386	-1.37732	2.86347	-0.377742
0.0104603	95.6	0.00664681	-1.37732	2.86647	-0.377742
0.0104493	95.7	0.00665977	-1.37732	2.86947	-0.377742
0.0104384	95.8	0.00667274	-1.37732	2.87247	-0.377742
0.0104275	95.9	0.00668572	-1.37732	2.87547	-0.377742
0.0104167	96	0.00669872	-1.37732	2.87847	-0.377742
0.0104058	96.1	0.00671172	-1.37732	2.88146	-0.377742
0.010395	96.2	0.00672474	-1.37732	2.88446	-0.377742
0.0103842	96.3	0.00673777	-1.37732	2.88746	-0.377742
0.0103734	96.4	0.00675081	-1.37732	2.89046	-0.377742
0.0103627	96.5	0.00676386	-1.37732	2.89346	-0.377742
0.010352	96.6	0.00677692	-1.37732	2.89646	-0.377742
0.0103413	96.7	0.00678999	-1.37732	2.89946	-0.377742
0.0103306	96.8	0.00680308	-1.37732	2.90245	-0.377742
0.0103199	96.9	0.00681618	-1.37732	2.90545	-0.377742
0.0103093	97	0.00682929	-1.37732	2.90845	-0.377742
0.0102987	97.1	0.00684241	-1.37732	2.91145	-0.377742
0.0102881	97.2	0.00685554	-1.37732	2.91445	-0.377742
0.0102775	97.3	0.00686868	-1.37732	2.91745	-0.377742
0.0102669	97.4	0.00688184	-1.37732	2.92045	-0.377742
0.0102564	97.5	0.006895	-1.37732	2.92344	-0.377742
0.0102459	97.6	0.00690818	-1.37732	2.92644	-0.377742
0.0102354	97.7	0.00692137	-1.37732	2.92944	-0.377742
0.0102249	97.8	0.00693456	-1.37732	2.93244	-0.377742
0.0102145	97.9	0.00694778	-1.37732	2.93544	-0.377742
0.0102041	98	0.006961	-1.37732	2.93844	-0.377742
0.0101937	98.1	0.00697423	-1.37732	2.94144	-0.377742
0.0101833	98.2	0.00698748	-1.37732	2.94443	-0.377742
0.0101729	98.3	0.00700074	-1.37732	2.94743	-0.377742
0.0101626	98.4	0.00701401	-1.37732	2.95043	-0.377742
0.0101523	98.5	0.00702729	-1.37732	2.95343	-0.377742
0.010142	98.6	0.00704058	-1.37732	2.95643	-0.377742
0.0101317	98.7	0.00705388	-1.37732	2.95943	-0.377742
0.0101215	98.8	0.0070672	-1.37732	2.96243	-0.377742
0.0101112	98.9	0.00708052	-1.37732	2.96542	-0.377742
0.010101	99	0.00709386	-1.37732	2.96842	-0.377742
0.0100908	99.1	0.00710721	-1.37732	2.97142	-0.377742
0.0100806	99.2	0.00712057	-1.37732	2.97442	-0.377742
0.0100705	99.3	0.00713394	-1.37732	2.97742	-0.377742
0.0100604	99.4	0.00714733	-1.37732	2.98042	-0.377742
0.0100503	99.5	0.00716072	-1.37732	2.98342	-0.377742
0.0100402	99.6	0.00717413	-1.37732	2.98641	-0.377742
0.0100301	99.7	0.00718754	-1.37732	2.98941	-0.377742
0.01002	99.8	0.00720097	-1.37732	2.99241	-0.377742
0.01001	99.9	0.00721441	-1.37732	2.99541	-0.377742
0.01	100	0.00722786	-1.37732	2.99841	-0.377742
