#T	β	c	e	chi	s
100	0.01	1.86547e-05	-0.251861	0.00746287	0.693138
50	0.02	7.49831e-05	-0.253731	0.0148515	0.69311
33.3333	0.03	0.00016952	-0.25561	0.0221659	0.693063
25	0.04	0.000302787	-0.257498	0.029406	0.692997
20	0.05	0.000475287	-0.259395	0.036572	0.692911
16.6667	0.06	0.000687507	-0.2613	0.0436637	0.692807
14.2857	0.07	0.00093992	-0.263214	0.0506813	0.692682
12.5	0.08	0.00123298	-0.265137	0.0576248	0.692538
11.1111	0.09	0.00156711	-0.267067	0.0644943	0.692374
10	0.1	0.00194274	-0.269006	0.0712898	0.69219
9.09091	0.11	0.00236026	-0.270953	0.0780113	0.691985
8.33333	0.12	0.00282004	-0.272907	0.084659	0.69176
7.69231	0.13	0.00332244	-0.274869	0.091233	0.691515
7.14286	0.14	0.00386778	-0.276839	0.0977333	0.691249
6.66667	0.15	0.00445639	-0.278816	0.10416	0.690963
6.25	0.16	0.00508855	-0.2808	0.110513	0.690655
5.88235	0.17	0.00576452	-0.282791	0.116793	0.690327
5.55556	0.18	0.00648455	-0.284789	0.123	0.689977
5.26316	0.19	0.00724884	-0.286794	0.129134	0.689606
5	0.2	0.0080576	-0.288805	0.135195	0.689214
3.33333	0.3	0.0186146	-0.309235	0.191833	0.684102
2.5	0.4	0.033634	-0.330104	0.24141	0.676795
2	0.5	0.0528619	-0.351205	0.284221	0.667298
1.66667	0.6	0.0757768	-0.372321	0.320645	0.655686
1.42857	0.7	0.101628	-0.393233	0.351129	0.642095
1.25	0.8	0.1295	-0.413736	0.37618	0.626722
1.11111	0.9	0.158389	-0.433643	0.396337	0.609807
1	1	0.187293	-0.452796	0.41216	0.591619
0.909091	1.1	0.215278	-0.471064	0.424203	0.572445
0.833333	1.2	0.241544	-0.488352	0.433003	0.552572
0.769231	1.3	0.265456	-0.504596	0.439067	0.532276
0.714286	1.4	0.286562	-0.51976	0.442857	0.511813
0.666667	1.5	0.304586	-0.533838	0.444791	0.49141
0.625	1.6	0.319417	-0.546842	0.445235	0.471261
0.588235	1.7	0.331076	-0.558805	0.444506	0.451531
0.555556	1.8	0.339694	-0.569771	0.442874	0.43235
0.526316	1.9	0.345476	-0.579793	0.440567	0.413816
0.5	2	0.348681	-0.588931	0.437771	0.396004
0.47619	2.1	0.349592	-0.597248	0.434639	0.378961
0.454545	2.2	0.348505	-0.604807	0.431294	0.362715
0.434783	2.3	0.345712	-0.61167	0.427834	0.34728
0.416667	2.4	0.34149	-0.617897	0.424333	0.332651
0.4	2.5	0.336097	-0.623546	0.420851	0.318816
0.384615	2.6	0.329766	-0.628669	0.417432	0.305755
0.37037	2.7	0.322707	-0.633318	0.414108	0.29344
0.357143	2.8	0.315102	-0.637537	0.410901	0.28184
0.344828	2.9	0.30711	-0.64137	0.407827	0.270921
0.333333	3	0.298866	-0.644853	0.404894	0.260648
0.322581	3.1	0.290485	-0.648022	0.402109	0.250985
0.3125	3.2	0.282061	-0.650908	0.399472	0.241895
0.30303	3.3	0.273673	-0.65354	0.396982	0.233344
0.294118	3.4	0.265382	-0.655942	0.394637	0.225298
0.285714	3.5	0.25724	-0.658139	0.39243	0.217723
0.277778	3.6	0.249287	-0.660149	0.390357	0.210588
0.27027	3.7	0.241551	-0.661991	0.38841	0.203864
0.263158	3.8	0.234055	-0.663683	0.386585	0.197522
0.25641	3.9	0.226813	-0.665238	0.384873	0.191537
0.25	4	0.219835	-0.666669	0.383269	0.185883
0.243902	4.1	0.213126	-0.667989	0.381765	0.180538
0.238095	4.2	0.206688	-0.669208	0.380355	0.17548
0.232558	4.3	0.200519	-0.670336	0.379033	0.170689
0.227273	4.4	0.194615	-0.67138	0.377794	0.166147
0.222222	4.5	0.188971	-0.672349	0.37663	0.161837
0.217391	4.6	0.183578	-0.673248	0.375538	0.157743
0.212766	4.7	0.178429	-0.674086	0.374512	0.153851
0.208333	4.8	0.173516	-0.674866	0.373548	0.150146
0.204082	4.9	0.168828	-0.675593	0.37264	0.146617
0.2	5	0.164356	-0.676273	0.371786	0.143252
0.196078	5.1	0.16009	-0.67691	0.370981	0.140039
0.192308	5.2	0.156021	-0.677506	0.370223	0.136971
0.188679	5.3	0.152139	-0.678065	0.369506	0.134036
0.185185	5.4	0.148437	-0.678589	0.36884	0.131228
0.181818	5.5	0.144899	-0.679083	0.3682	0.128537
0.178571	5.6	0.14152	-0.679548	0.367595	0.125957
0.175439	5.7	0.138293	-0.679987	0.367022	0.123481
0.172414	5.8	0.135208	-0.6804	0.366479	0.121102
0.169492	5.9	0.132258	-0.680791	0.365964	0.118816
0.166667	6	0.129436	-0.681161	0.365475	0.116617
0.163934	6.1	0.126734	-0.681511	0.36501	0.1145
0.16129	6.2	0.124146	-0.681842	0.364568	0.112461
0.15873	6.3	0.121665	-0.682157	0.364147	0.110494
0.15625	6.4	0.119285	-0.682456	0.363746	0.108597
0.153846	6.5	0.117001	-0.68274	0.363364	0.106765
0.151515	6.6	0.114808	-0.68301	0.362999	0.104996
0.149254	6.7	0.1127	-0.683267	0.362651	0.103285
0.147059	6.8	0.110673	-0.683512	0.362318	0.101631
0.144928	6.9	0.108722	-0.683746	0.362	0.100029
0.142857	7	0.106843	-0.683969	0.361696	0.0984786
0.140845	7.1	0.105033	-0.684182	0.361405	0.0969759
0.138889	7.2	0.103287	-0.684386	0.361125	0.0955192
0.136986	7.3	0.101603	-0.684581	0.360858	0.0941062
0.135135	7.4	0.0999768	-0.684767	0.360601	0.0927349
0.133333	7.5	0.0984059	-0.684946	0.360355	0.0914035
0.131579	7.6	0.0968874	-0.685118	0.360119	0.0901102
0.12987	7.7	0.0954187	-0.685282	0.359891	0.0888533
0.128205	7.8	0.0939972	-0.68544	0.359673	0.0876313
0.126582	7.9	0.0926207	-0.685591	0.359463	0.0864426
0.125	8	0.0912869	-0.685736	0.359261	0.085286
0.123457	8.1	0.089994	-0.685876	0.359067	0.08416
0.121951	8.2	0.0887399	-0.686011	0.35888	0.0830635
0.120482	8.3	0.0875228	-0.68614	0.3587	0.0819953
0.119048	8.4	0.0863412	-0.686265	0.358526	0.0809542
0.117647	8.5	0.0851932	-0.686385	0.358359	0.0799392
0.116279	8.6	0.0840776	-0.686501	0.358197	0.0789493
0.114943	8.7	0.0829928	-0.686613	0.358042	0.0779836
0.113636	8.8	0.0819376	-0.68672	0.357891	0.0770411
0.11236	8.9	0.0809106	-0.686824	0.357746	0.0761211
0.111111	9	0.0799107	-0.686925	0.357607	0.0752226
0.10989	9.1	0.0789368	-0.687022	0.357471	0.074345
0.108696	9.2	0.0779879	-0.687115	0.357341	0.0734875
0.107527	9.3	0.0770629	-0.687206	0.357215	0.0726494
0.106383	9.4	0.0761609	-0.687294	0.357093	0.07183
0.105263	9.5	0.0752809	-0.687378	0.356976	0.0710288
0.104167	9.6	0.0744223	-0.68746	0.356862	0.070245
0.103093	9.7	0.073584	-0.68754	0.356752	0.0694781
0.102041	9.8	0.0727655	-0.687617	0.356646	0.0687276
0.10101	9.9	0.071966	-0.687691	0.356543	0.0679929
0.1	10	0.0711847	-0.687764	0.356444	0.0672736
0.0990099	10.1	0.070421	-0.687834	0.356348	0.0665691
0.0980392	10.2	0.0696744	-0.687902	0.356255	0.065879
0.0970874	10.3	0.0689442	-0.687968	0.356165	0.0652028
0.0961538	10.4	0.0682299	-0.688032	0.356078	0.0645401
0.0952381	10.5	0.0675308	-0.688094	0.355994	0.0638905
0.0943396	10.6	0.0668466	-0.688154	0.355912	0.0632537
0.0934579	10.7	0.0661767	-0.688213	0.355834	0.0626291
0.0925926	10.8	0.0655207	-0.68827	0.355757	0.0620166
0.0917431	10.9	0.0648781	-0.688325	0.355684	0.0614157
0.0909091	11	0.0642485	-0.688379	0.355612	0.0608261
0.0900901	11.1	0.0636315	-0.688432	0.355543	0.0602474
0.0892857	11.2	0.0630267	-0.688483	0.355477	0.0596794
0.0884956	11.3	0.0624337	-0.688532	0.355412	0.0591218
0.0877193	11.4	0.0618522	-0.68858	0.35535	0.0585743
0.0869565	11.5	0.0612818	-0.688627	0.355289	0.0580366
0.0862069	11.6	0.0607222	-0.688673	0.355231	0.0575085
0.0854701	11.7	0.0601731	-0.688718	0.355174	0.0569896
0.0847458	11.8	0.0596342	-0.688761	0.35512	0.0564798
0.0840336	11.9	0.0591051	-0.688803	0.355067	0.0559788
0.0833333	12	0.0585857	-0.688844	0.355016	0.0554864
0.0826446	12.1	0.0580757	-0.688885	0.354966	0.0550023
0.0819672	12.2	0.0575747	-0.688924	0.354919	0.0545264
0.0813008	12.3	0.0570825	-0.688962	0.354873	0.0540584
0.0806452	12.4	0.056599	-0.688999	0.354828	0.0535981
0.08	12.5	0.0561238	-0.689036	0.354785	0.0531454
0.0793651	12.6	0.0556568	-0.689071	0.354744	0.0527001
0.0787402	12.7	0.0551977	-0.689106	0.354703	0.0522619
0.078125	12.8	0.0547463	-0.68914	0.354665	0.0518308
0.0775194	12.9	0.0543025	-0.689173	0.354627	0.0514065
0.0769231	13	0.053866	-0.689205	0.354591	0.0509888
0.0763359	13.1	0.0534366	-0.689236	0.354557	0.0505777
0.0757576	13.2	0.0530142	-0.689267	0.354523	0.0501729
0.075188	13.3	0.0525987	-0.689297	0.354491	0.0497744
0.0746269	13.4	0.0521897	-0.689327	0.35446	0.0493819
0.0740741	13.5	0.0517872	-0.689355	0.35443	0.0489954
0.0735294	13.6	0.0513911	-0.689383	0.354402	0.0486147
0.0729927	13.7	0.0510011	-0.689411	0.354374	0.0482396
0.0724638	13.8	0.0506171	-0.689438	0.354348	0.0478701
0.0719424	13.9	0.0502391	-0.689464	0.354322	0.047506
0.0714286	14	0.0498667	-0.68949	0.354298	0.0471472
0.070922	14.1	0.0495	-0.689515	0.354274	0.0467936
0.0704225	14.2	0.0491387	-0.68954	0.354252	0.046445
0.0699301	14.3	0.0487828	-0.689564	0.35423	0.0461014
0.0694444	14.4	0.0484322	-0.689587	0.35421	0.0457627
0.0689655	14.5	0.0480866	-0.68961	0.35419	0.0454287
0.0684932	14.6	0.0477461	-0.689633	0.354171	0.0450994
0.0680272	14.7	0.0474104	-0.689655	0.354153	0.0447747
0.0675676	14.8	0.0470796	-0.689677	0.354136	0.0444543
0.0671141	14.9	0.0467534	-0.689698	0.35412	0.0441384
0.0666667	15	0.0464318	-0.689719	0.354104	0.0438268
0.0662252	15.1	0.0461147	-0.68974	0.354089	0.0435193
0.0657895	15.2	0.045802	-0.68976	0.354075	0.0432159
0.0653595	15.3	0.0454936	-0.689779	0.354062	0.0429166
0.0649351	15.4	0.0451894	-0.689798	0.354049	0.0426212
0.0645161	15.5	0.0448893	-0.689817	0.354038	0.0423297
0.0641026	15.6	0.0445933	-0.689836	0.354026	0.042042
0.0636943	15.7	0.0443012	-0.689854	0.354016	0.041758
0.0632911	15.8	0.044013	-0.689872	0.354006	0.0414776
0.0628931	15.9	0.0437286	-0.689889	0.353997	0.0412008
0.0625	16	0.0434479	-0.689906	0.353988	0.0409275
0.0621118	16.1	0.0431708	-0.689923	0.35398	0.0406577
0.0617284	16.2	0.0428974	-0.68994	0.353973	0.0403912
0.0613497	16.3	0.0426274	-0.689956	0.353966	0.0401281
0.0609756	16.4	0.0423609	-0.689972	0.35396	0.0398682
0.0606061	16.5	0.0420978	-0.689987	0.353954	0.0396115
0.060241	16.6	0.0418379	-0.690003	0.353949	0.0393579
0.0598802	16.7	0.0415813	-0.690018	0.353944	0.0391074
0.0595238	16.8	0.0413279	-0.690033	0.353939	0.0388599
0.0591716	16.9	0.0410777	-0.690047	0.353936	0.0386154
0.0588235	17	0.0408305	-0.690061	0.353932	0.0383737
0.0584795	17.1	0.0405863	-0.690075	0.353929	0.038135
0.0581395	17.2	0.0403451	-0.690089	0.353927	0.037899
0.0578035	17.3	0.0401067	-0.690103	0.353925	0.0376658
0.0574713	17.4	0.0398712	-0.690116	0.353923	0.0374354
0.0571429	17.5	0.0396386	-0.690129	0.353922	0.0372075
0.0568182	17.6	0.0394086	-0.690142	0.353921	0.0369823
0.0564972	17.7	0.0391814	-0.690154	0.35392	0.0367597
0.0561798	17.8	0.0389568	-0.690167	0.35392	0.0365396
0.0558659	17.9	0.0387348	-0.690179	0.35392	0.036322
0.0555556	18	0.0385154	-0.690191	0.353921	0.0361068
0.0552486	18.1	0.0382985	-0.690203	0.353921	0.035894
0.0549451	18.2	0.0380841	-0.690214	0.353922	0.0356836
0.0546448	18.3	0.0378721	-0.690226	0.353924	0.0354755
0.0543478	18.4	0.0376625	-0.690237	0.353925	0.0352697
0.0540541	18.5	0.0374553	-0.690248	0.353927	0.0350661
0.0537634	18.6	0.0372503	-0.690259	0.353929	0.0348647
0.0534759	18.7	0.0370477	-0.690269	0.353931	0.0346655
0.0531915	18.8	0.0368472	-0.69028	0.353934	0.0344685
0.0529101	18.9	0.036649	-0.69029	0.353936	0.0342735
0.0526316	19	0.0364529	-0.690301	0.353939	0.0340807
0.052356	19.1	0.036259	-0.690311	0.353942	0.0338898
0.0520833	19.2	0.0360671	-0.69032	0.353945	0.033701
0.0518135	19.3	0.0358773	-0.69033	0.353949	0.0335141
0.0515464	19.4	0.0356896	-0.69034	0.353952	0.0333292
0.0512821	19.5	0.0355038	-0.690349	0.353956	0.0331462
0.0510204	19.6	0.03532	-0.690358	0.353959	0.032965
0.0507614	19.7	0.0351381	-0.690367	0.353963	0.0327858
0.0505051	19.8	0.0349582	-0.690376	0.353967	0.0326083
0.0502513	19.9	0.0347801	-0.690385	0.353971	0.0324326
0.05	20	0.0346038	-0.690394	0.353975	0.0322587
0.0497512	20.1	0.0344294	-0.690403	0.353979	0.0320866
0.049505	20.2	0.0342567	-0.690411	0.353983	0.0319162
0.0492611	20.3	0.0340858	-0.690419	0.353987	0.0317474
0.0490196	20.4	0.0339167	-0.690428	0.353991	0.0315803
0.0487805	20.5	0.0337493	-0.690436	0.353994	0.0314149
0.0485437	20.6	0.0335835	-0.690444	0.353998	0.0312511
0.0483092	20.7	0.0334194	-0.690452	0.354002	0.0310888
0.0480769	20.8	0.033257	-0.690459	0.354006	0.0309282
0.0478469	20.9	0.0330961	-0.690467	0.35401	0.030769
0.047619	21	0.0329369	-0.690474	0.354013	0.0306114
0.0473934	21.1	0.0327792	-0.690482	0.354017	0.0304553
0.0471698	21.2	0.032623	-0.690489	0.35402	0.0303007
0.0469484	21.3	0.0324684	-0.690496	0.354024	0.0301476
0.046729	21.4	0.0323153	-0.690503	0.354027	0.0299959
0.0465116	21.5	0.0321637	-0.69051	0.35403	0.0298456
0.0462963	21.6	0.0320135	-0.690517	0.354033	0.0296967
0.0460829	21.7	0.0318648	-0.690524	0.354035	0.0295491
0.0458716	21.8	0.0317174	-0.690531	0.354038	0.029403
0.0456621	21.9	0.0315715	-0.690538	0.35404	0.0292582
0.0454545	22	0.031427	-0.690544	0.354042	0.0291146
0.0452489	22.1	0.0312838	-0.690551	0.354044	0.0289724
0.045045	22.2	0.031142	-0.690557	0.354045	0.0288315
0.044843	22.3	0.0310015	-0.690563	0.354046	0.0286919
0.0446429	22.4	0.0308623	-0.690569	0.354047	0.0285535
0.0444444	22.5	0.0307244	-0.690575	0.354048	0.0284163
0.0442478	22.6	0.0305878	-0.690581	0.354048	0.0282804
0.0440529	22.7	0.0304524	-0.690587	0.354048	0.0281456
0.0438596	22.8	0.0303183	-0.690593	0.354048	0.0280121
0.0436681	22.9	0.0301854	-0.690599	0.354047	0.0278797
0.0434783	23	0.0300537	-0.690605	0.354046	0.0277485
0.04329	23.1	0.0299232	-0.69061	0.354045	0.0276184
0.0431034	23.2	0.0297939	-0.690616	0.354043	0.0274894
0.0429185	23.3	0.0296657	-0.690622	0.354041	0.0273615
0.042735	23.4	0.0295388	-0.690627	0.354038	0.0272347
0.0425532	23.5	0.0294129	-0.690632	0.354035	0.027109
0.0423729	23.6	0.0292882	-0.690638	0.354031	0.0269844
0.0421941	23.7	0.0291646	-0.690643	0.354027	0.0268608
0.0420168	23.8	0.029042	-0.690648	0.354022	0.0267383
0.041841	23.9	0.0289206	-0.690653	0.354017	0.0266168
0.0416667	24	0.0288002	-0.690658	0.354012	0.0264963
0.0414938	24.1	0.0286809	-0.690663	0.354006	0.0263768
0.0413223	24.2	0.0285626	-0.690668	0.353999	0.0262583
0.0411523	24.3	0.0284454	-0.690673	0.353992	0.0261407
0.0409836	24.4	0.0283292	-0.690678	0.353984	0.0260242
0.0408163	24.5	0.028214	-0.690682	0.353975	0.0259085
0.0406504	24.6	0.0280998	-0.690687	0.353966	0.0257939
0.0404858	24.7	0.0279865	-0.690692	0.353957	0.0256801
0.0403226	24.8	0.0278743	-0.690696	0.353947	0.0255673
0.0401606	24.9	0.027763	-0.690701	0.353936	0.0254553
0.04	25	0.0276527	-0.690705	0.353924	0.0253443
0.0398406	25.1	0.0275433	-0.69071	0.353912	0.0252341
0.0396825	25.2	0.0274348	-0.690714	0.353899	0.0251248
0.0395257	25.3	0.0273273	-0.690718	0.353885	0.0250164
0.0393701	25.4	0.0272206	-0.690722	0.353871	0.0249088
0.0392157	25.5	0.0271149	-0.690727	0.353856	0.024802
0.0390625	25.6	0.0270101	-0.690731	0.35384	0.0246961
0.0389105	25.7	0.0269061	-0.690735	0.353823	0.024591
0.0387597	25.8	0.026803	-0.690739	0.353806	0.0244868
0.03861	25.9	0.0267008	-0.690743	0.353788	0.0243833
0.0384615	26	0.0265995	-0.690747	0.353769	0.0242806
0.0383142	26.1	0.0264989	-0.690751	0.353749	0.0241787
0.0381679	26.2	0.0263993	-0.690755	0.353729	0.0240775
0.0380228	26.3	0.0263004	-0.690759	0.353707	0.0239772
0.0378788	26.4	0.0262024	-0.690762	0.353685	0.0238775
0.0377358	26.5	0.0261051	-0.690766	0.353662	0.0237787
0.037594	26.6	0.0260087	-0.69077	0.353637	0.0236805
0.0374532	26.7	0.0259131	-0.690773	0.353612	0.0235831
0.0373134	26.8	0.0258182	-0.690777	0.353587	0.0234864
0.0371747	26.9	0.0257241	-0.690781	0.35356	0.0233905
0.037037	27	0.0256308	-0.690784	0.353532	0.0232952
0.0369004	27.1	0.0255383	-0.690788	0.353503	0.0232006
0.0367647	27.2	0.0254465	-0.690791	0.353473	0.0231067
0.03663	27.3	0.0253555	-0.690794	0.353443	0.0230135
0.0364964	27.4	0.0252652	-0.690798	0.353411	0.022921
0.0363636	27.5	0.0251756	-0.690801	0.353378	0.0228291
0.0362319	27.6	0.0250868	-0.690805	0.353345	0.0227379
0.0361011	27.7	0.0249987	-0.690808	0.35331	0.0226474
0.0359712	27.8	0.0249113	-0.690811	0.353274	0.0225575
0.0358423	27.9	0.0248246	-0.690814	0.353237	0.0224682
0.0357143	28	0.0247386	-0.690817	0.353199	0.0223795
0.0355872	28.1	0.0246532	-0.690821	0.35316	0.0222915
0.035461	28.2	0.0245686	-0.690824	0.35312	0.0222041
0.0353357	28.3	0.0244847	-0.690827	0.353079	0.0221173
0.0352113	28.4	0.0244014	-0.69083	0.353036	0.0220311
0.0350877	28.5	0.0243188	-0.690833	0.352993	0.0219455
0.034965	28.6	0.0242368	-0.690836	0.352948	0.0218604
0.0348432	28.7	0.0241555	-0.690839	0.352902	0.021776
0.0347222	28.8	0.0240749	-0.690842	0.352855	0.0216921
0.0346021	28.9	0.0239949	-0.690845	0.352807	0.0216088
0.0344828	29	0.0239155	-0.690847	0.352758	0.0215261
0.0343643	29.1	0.0238368	-0.69085	0.352707	0.0214439
0.0342466	29.2	0.0237586	-0.690853	0.352655	0.0213623
0.0341297	29.3	0.0236812	-0.690856	0.352602	0.0212812
0.0340136	29.4	0.0236043	-0.690859	0.352548	0.0212007
0.0338983	29.5	0.023528	-0.690861	0.352492	0.0211207
0.0337838	29.6	0.0234523	-0.690864	0.352435	0.0210412
0.03367	29.7	0.0233772	-0.690867	0.352377	0.0209623
0.033557	29.8	0.0233028	-0.690869	0.352318	0.0208838
0.0334448	29.9	0.0232289	-0.690872	0.352257	0.0208059
0.0333333	30	0.0231556	-0.690874	0.352195	0.0207285
0.0332226	30.1	0.0230828	-0.690877	0.352131	0.0206516
0.0331126	30.2	0.0230107	-0.69088	0.352067	0.0205752
0.0330033	30.3	0.0229391	-0.690882	0.352001	0.0204992
0.0328947	30.4	0.022868	-0.690885	0.351933	0.0204238
0.0327869	30.5	0.0227976	-0.690887	0.351864	0.0203488
0.0326797	30.6	0.0227276	-0.690889	0.351794	0.0202743
0.0325733	30.7	0.0226583	-0.690892	0.351723	0.0202003
0.0324675	30.8	0.0225894	-0.690894	0.35165	0.0201268
0.0323625	30.9	0.0225211	-0.690897	0.351575	0.0200537
0.0322581	31	0.0224534	-0.690899	0.351499	0.0199811
0.0321543	31.1	0.0223861	-0.690901	0.351422	0.0199089
0.0320513	31.2	0.0223194	-0.690904	0.351344	0.0198371
0.0319489	31.3	0.0222533	-0.690906	0.351263	0.0197659
0.0318471	31.4	0.0221876	-0.690908	0.351182	0.019695
0.031746	31.5	0.0221224	-0.69091	0.351099	0.0196246
0.0316456	31.6	0.0220578	-0.690913	0.351014	0.0195546
0.0315457	31.7	0.0219937	-0.690915	0.350928	0.019485
0.0314465	31.8	0.02193	-0.690917	0.350841	0.0194159
0.031348	31.9	0.0218669	-0.690919	0.350752	0.0193472
0.03125	32	0.0218042	-0.690921	0.350661	0.0192789
0.0311526	32.1	0.0217421	-0.690923	0.350569	0.019211
0.0310559	32.2	0.0216804	-0.690925	0.350476	0.0191435
0.0309598	32.3	0.0216192	-0.690928	0.350381	0.0190764
0.0308642	32.4	0.0215584	-0.69093	0.350284	0.0190097
0.0307692	32.5	0.0214982	-0.690932	0.350186	0.0189433
0.0306748	32.6	0.0214384	-0.690934	0.350086	0.0188774
0.030581	32.7	0.0213791	-0.690936	0.349985	0.0188119
0.0304878	32.8	0.0213202	-0.690938	0.349882	0.0187467
0.0303951	32.9	0.0212618	-0.69094	0.349778	0.018682
0.030303	33	0.0212039	-0.690942	0.349672	0.0186176
0.0302115	33.1	0.0211464	-0.690944	0.349564	0.0185535
0.0301205	33.2	0.0210893	-0.690945	0.349455	0.0184899
0.03003	33.3	0.0210327	-0.690947	0.349344	0.0184266
0.0299401	33.4	0.0209766	-0.690949	0.349232	0.0183636
0.0298507	33.5	0.0209208	-0.690951	0.349118	0.018301
0.0297619	33.6	0.0208655	-0.690953	0.349002	0.0182388
0.0296736	33.7	0.0208107	-0.690955	0.348885	0.0181769
0.0295858	33.8	0.0207562	-0.690957	0.348766	0.0181154
0.0294985	33.9	0.0207022	-0.690958	0.348645	0.0180542
0.0294118	34	0.0206486	-0.69096	0.348523	0.0179933
0.0293255	34.1	0.0205954	-0.690962	0.348399	0.0179328
0.0292398	34.2	0.0205426	-0.690964	0.348274	0.0178726
0.0291545	34.3	0.0204903	-0.690966	0.348146	0.0178128
0.0290698	34.4	0.0204383	-0.690967	0.348018	0.0177533
0.0289855	34.5	0.0203867	-0.690969	0.347887	0.0176941
0.0289017	34.6	0.0203356	-0.690971	0.347755	0.0176352
0.0288184	34.7	0.0202848	-0.690972	0.347621	0.0175766
0.0287356	34.8	0.0202345	-0.690974	0.347485	0.0175184
0.0286533	34.9	0.0201845	-0.690976	0.347348	0.0174604
0.0285714	35	0.0201349	-0.690977	0.347209	0.0174028
0.02849	35.1	0.0200857	-0.690979	0.347068	0.0173455
0.0284091	35.2	0.0200369	-0.690981	0.346926	0.0172885
0.0283286	35.3	0.0199884	-0.690982	0.346782	0.0172317
0.0282486	35.4	0.0199404	-0.690984	0.346636	0.0171753
0.028169	35.5	0.0198927	-0.690985	0.346488	0.0171192
0.0280899	35.6	0.0198453	-0.690987	0.346339	0.0170634
0.0280112	35.7	0.0197984	-0.690989	0.346188	0.0170078
0.027933	35.8	0.0197518	-0.69099	0.346035	0.0169526
0.0278552	35.9	0.0197056	-0.690992	0.345881	0.0168976
0.0277778	36	0.0196597	-0.690993	0.345725	0.0168429
0.0277008	36.1	0.0196142	-0.690995	0.345567	0.0167885
0.0276243	36.2	0.019569	-0.690996	0.345407	0.0167344
0.0275482	36.3	0.0195242	-0.690998	0.345246	0.0166805
0.0274725	36.4	0.0194797	-0.690999	0.345082	0.016627
0.0273973	36.5	0.0194356	-0.691001	0.344917	0.0165736
0.0273224	36.6	0.0193918	-0.691002	0.344751	0.0165206
0.027248	36.7	0.0193484	-0.691003	0.344582	0.0164678
0.0271739	36.8	0.0193053	-0.691005	0.344412	0.0164153
0.0271003	36.9	0.0192625	-0.691006	0.34424	0.0163631
0.027027	37	0.01922	-0.691008	0.344067	0.0163111
0.0269542	37.1	0.0191779	-0.691009	0.343891	0.0162593
0.0268817	37.2	0.0191361	-0.69101	0.343714	0.0162078
0.0268097	37.3	0.0190947	-0.691012	0.343535	0.0161566
0.026738	37.4	0.0190535	-0.691013	0.343354	0.0161056
0.0266667	37.5	0.0190127	-0.691015	0.343172	0.0160549
0.0265957	37.6	0.0189722	-0.691016	0.342987	0.0160044
0.0265252	37.7	0.018932	-0.691017	0.342801	0.0159541
0.026455	37.8	0.0188921	-0.691019	0.342614	0.0159041
0.0263852	37.9	0.0188526	-0.69102	0.342424	0.0158543
0.0263158	38	0.0188133	-0.691021	0.342233	0.0158048
0.0262467	38.1	0.0187743	-0.691022	0.34204	0.0157555
0.026178	38.2	0.0187357	-0.691024	0.341845	0.0157064
0.0261097	38.3	0.0186973	-0.691025	0.341648	0.0156576
0.0260417	38.4	0.0186593	-0.691026	0.34145	0.015609
0.025974	38.5	0.0186215	-0.691028	0.341249	0.0155606
0.0259067	38.6	0.018584	-0.691029	0.341048	0.0155124
0.0258398	38.7	0.0185468	-0.69103	0.340844	0.0154645
0.0257732	38.8	0.0185099	-0.691031	0.340638	0.0154168
0.0257069	38.9	0.0184733	-0.691033	0.340431	0.0153693
0.025641	39	0.018437	-0.691034	0.340222	0.015322
0.0255754	39.1	0.0184009	-0.691035	0.340011	0.0152749
0.0255102	39.2	0.0183652	-0.691036	0.339799	0.0152281
0.0254453	39.3	0.0183297	-0.691037	0.339584	0.0151814
0.0253807	39.4	0.0182944	-0.691038	0.339368	0.015135
0.0253165	39.5	0.0182595	-0.69104	0.33915	0.0150888
0.0252525	39.6	0.0182248	-0.691041	0.338931	0.0150428
0.0251889	39.7	0.0181904	-0.691042	0.338709	0.014997
0.0251256	39.8	0.0181563	-0.691043	0.338486	0.0149514
0.0250627	39.9	0.0181224	-0.691044	0.338261	0.014906
0.025	40	0.0180888	-0.691045	0.338035	0.0148608
0.0249377	40.1	0.0180554	-0.691047	0.337806	0.0148158
0.0248756	40.2	0.0180223	-0.691048	0.337576	0.014771
0.0248139	40.3	0.0179894	-0.691049	0.337344	0.0147263
0.0247525	40.4	0.0179568	-0.69105	0.337111	0.0146819
0.0246914	40.5	0.0179245	-0.691051	0.336875	0.0146377
0.0246305	40.6	0.0178924	-0.691052	0.336638	0.0145937
0.02457	40.7	0.0178606	-0.691053	0.336399	0.0145498
0.0245098	40.8	0.0178289	-0.691054	0.336159	0.0145062
0.0244499	40.9	0.0177976	-0.691055	0.335916	0.0144627
0.0243902	41	0.0177665	-0.691056	0.335672	0.0144194
0.0243309	41.1	0.0177356	-0.691057	0.335427	0.0143763
0.0242718	41.2	0.0177049	-0.691058	0.335179	0.0143334
0.0242131	41.3	0.0176745	-0.691059	0.33493	0.0142906
0.0241546	41.4	0.0176444	-0.69106	0.334679	0.014248
0.0240964	41.5	0.0176144	-0.691061	0.334426	0.0142057
0.0240385	41.6	0.0175847	-0.691063	0.334172	0.0141634
0.0239808	41.7	0.0175552	-0.691064	0.333916	0.0141214
0.0239234	41.8	0.0175259	-0.691065	0.333658	0.0140795
0.0238663	41.9	0.0174969	-0.691066	0.333399	0.0140379
0.0238095	42	0.0174681	-0.691067	0.333138	0.0139963
0.023753	42.1	0.0174395	-0.691067	0.332875	0.013955
0.0236967	42.2	0.0174111	-0.691068	0.33261	0.0139138
0.0236407	42.3	0.0173829	-0.691069	0.332344	0.0138728
0.0235849	42.4	0.017355	-0.69107	0.332076	0.0138319
0.0235294	42.5	0.0173273	-0.691071	0.331806	0.0137912
0.0234742	42.6	0.0172997	-0.691072	0.331535	0.0137507
0.0234192	42.7	0.0172724	-0.691073	0.331262	0.0137104
0.0233645	42.8	0.0172453	-0.691074	0.330988	0.0136702
0.02331	42.9	0.0172184	-0.691075	0.330711	0.0136301
0.0232558	43	0.0171917	-0.691076	0.330433	0.0135902
0.0232019	43.1	0.0171652	-0.691077	0.330154	0.0135505
0.0231481	43.2	0.0171389	-0.691078	0.329873	0.0135109
0.0230947	43.3	0.0171128	-0.691079	0.32959	0.0134715
0.0230415	43.4	0.0170869	-0.69108	0.329305	0.0134322
0.0229885	43.5	0.0170612	-0.691081	0.329019	0.0133931
0.0229358	43.6	0.0170357	-0.691082	0.328732	0.0133542
0.0228833	43.7	0.0170103	-0.691082	0.328442	0.0133154
0.0228311	43.8	0.0169852	-0.691083	0.328151	0.0132767
0.022779	43.9	0.0169603	-0.691084	0.327859	0.0132382
0.0227273	44	0.0169355	-0.691085	0.327565	0.0131998
0.0226757	44.1	0.0169109	-0.691086	0.327269	0.0131616
0.0226244	44.2	0.0168865	-0.691087	0.326971	0.0131235
0.0225734	44.3	0.0168623	-0.691088	0.326672	0.0130856
0.0225225	44.4	0.0168383	-0.691088	0.326372	0.0130478
0.0224719	44.5	0.0168145	-0.691089	0.32607	0.0130101
0.0224215	44.6	0.0167908	-0.69109	0.325766	0.0129726
0.0223714	44.7	0.0167673	-0.691091	0.325461	0.0129353
0.0223214	44.8	0.016744	-0.691092	0.325154	0.012898
0.0222717	44.9	0.0167208	-0.691093	0.324846	0.012861
0.0222222	45	0.0166978	-0.691093	0.324536	0.012824
0.0221729	45.1	0.016675	-0.691094	0.324224	0.0127872
0.0221239	45.2	0.0166524	-0.691095	0.323911	0.0127505
0.0220751	45.3	0.0166299	-0.691096	0.323597	0.0127139
0.0220264	45.4	0.0166076	-0.691097	0.323281	0.0126775
0.021978	45.5	0.0165855	-0.691098	0.322963	0.0126412
0.0219298	45.6	0.0165635	-0.691098	0.322644	0.0126051
0.0218818	45.7	0.0165416	-0.691099	0.322323	0.0125691
0.0218341	45.8	0.01652	-0.6911	0.322001	0.0125332
0.0217865	45.9	0.0164985	-0.691101	0.321678	0.0124974
0.0217391	46	0.0164771	-0.691101	0.321353	0.0124618
0.021692	46.1	0.0164559	-0.691102	0.321026	0.0124262
0.021645	46.2	0.0164349	-0.691103	0.320698	0.0123909
0.0215983	46.3	0.016414	-0.691104	0.320369	0.0123556
0.0215517	46.4	0.0163932	-0.691105	0.320038	0.0123205
0.0215054	46.5	0.0163726	-0.691105	0.319705	0.0122855
0.0214592	46.6	0.0163522	-0.691106	0.319372	0.0122506
0.0214133	46.7	0.0163319	-0.691107	0.319036	0.0122158
0.0213675	46.8	0.0163117	-0.691107	0.3187	0.0121811
0.021322	46.9	0.0162917	-0.691108	0.318361	0.0121466
0.0212766	47	0.0162718	-0.691109	0.318022	0.0121122
0.0212314	47.1	0.0162521	-0.69111	0.317681	0.0120779
0.0211864	47.2	0.0162325	-0.69111	0.317339	0.0120437
0.0211416	47.3	0.016213	-0.691111	0.316995	0.0120097
0.021097	47.4	0.0161937	-0.691112	0.31665	0.0119757
0.0210526	47.5	0.0161745	-0.691113	0.316303	0.0119419
0.0210084	47.6	0.0161555	-0.691113	0.315955	0.0119082
0.0209644	47.7	0.0161366	-0.691114	0.315606	0.0118746
0.0209205	47.8	0.0161178	-0.691115	0.315255	0.0118411
0.0208768	47.9	0.0160991	-0.691115	0.314903	0.0118078
0.0208333	48	0.0160806	-0.691116	0.31455	0.0117745
0.02079	48.1	0.0160622	-0.691117	0.314195	0.0117414
0.0207469	48.2	0.016044	-0.691117	0.313839	0.0117083
0.0207039	48.3	0.0160258	-0.691118	0.313482	0.0116754
0.0206612	48.4	0.0160078	-0.691119	0.313123	0.0116426
0.0206186	48.5	0.0159899	-0.691119	0.312763	0.0116099
0.0205761	48.6	0.0159721	-0.69112	0.312402	0.0115773
0.0205339	48.7	0.0159545	-0.691121	0.312039	0.0115448
0.0204918	48.8	0.0159369	-0.691121	0.311675	0.0115124
0.0204499	48.9	0.0159195	-0.691122	0.31131	0.0114801
0.0204082	49	0.0159022	-0.691123	0.310944	0.0114479
0.0203666	49.1	0.015885	-0.691123	0.310576	0.0114159
0.0203252	49.2	0.0158679	-0.691124	0.310207	0.0113839
0.020284	49.3	0.015851	-0.691125	0.309837	0.011352
0.0202429	49.4	0.0158341	-0.691125	0.309466	0.0113203
0.020202	49.5	0.0158174	-0.691126	0.309093	0.0112886
0.0201613	49.6	0.0158008	-0.691127	0.308719	0.0112571
0.0201207	49.7	0.0157843	-0.691127	0.308344	0.0112256
0.0200803	49.8	0.0157678	-0.691128	0.307968	0.0111942
0.0200401	49.9	0.0157515	-0.691129	0.30759	0.011163
0.02	50	0.0157353	-0.691129	0.307211	0.0111318
0.0199601	50.1	0.0157193	-0.69113	0.306831	0.0111008
0.0199203	50.2	0.0157033	-0.69113	0.30645	0.0110698
0.0198807	50.3	0.0156874	-0.691131	0.306068	0.0110389
0.0198413	50.4	0.0156716	-0.691132	0.305685	0.0110082
0.019802	50.5	0.0156559	-0.691132	0.3053	0.0109775
0.0197628	50.6	0.0156403	-0.691133	0.304914	0.0109469
0.0197239	50.7	0.0156248	-0.691133	0.304528	0.0109165
0.019685	50.8	0.0156095	-0.691134	0.30414	0.0108861
0.0196464	50.9	0.0155942	-0.691135	0.30375	0.0108558
0.0196078	51	0.015579	-0.691135	0.30336	0.0108256
0.0195695	51.1	0.0155639	-0.691136	0.302969	0.0107955
0.0195312	51.2	0.0155488	-0.691136	0.302576	0.0107655
0.0194932	51.3	0.0155339	-0.691137	0.302183	0.0107355
0.0194553	51.4	0.0155191	-0.691138	0.301788	0.0107057
0.0194175	51.5	0.0155044	-0.691138	0.301393	0.010676
0.0193798	51.6	0.0154897	-0.691139	0.300996	0.0106463
0.0193424	51.7	0.0154752	-0.691139	0.300598	0.0106168
0.019305	51.8	0.0154607	-0.69114	0.300199	0.0105873
0.0192678	51.9	0.0154463	-0.69114	0.299799	0.0105579
0.0192308	52	0.015432	-0.691141	0.299398	0.0105286
0.0191939	52.1	0.0154178	-0.691142	0.298996	0.0104994
0.0191571	52.2	0.0154036	-0.691142	0.298593	0.0104703
0.0191205	52.3	0.0153896	-0.691143	0.298189	0.0104413
0.019084	52.4	0.0153756	-0.691143	0.297784	0.0104123
0.0190476	52.5	0.0153617	-0.691144	0.297378	0.0103835
0.0190114	52.6	0.0153479	-0.691144	0.296971	0.0103547
0.0189753	52.7	0.0153342	-0.691145	0.296563	0.010326
0.0189394	52.8	0.0153205	-0.691145	0.296155	0.0102974
0.0189036	52.9	0.015307	-0.691146	0.295745	0.0102689
0.0188679	53	0.0152935	-0.691147	0.295334	0.0102405
0.0188324	53.1	0.01528	-0.691147	0.294922	0.0102122
0.018797	53.2	0.0152667	-0.691148	0.294509	0.0101839
0.0187617	53.3	0.0152534	-0.691148	0.294096	0.0101557
0.0187266	53.4	0.0152402	-0.691149	0.293681	0.0101276
0.0186916	53.5	0.0152271	-0.691149	0.293266	0.0100996
0.0186567	53.6	0.015214	-0.69115	0.292849	0.0100717
0.018622	53.7	0.0152011	-0.69115	0.292432	0.0100438
0.0185874	53.8	0.0151881	-0.691151	0.292014	0.010016
0.0185529	53.9	0.0151753	-0.691151	0.291595	0.00998835
0.0185185	54	0.0151625	-0.691152	0.291175	0.00996074
0.0184843	54.1	0.0151498	-0.691152	0.290754	0.0099332
0.0184502	54.2	0.0151372	-0.691153	0.290332	0.00990575
0.0184162	54.3	0.0151246	-0.691153	0.28991	0.00987838
0.0183824	54.4	0.0151121	-0.691154	0.289487	0.00985108
0.0183486	54.5	0.0150996	-0.691154	0.289063	0.00982386
0.018315	54.6	0.0150872	-0.691155	0.288638	0.00979672
0.0182815	54.7	0.0150749	-0.691155	0.288212	0.00976966
0.0182482	54.8	0.0150626	-0.691156	0.287785	0.00974267
0.0182149	54.9	0.0150504	-0.691156	0.287358	0.00971576
0.0181818	55	0.0150383	-0.691157	0.28693	0.00968893
0.0181488	55.1	0.0150262	-0.691157	0.286501	0.00966217
0.0181159	55.2	0.0150142	-0.691158	0.286071	0.00963549
0.0180832	55.3	0.0150022	-0.691158	0.285641	0.00960888
0.0180505	55.4	0.0149903	-0.691159	0.285209	0.00958235
0.018018	55.5	0.0149785	-0.691159	0.284777	0.0095559
0.0179856	55.6	0.0149667	-0.69116	0.284345	0.00952951
0.0179533	55.7	0.014955	-0.69116	0.283911	0.0095032
0.0179211	55.8	0.0149433	-0.691161	0.283477	0.00947697
0.0178891	55.9	0.0149317	-0.691161	0.283042	0.0094508
0.0178571	56	0.0149201	-0.691161	0.282606	0.00942471
0.0178253	56.1	0.0149086	-0.691162	0.28217	0.0093987
0.0177936	56.2	0.0148971	-0.691162	0.281733	0.00937275
0.017762	56.3	0.0148857	-0.691163	0.281295	0.00934688
0.0177305	56.4	0.0148743	-0.691163	0.280857	0.00932108
0.0176991	56.5	0.014863	-0.691164	0.280418	0.00929534
0.0176678	56.6	0.0148517	-0.691164	0.279978	0.00926968
0.0176367	56.7	0.0148405	-0.691165	0.279538	0.0092441
0.0176056	56.8	0.0148294	-0.691165	0.279097	0.00921858
0.0175747	56.9	0.0148183	-0.691166	0.278655	0.00919313
0.0175439	57	0.0148072	-0.691166	0.278213	0.00916775
0.0175131	57.1	0.0147962	-0.691166	0.27777	0.00914244
0.0174825	57.2	0.0147852	-0.691167	0.277327	0.0091172
0.017452	57.3	0.0147742	-0.691167	0.276883	0.00909203
0.0174216	57.4	0.0147634	-0.691168	0.276438	0.00906692
0.0173913	57.5	0.0147525	-0.691168	0.275993	0.00904189
0.0173611	57.6	0.0147417	-0.691169	0.275547	0.00901692
0.017331	57.7	0.014731	-0.691169	0.275101	0.00899202
0.017301	57.8	0.0147203	-0.69117	0.274654	0.00896719
0.0172712	57.9	0.0147096	-0.69117	0.274206	0.00894242
0.0172414	58	0.014699	-0.69117	0.273758	0.00891773
0.0172117	58.1	0.0146884	-0.691171	0.273309	0.00889309
0.0171821	58.2	0.0146778	-0.691171	0.27286	0.00886853
0.0171527	58.3	0.0146673	-0.691172	0.272411	0.00884403
0.0171233	58.4	0.0146568	-0.691172	0.27196	0.0088196
0.017094	58.5	0.0146464	-0.691172	0.27151	0.00879523
0.0170648	58.6	0.014636	-0.691173	0.271059	0.00877093
0.0170358	58.7	0.0146257	-0.691173	0.270607	0.00874669
0.0170068	58.8	0.0146154	-0.691174	0.270155	0.00872251
0.0169779	58.9	0.0146051	-0.691174	0.269702	0.00869841
0.0169492	59	0.0145948	-0.691175	0.269249	0.00867436
0.0169205	59.1	0.0145846	-0.691175	0.268795	0.00865038
0.0168919	59.2	0.0145745	-0.691175	0.268341	0.00862647
0.0168634	59.3	0.0145643	-0.691176	0.267887	0.00860261
0.016835	59.4	0.0145542	-0.691176	0.267432	0.00857882
0.0168067	59.5	0.0145442	-0.691177	0.266976	0.0085551
0.0167785	59.6	0.0145341	-0.691177	0.266521	0.00853143
0.0167504	59.7	0.0145241	-0.691177	0.266064	0.00850783
0.0167224	59.8	0.0145141	-0.691178	0.265608	0.00848429
0.0166945	59.9	0.0145042	-0.691178	0.265151	0.00846082
0.0166667	60	0.0144943	-0.691179	0.264693	0.0084374
0.0166389	60.1	0.0144844	-0.691179	0.264235	0.00841405
0.0166113	60.2	0.0144746	-0.691179	0.263777	0.00839076
0.0165837	60.3	0.0144648	-0.69118	0.263319	0.00836753
0.0165563	60.4	0.014455	-0.69118	0.26286	0.00834436
0.0165289	60.5	0.0144452	-0.69118	0.2624	0.00832125
0.0165017	60.6	0.0144355	-0.691181	0.261941	0.0082982
0.0164745	60.7	0.0144258	-0.691181	0.261481	0.00827521
0.0164474	60.8	0.0144162	-0.691182	0.26102	0.00825228
0.0164204	60.9	0.0144065	-0.691182	0.26056	0.00822942
0.0163934	61	0.0143969	-0.691182	0.260099	0.00820661
0.0163666	61.1	0.0143873	-0.691183	0.259637	0.00818386
0.0163399	61.2	0.0143778	-0.691183	0.259176	0.00816117
0.0163132	61.3	0.0143682	-0.691183	0.258714	0.00813854
0.0162866	61.4	0.0143587	-0.691184	0.258252	0.00811597
0.0162602	61.5	0.0143493	-0.691184	0.257789	0.00809345
0.0162338	61.6	0.0143398	-0.691185	0.257326	0.008071
0.0162075	61.7	0.0143304	-0.691185	0.256863	0.0080486
0.0161812	61.8	0.014321	-0.691185	0.2564	0.00802626
0.0161551	61.9	0.0143116	-0.691186	0.255937	0.00800398
0.016129	62	0.0143022	-0.691186	0.255473	0.00798176
0.0161031	62.1	0.0142929	-0.691186	0.255009	0.0079596
0.0160772	62.2	0.0142836	-0.691187	0.254544	0.00793749
0.0160514	62.3	0.0142743	-0.691187	0.25408	0.00791544
0.0160256	62.4	0.014265	-0.691187	0.253615	0.00789344
0.016	62.5	0.0142558	-0.691188	0.25315	0.0078715
0.0159744	62.6	0.0142466	-0.691188	0.252685	0.00784962
0.015949	62.7	0.0142374	-0.691188	0.252219	0.0078278
0.0159236	62.8	0.0142282	-0.691189	0.251754	0.00780603
0.0158983	62.9	0.014219	-0.691189	0.251288	0.00778432
0.015873	63	0.0142099	-0.69119	0.250822	0.00776266
0.0158479	63.1	0.0142008	-0.69119	0.250356	0.00774106
0.0158228	63.2	0.0141917	-0.69119	0.24989	0.00771951
0.0157978	63.3	0.0141826	-0.691191	0.249423	0.00769802
0.0157729	63.4	0.0141735	-0.691191	0.248957	0.00767659
0.015748	63.5	0.0141645	-0.691191	0.24849	0.00765521
0.0157233	63.6	0.0141555	-0.691192	0.248023	0.00763388
0.0156986	63.7	0.0141465	-0.691192	0.247556	0.00761261
0.015674	63.8	0.0141375	-0.691192	0.247089	0.00759139
0.0156495	63.9	0.0141285	-0.691193	0.246621	0.00757023
0.015625	64	0.0141196	-0.691193	0.246154	0.00754912
0.0156006	64.1	0.0141106	-0.691193	0.245686	0.00752807
0.0155763	64.2	0.0141017	-0.691194	0.245219	0.00750707
0.0155521	64.3	0.0140928	-0.691194	0.244751	0.00748612
0.015528	64.4	0.0140839	-0.691194	0.244283	0.00746522
0.0155039	64.5	0.0140751	-0.691194	0.243815	0.00744438
0.0154799	64.6	0.0140662	-0.691195	0.243347	0.00742359
0.015456	64.7	0.0140574	-0.691195	0.242879	0.00740286
0.0154321	64.8	0.0140486	-0.691195	0.242411	0.00738218
0.0154083	64.9	0.0140398	-0.691196	0.241942	0.00736155
0.0153846	65	0.014031	-0.691196	0.241474	0.00734097
0.015361	65.1	0.0140222	-0.691196	0.241006	0.00732045
0.0153374	65.2	0.0140135	-0.691197	0.240538	0.00729997
0.0153139	65.3	0.0140047	-0.691197	0.240069	0.00727955
0.0152905	65.4	0.013996	-0.691197	0.239601	0.00725918
0.0152672	65.5	0.0139873	-0.691198	0.239132	0.00723886
0.0152439	65.6	0.0139786	-0.691198	0.238664	0.0072186
0.0152207	65.7	0.0139699	-0.691198	0.238195	0.00719838
0.0151976	65.8	0.0139612	-0.691199	0.237727	0.00717822
0.0151745	65.9	0.0139525	-0.691199	0.237258	0.00715811
0.0151515	66	0.0139439	-0.691199	0.23679	0.00713805
0.0151286	66.1	0.0139352	-0.691199	0.236321	0.00711804
0.0151057	66.2	0.0139266	-0.6912	0.235853	0.00709808
0.015083	66.3	0.013918	-0.6912	0.235384	0.00707817
0.0150602	66.4	0.0139094	-0.6912	0.234916	0.00705831
0.0150376	66.5	0.0139008	-0.691201	0.234448	0.0070385
0.015015	66.6	0.0138922	-0.691201	0.233979	0.00701874
0.0149925	66.7	0.0138837	-0.691201	0.233511	0.00699903
0.0149701	66.8	0.0138751	-0.691202	0.233043	0.00697937
0.0149477	66.9	0.0138666	-0.691202	0.232574	0.00695976
0.0149254	67	0.013858	-0.691202	0.232106	0.0069402
0.0149031	67.1	0.0138495	-0.691202	0.231638	0.00692069
0.014881	67.2	0.013841	-0.691203	0.23117	0.00690123
0.0148588	67.3	0.0138325	-0.691203	0.230702	0.00688182
0.0148368	67.4	0.013824	-0.691203	0.230235	0.00686245
0.0148148	67.5	0.0138155	-0.691204	0.229767	0.00684314
0.0147929	67.6	0.0138071	-0.691204	0.229299	0.00682387
0.014771	67.7	0.0137986	-0.691204	0.228832	0.00680466
0.0147493	67.8	0.0137902	-0.691204	0.228364	0.00678549
0.0147275	67.9	0.0137817	-0.691205	0.227897	0.00676637
0.0147059	68	0.0137733	-0.691205	0.22743	0.00674729
0.0146843	68.1	0.0137649	-0.691205	0.226963	0.00672827
0.0146628	68.2	0.0137565	-0.691206	0.226496	0.00670929
0.0146413	68.3	0.013748	-0.691206	0.226029	0.00669036
0.0146199	68.4	0.0137397	-0.691206	0.225562	0.00667148
0.0145985	68.5	0.0137313	-0.691206	0.225096	0.00665265
0.0145773	68.6	0.0137229	-0.691207	0.224629	0.00663386
0.014556	68.7	0.0137145	-0.691207	0.224163	0.00661512
0.0145349	68.8	0.0137062	-0.691207	0.223697	0.00659643
0.0145138	68.9	0.0136978	-0.691208	0.223231	0.00657779
0.0144928	69	0.0136895	-0.691208	0.222765	0.00655919
0.0144718	69.1	0.0136811	-0.691208	0.2223	0.00654064
0.0144509	69.2	0.0136728	-0.691208	0.221834	0.00652214
0.01443	69.3	0.0136645	-0.691209	0.221369	0.00650368
0.0144092	69.4	0.0136561	-0.691209	0.220904	0.00648527
0.0143885	69.5	0.0136478	-0.691209	0.220439	0.0064669
0.0143678	69.6	0.0136395	-0.691209	0.219975	0.00644858
0.0143472	69.7	0.0136312	-0.69121	0.21951	0.00643031
0.0143266	69.8	0.013623	-0.69121	0.219046	0.00641209
0.0143062	69.9	0.0136147	-0.69121	0.218582	0.00639391
0.0142857	70	0.0136064	-0.69121	0.218118	0.00637577
0.0142653	70.1	0.0135981	-0.691211	0.217655	0.00635768
0.014245	70.2	0.0135899	-0.691211	0.217191	0.00633964
0.0142248	70.3	0.0135816	-0.691211	0.216728	0.00632164
0.0142045	70.4	0.0135734	-0.691211	0.216265	0.00630369
0.0141844	70.5	0.0135651	-0.691212	0.215803	0.00628578
0.0141643	70.6	0.0135569	-0.691212	0.21534	0.00626792
0.0141443	70.7	0.0135487	-0.691212	0.214878	0.0062501
0.0141243	70.8	0.0135405	-0.691212	0.214416	0.00623233
0.0141044	70.9	0.0135323	-0.691213	0.213955	0.0062146
0.0140845	71	0.013524	-0.691213	0.213493	0.00619692
0.0140647	71.1	0.0135158	-0.691213	0.213032	0.00617928
0.0140449	71.2	0.0135076	-0.691213	0.212571	0.00616168
0.0140252	71.3	0.0134995	-0.691214	0.212111	0.00614413
0.0140056	71.4	0.0134913	-0.691214	0.211651	0.00612663
0.013986	71.5	0.0134831	-0.691214	0.211191	0.00610916
0.0139665	71.6	0.0134749	-0.691214	0.210731	0.00609175
0.013947	71.7	0.0134668	-0.691215	0.210272	0.00607437
0.0139276	71.8	0.0134586	-0.691215	0.209813	0.00605704
0.0139082	71.9	0.0134504	-0.691215	0.209354	0.00603976
0.0138889	72	0.0134423	-0.691215	0.208895	0.00602251
0.0138696	72.1	0.0134341	-0.691216	0.208437	0.00600531
0.0138504	72.2	0.013426	-0.691216	0.207979	0.00598816
0.0138313	72.3	0.0134179	-0.691216	0.207522	0.00597104
0.0138122	72.4	0.0134097	-0.691216	0.207065	0.00595397
0.0137931	72.5	0.0134016	-0.691217	0.206608	0.00593695
0.0137741	72.6	0.0133935	-0.691217	0.206151	0.00591996
0.0137552	72.7	0.0133854	-0.691217	0.205695	0.00590302
0.0137363	72.8	0.0133773	-0.691217	0.205239	0.00588613
0.0137174	72.9	0.0133692	-0.691218	0.204784	0.00586927
0.0136986	73	0.0133611	-0.691218	0.204328	0.00585246
0.0136799	73.1	0.013353	-0.691218	0.203874	0.00583569
0.0136612	73.2	0.0133449	-0.691218	0.203419	0.00581896
0.0136426	73.3	0.0133368	-0.691218	0.202965	0.00580227
0.013624	73.4	0.0133287	-0.691219	0.202511	0.00578563
0.0136054	73.5	0.0133206	-0.691219	0.202058	0.00576903
0.013587	73.6	0.0133126	-0.691219	0.201605	0.00575247
0.0135685	73.7	0.0133045	-0.691219	0.201152	0.00573595
0.0135501	73.8	0.0132964	-0.69122	0.2007	0.00571948
0.0135318	73.9	0.0132884	-0.69122	0.200248	0.00570304
0.0135135	74	0.0132803	-0.69122	0.199797	0.00568665
0.0134953	74.1	0.0132723	-0.69122	0.199346	0.0056703
0.0134771	74.2	0.0132642	-0.69122	0.198895	0.00565399
0.013459	74.3	0.0132562	-0.691221	0.198445	0.00563772
0.0134409	74.4	0.0132482	-0.691221	0.197995	0.00562149
0.0134228	74.5	0.0132401	-0.691221	0.197545	0.00560531
0.0134048	74.6	0.0132321	-0.691221	0.197096	0.00558916
0.0133869	74.7	0.0132241	-0.691222	0.196647	0.00557306
0.013369	74.8	0.0132161	-0.691222	0.196199	0.00555699
0.0133511	74.9	0.013208	-0.691222	0.195751	0.00554097
0.0133333	75	0.0132	-0.691222	0.195304	0.00552499
0.0133156	75.1	0.013192	-0.691222	0.194857	0.00550905
0.0132979	75.2	0.013184	-0.691223	0.19441	0.00549315
0.0132802	75.3	0.013176	-0.691223	0.193964	0.00547729
0.0132626	75.4	0.013168	-0.691223	0.193518	0.00546147
0.013245	75.5	0.0131601	-0.691223	0.193073	0.00544569
0.0132275	75.6	0.0131521	-0.691223	0.192628	0.00542995
0.01321	75.7	0.0131441	-0.691224	0.192184	0.00541425
0.0131926	75.8	0.0131361	-0.691224	0.19174	0.00539859
0.0131752	75.9	0.0131282	-0.691224	0.191296	0.00538296
0.0131579	76	0.0131202	-0.691224	0.190853	0.00536738
0.0131406	76.1	0.0131122	-0.691224	0.190411	0.00535184
0.0131234	76.2	0.0131043	-0.691225	0.189968	0.00533634
0.0131062	76.3	0.0130963	-0.691225	0.189527	0.00532088
0.013089	76.4	0.0130884	-0.691225	0.189086	0.00530546
0.0130719	76.5	0.0130804	-0.691225	0.188645	0.00529008
0.0130548	76.6	0.0130725	-0.691225	0.188205	0.00527473
0.0130378	76.7	0.0130645	-0.691226	0.187765	0.00525943
0.0130208	76.8	0.0130566	-0.691226	0.187325	0.00524416
0.0130039	76.9	0.0130487	-0.691226	0.186887	0.00522893
0.012987	77	0.0130408	-0.691226	0.186448	0.00521375
0.0129702	77.1	0.0130328	-0.691226	0.18601	0.0051986
0.0129534	77.2	0.0130249	-0.691227	0.185573	0.00518349
0.0129366	77.3	0.013017	-0.691227	0.185136	0.00516842
0.0129199	77.4	0.0130091	-0.691227	0.1847	0.00515338
0.0129032	77.5	0.0130012	-0.691227	0.184264	0.00513839
0.0128866	77.6	0.0129933	-0.691227	0.183828	0.00512343
0.01287	77.7	0.0129854	-0.691228	0.183393	0.00510851
0.0128535	77.8	0.0129775	-0.691228	0.182959	0.00509363
0.012837	77.9	0.0129697	-0.691228	0.182525	0.00507879
0.0128205	78	0.0129618	-0.691228	0.182092	0.00506399
0.0128041	78.1	0.0129539	-0.691228	0.181659	0.00504922
0.0127877	78.2	0.012946	-0.691229	0.181227	0.0050345
0.0127714	78.3	0.0129382	-0.691229	0.180795	0.00501981
0.0127551	78.4	0.0129303	-0.691229	0.180363	0.00500515
0.0127389	78.5	0.0129225	-0.691229	0.179933	0.00499054
0.0127226	78.6	0.0129146	-0.691229	0.179502	0.00497596
0.0127065	78.7	0.0129068	-0.691229	0.179073	0.00496142
0.0126904	78.8	0.0128989	-0.69123	0.178643	0.00494692
0.0126743	78.9	0.0128911	-0.69123	0.178215	0.00493245
0.0126582	79	0.0128833	-0.69123	0.177787	0.00491803
0.0126422	79.1	0.0128754	-0.69123	0.177359	0.00490364
0.0126263	79.2	0.0128676	-0.69123	0.176932	0.00488928
0.0126103	79.3	0.0128598	-0.691231	0.176505	0.00487497
0.0125945	79.4	0.012852	-0.691231	0.17608	0.00486069
0.0125786	79.5	0.0128442	-0.691231	0.175654	0.00484644
0.0125628	79.6	0.0128364	-0.691231	0.175229	0.00483224
0.0125471	79.7	0.0128286	-0.691231	0.174805	0.00481807
0.0125313	79.8	0.0128208	-0.691231	0.174381	0.00480393
0.0125156	79.9	0.012813	-0.691232	0.173958	0.00478984
0.0125	80	0.0128052	-0.691232	0.173535	0.00477578
0.0124844	80.1	0.0127974	-0.691232	0.173113	0.00476175
0.0124688	80.2	0.0127897	-0.691232	0.172692	0.00474777
0.0124533	80.3	0.0127819	-0.691232	0.172271	0.00473382
0.0124378	80.4	0.0127741	-0.691233	0.17185	0.0047199
0.0124224	80.5	0.0127664	-0.691233	0.171431	0.00470602
0.0124069	80.6	0.0127586	-0.691233	0.171011	0.00469218
0.0123916	80.7	0.0127509	-0.691233	0.170593	0.00467837
0.0123762	80.8	0.0127432	-0.691233	0.170174	0.0046646
0.0123609	80.9	0.0127354	-0.691233	0.169757	0.00465086
0.0123457	81	0.0127277	-0.691234	0.16934	0.00463716
0.0123305	81.1	0.01272	-0.691234	0.168924	0.0046235
0.0123153	81.2	0.0127123	-0.691234	0.168508	0.00460987
0.0123001	81.3	0.0127046	-0.691234	0.168093	0.00459628
0.012285	81.4	0.0126969	-0.691234	0.167678	0.00458272
0.0122699	81.5	0.0126892	-0.691234	0.167264	0.0045692
0.0122549	81.6	0.0126815	-0.691235	0.166851	0.00455571
0.0122399	81.7	0.0126738	-0.691235	0.166438	0.00454225
0.0122249	81.8	0.0126661	-0.691235	0.166025	0.00452884
0.01221	81.9	0.0126584	-0.691235	0.165614	0.00451545
0.0121951	82	0.0126508	-0.691235	0.165203	0.00450211
0.0121803	82.1	0.0126431	-0.691235	0.164792	0.00448879
0.0121655	82.2	0.0126354	-0.691236	0.164382	0.00447552
0.0121507	82.3	0.0126278	-0.691236	0.163973	0.00446227
0.0121359	82.4	0.0126202	-0.691236	0.163565	0.00444906
0.0121212	82.5	0.0126125	-0.691236	0.163157	0.00443589
0.0121065	82.6	0.0126049	-0.691236	0.162749	0.00442275
0.0120919	82.7	0.0125973	-0.691236	0.162342	0.00440964
0.0120773	82.8	0.0125897	-0.691236	0.161936	0.00439657
0.0120627	82.9	0.012582	-0.691237	0.16153	0.00438353
0.0120482	83	0.0125744	-0.691237	0.161125	0.00437053
0.0120337	83.1	0.0125669	-0.691237	0.160721	0.00435756
0.0120192	83.2	0.0125593	-0.691237	0.160317	0.00434463
0.0120048	83.3	0.0125517	-0.691237	0.159914	0.00433173
0.0119904	83.4	0.0125441	-0.691237	0.159512	0.00431886
0.011976	83.5	0.0125365	-0.691238	0.15911	0.00430603
0.0119617	83.6	0.012529	-0.691238	0.158709	0.00429323
0.0119474	83.7	0.0125214	-0.691238	0.158308	0.00428046
0.0119332	83.8	0.0125139	-0.691238	0.157908	0.00426773
0.011919	83.9	0.0125063	-0.691238	0.157508	0.00425503
0.0119048	84	0.0124988	-0.691238	0.15711	0.00424237
0.0118906	84.1	0.0124913	-0.691238	0.156712	0.00422973
0.0118765	84.2	0.0124838	-0.691239	0.156314	0.00421713
0.0118624	84.3	0.0124763	-0.691239	0.155917	0.00420457
0.0118483	84.4	0.0124688	-0.691239	0.155521	0.00419204
0.0118343	84.5	0.0124613	-0.691239	0.155125	0.00417954
0.0118203	84.6	0.0124538	-0.691239	0.15473	0.00416707
0.0118064	84.7	0.0124463	-0.691239	0.154336	0.00415464
0.0117925	84.8	0.0124388	-0.69124	0.153942	0.00414224
0.0117786	84.9	0.0124314	-0.69124	0.153549	0.00412987
0.0117647	85	0.0124239	-0.69124	0.153157	0.00411753
0.0117509	85.1	0.0124165	-0.69124	0.152765	0.00410523
0.0117371	85.2	0.0124091	-0.69124	0.152374	0.00409296
0.0117233	85.3	0.0124016	-0.69124	0.151984	0.00408072
0.0117096	85.4	0.0123942	-0.69124	0.151594	0.00406852
0.0116959	85.5	0.0123868	-0.691241	0.151205	0.00405635
0.0116822	85.6	0.0123794	-0.691241	0.150816	0.00404421
0.0116686	85.7	0.012372	-0.691241	0.150428	0.0040321
0.011655	85.8	0.0123646	-0.691241	0.150041	0.00402002
0.0116414	85.9	0.0123572	-0.691241	0.149654	0.00400798
0.0116279	86	0.0123499	-0.691241	0.149268	0.00399597
0.0116144	86.1	0.0123425	-0.691241	0.148883	0.00398399
0.0116009	86.2	0.0123351	-0.691242	0.148499	0.00397204
0.0115875	86.3	0.0123278	-0.691242	0.148115	0.00396012
0.0115741	86.4	0.0123205	-0.691242	0.147731	0.00394824
0.0115607	86.5	0.0123131	-0.691242	0.147349	0.00393639
0.0115473	86.6	0.0123058	-0.691242	0.146967	0.00392456
0.011534	86.7	0.0122985	-0.691242	0.146585	0.00391278
0.0115207	86.8	0.0122912	-0.691242	0.146205	0.00390102
0.0115075	86.9	0.0122839	-0.691242	0.145825	0.00388929
0.0114943	87	0.0122766	-0.691243	0.145445	0.00387759
0.0114811	87.1	0.0122694	-0.691243	0.145067	0.00386593
0.0114679	87.2	0.0122621	-0.691243	0.144688	0.0038543
0.0114548	87.3	0.0122549	-0.691243	0.144311	0.0038427
0.0114416	87.4	0.0122476	-0.691243	0.143934	0.00383113
0.0114286	87.5	0.0122404	-0.691243	0.143558	0.00381959
0.0114155	87.6	0.0122332	-0.691243	0.143183	0.00380808
0.0114025	87.7	0.012226	-0.691244	0.142808	0.0037966
0.0113895	87.8	0.0122188	-0.691244	0.142434	0.00378515
0.0113766	87.9	0.0122116	-0.691244	0.142061	0.00377374
0.0113636	88	0.0122044	-0.691244	0.141688	0.00376235
0.0113507	88.1	0.0121972	-0.691244	0.141316	0.00375099
0.0113379	88.2	0.01219	-0.691244	0.140945	0.00373967
0.011325	88.3	0.0121829	-0.691244	0.140574	0.00372837
0.0113122	88.4	0.0121757	-0.691244	0.140204	0.00371711
0.0112994	88.5	0.0121686	-0.691245	0.139835	0.00370588
0.0112867	88.6	0.0121615	-0.691245	0.139466	0.00369467
0.011274	88.7	0.0121544	-0.691245	0.139098	0.0036835
0.0112613	88.8	0.0121473	-0.691245	0.138731	0.00367236
0.0112486	88.9	0.0121402	-0.691245	0.138364	0.00366125
0.011236	89	0.0121331	-0.691245	0.137998	0.00365016
0.0112233	89.1	0.012126	-0.691245	0.137633	0.00363911
0.0112108	89.2	0.012119	-0.691245	0.137268	0.00362809
0.0111982	89.3	0.0121119	-0.691246	0.136904	0.00361709
0.0111857	89.4	0.0121049	-0.691246	0.136541	0.00360613
0.0111732	89.5	0.0120979	-0.691246	0.136179	0.0035952
0.0111607	89.6	0.0120908	-0.691246	0.135817	0.00358429
0.0111483	89.7	0.0120838	-0.691246	0.135455	0.00357342
0.0111359	89.8	0.0120768	-0.691246	0.135095	0.00356257
0.0111235	89.9	0.0120699	-0.691246	0.134735	0.00355175
0.0111111	90	0.0120629	-0.691246	0.134376	0.00354097
0.0110988	90.1	0.0120559	-0.691247	0.134017	0.00353021
0.0110865	90.2	0.012049	-0.691247	0.133659	0.00351948
0.0110742	90.3	0.012042	-0.691247	0.133302	0.00350878
0.0110619	90.4	0.0120351	-0.691247	0.132946	0.00349811
0.0110497	90.5	0.0120282	-0.691247	0.13259	0.00348747
0.0110375	90.6	0.0120213	-0.691247	0.132235	0.00347686
0.0110254	90.7	0.0120144	-0.691247	0.131881	0.00346628
0.0110132	90.8	0.0120075	-0.691247	0.131527	0.00345572
0.0110011	90.9	0.0120007	-0.691247	0.131174	0.0034452
0.010989	91	0.0119938	-0.691248	0.130821	0.0034347
0.0109769	91.1	0.011987	-0.691248	0.13047	0.00342423
0.0109649	91.2	0.0119801	-0.691248	0.130119	0.00341379
0.0109529	91.3	0.0119733	-0.691248	0.129768	0.00340338
0.0109409	91.4	0.0119665	-0.691248	0.129419	0.003393
0.010929	91.5	0.0119597	-0.691248	0.12907	0.00338264
0.010917	91.6	0.0119529	-0.691248	0.128722	0.00337232
0.0109051	91.7	0.0119462	-0.691248	0.128374	0.00336202
0.0108932	91.8	0.0119394	-0.691249	0.128027	0.00335175
0.0108814	91.9	0.0119327	-0.691249	0.127681	0.00334151
0.0108696	92	0.0119259	-0.691249	0.127335	0.0033313
0.0108578	92.1	0.0119192	-0.691249	0.126991	0.00332111
0.010846	92.2	0.0119125	-0.691249	0.126646	0.00331095
0.0108342	92.3	0.0119058	-0.691249	0.126303	0.00330082
0.0108225	92.4	0.0118991	-0.691249	0.12596	0.00329072
0.0108108	92.5	0.0118925	-0.691249	0.125618	0.00328065
0.0107991	92.6	0.0118858	-0.691249	0.125277	0.0032706
0.0107875	92.7	0.0118792	-0.691249	0.124936	0.00326058
0.0107759	92.8	0.0118725	-0.69125	0.124596	0.00325059
0.0107643	92.9	0.0118659	-0.69125	0.124257	0.00324063
0.0107527	93	0.0118593	-0.69125	0.123918	0.00323069
0.0107411	93.1	0.0118527	-0.69125	0.12358	0.00322078
0.0107296	93.2	0.0118462	-0.69125	0.123243	0.0032109
0.0107181	93.3	0.0118396	-0.69125	0.122906	0.00320105
0.0107066	93.4	0.0118331	-0.69125	0.12257	0.00319122
0.0106952	93.5	0.0118265	-0.69125	0.122235	0.00318142
0.0106838	93.6	0.01182	-0.69125	0.1219	0.00317165
0.0106724	93.7	0.0118135	-0.691251	0.121567	0.0031619
0.010661	93.8	0.011807	-0.691251	0.121233	0.00315218
0.0106496	93.9	0.0118005	-0.691251	0.120901	0.00314249
0.0106383	94	0.0117941	-0.691251	0.120569	0.00313283
0.010627	94.1	0.0117876	-0.691251	0.120238	0.00312319
0.0106157	94.2	0.0117812	-0.691251	0.119908	0.00311358
0.0106045	94.3	0.0117747	-0.691251	0.119578	0.00310399
0.0105932	94.4	0.0117683	-0.691251	0.119249	0.00309443
0.010582	94.5	0.0117619	-0.691251	0.118921	0.0030849
0.0105708	94.6	0.0117556	-0.691251	0.118593	0.00307539
0.0105597	94.7	0.0117492	-0.691252	0.118266	0.00306591
0.0105485	94.8	0.0117428	-0.691252	0.11794	0.00305646
0.0105374	94.9	0.0117365	-0.691252	0.117614	0.00304703
0.0105263	95	0.0117302	-0.691252	0.117289	0.00303763
0.0105152	95.1	0.0117239	-0.691252	0.116965	0.00302826
0.0105042	95.2	0.0117176	-0.691252	0.116641	0.00301891
0.0104932	95.3	0.0117113	-0.691252	0.116318	0.00300959
0.0104822	95.4	0.011705	-0.691252	0.115996	0.00300029
0.0104712	95.5	0.0116988	-0.691252	0.115675	0.00299102
0.0104603	95.6	0.0116926	-0.691252	0.115354	0.00298178
0.0104493	95.7	0.0116863	-0.691253	0.115034	0.00297256
0.0104384	95.8	0.0116801	-0.691253	0.114714	0.00296337
0.0104275	95.9	0.0116739	-0.691253	0.114396	0.0029542
0.0104167	96	0.0116678	-0.691253	0.114078	0.00294506
0.0104058	96.1	0.0116616	-0.691253	0.11376	0.00293594
0.010395	96.2	0.0116555	-0.691253	0.113443	0.00292685
0.0103842	96.3	0.0116493	-0.691253	0.113127	0.00291779
0.0103734	96.4	0.0116432	-0.691253	0.112812	0.00290875
0.0103627	96.5	0.0116371	-0.691253	0.112497	0.00289973
0.010352	96.6	0.0116311	-0.691253	0.112183	0.00289074
0.0103413	96.7	0.011625	-0.691253	0.11187	0.00288178
0.0103306	96.8	0.0116189	-0.691254	0.111558	0.00287284
0.0103199	96.9	0.0116129	-0.691254	0.111246	0.00286393
0.0103093	97	0.0116069	-0.691254	0.110934	0.00285504
0.0102987	97.1	0.0116009	-0.691254	0.110624	0.00284618
0.0102881	97.2	0.0115949	-0.691254	0.110314	0.00283734
0.0102775	97.3	0.0115889	-0.691254	0.110005	0.00282852
0.0102669	97.4	0.011583	-0.691254	0.109696	0.00281973
0.0102564	97.5	0.011577	-0.691254	0.109388	0.00281097
0.0102459	97.6	0.0115711	-0.691254	0.109081	0.00280223
0.0102354	97.7	0.0115652	-0.691254	0.108775	0.00279351
0.0102249	97.8	0.0115593	-0.691254	0.108469	0.00278482
0.0102145	97.9	0.0115534	-0.691255	0.108164	0.00277616
0.0102041	98	0.0115476	-0.691255	0.107859	0.00276752
0.0101937	98.1	0.0115417	-0.691255	0.107555	0.0027589
0.0101833	98.2	0.0115359	-0.691255	0.107252	0.00275031
0.0101729	98.3	0.0115301	-0.691255	0.10695	0.00274174
0.0101626	98.4	0.0115243	-0.691255	0.106648	0.00273319
0.0101523	98.5	0.0115185	-0.691255	0.106347	0.00272467
0.010142	98.6	0.0115128	-0.691255	0.106046	0.00271618
0.0101317	98.7	0.011507	-0.691255	0.105747	0.00270771
0.0101215	98.8	0.0115013	-0.691255	0.105448	0.00269926
0.0101112	98.9	0.0114956	-0.691255	0.105149	0.00269083
0.010101	99	0.0114899	-0.691256	0.104852	0.00268243
0.0100908	99.1	0.0114842	-0.691256	0.104555	0.00267406
0.0100806	99.2	0.0114786	-0.691256	0.104258	0.0026657
0.0100705	99.3	0.0114729	-0.691256	0.103962	0.00265738
0.0100604	99.4	0.0114673	-0.691256	0.103667	0.00264907
0.0100503	99.5	0.0114617	-0.691256	0.103373	0.00264079
0.0100402	99.6	0.0114561	-0.691256	0.103079	0.00263253
0.0100301	99.7	0.0114506	-0.691256	0.102786	0.0026243
0.01002	99.8	0.011445	-0.691256	0.102494	0.00261608
0.01001	99.9	0.0114395	-0.691256	0.102202	0.0026079
0.01	100	0.0114339	-0.691256	0.101911	0.00259973
