#T	β	c	e	chi	s
100	0.01	1.86547e-05	-0.126861	0.00746287	0.693138
50	0.02	7.49831e-05	-0.128731	0.0148515	0.69311
33.3333	0.03	0.00016952	-0.13061	0.0221659	0.693063
25	0.04	0.000302787	-0.132498	0.029406	0.692997
20	0.05	0.000475287	-0.134395	0.036572	0.692911
16.6667	0.06	0.000687507	-0.1363	0.0436637	0.692807
14.2857	0.07	0.00093992	-0.138214	0.0506813	0.692682
12.5	0.08	0.00123298	-0.140137	0.0576248	0.692538
11.1111	0.09	0.00156711	-0.142067	0.0644943	0.692374
10	0.1	0.00194274	-0.144006	0.0712898	0.69219
9.09091	0.11	0.00236026	-0.145953	0.0780113	0.691985
8.33333	0.12	0.00282004	-0.147907	0.084659	0.69176
7.69231	0.13	0.00332244	-0.149869	0.091233	0.691515
7.14286	0.14	0.00386778	-0.151839	0.0977333	0.691249
6.66667	0.15	0.00445639	-0.153816	0.10416	0.690963
6.25	0.16	0.00508855	-0.1558	0.110513	0.690655
5.88235	0.17	0.00576452	-0.157791	0.116793	0.690327
5.55556	0.18	0.00648455	-0.159789	0.123	0.689977
5.26316	0.19	0.00724884	-0.161794	0.129134	0.689606
5	0.2	0.0080576	-0.163805	0.135195	0.689214
3.33333	0.3	0.0186146	-0.184235	0.191833	0.684102
2.5	0.4	0.033634	-0.205104	0.24141	0.676795
2	0.5	0.0528619	-0.226205	0.284221	0.667298
1.66667	0.6	0.0757768	-0.247321	0.320645	0.655686
1.42857	0.7	0.101628	-0.268233	0.351129	0.642095
1.25	0.8	0.129499	-0.288736	0.37618	0.626722
1.11111	0.9	0.158389	-0.308643	0.396337	0.609807
1	1	0.187293	-0.327796	0.41216	0.591619
0.909091	1.1	0.215278	-0.346064	0.424203	0.572445
0.833333	1.2	0.241544	-0.363352	0.433003	0.552572
0.769231	1.3	0.265456	-0.379596	0.439067	0.532276
0.714286	1.4	0.286562	-0.39476	0.442857	0.511813
0.666667	1.5	0.304586	-0.408838	0.444791	0.49141
0.625	1.6	0.319417	-0.421842	0.445235	0.471261
0.588235	1.7	0.331076	-0.433805	0.444506	0.451531
0.555556	1.8	0.339694	-0.444771	0.442874	0.43235
0.526316	1.9	0.345476	-0.454793	0.440567	0.413816
0.5	2	0.348681	-0.463931	0.437771	0.396004
0.47619	2.1	0.349592	-0.472248	0.434639	0.378961
0.454545	2.2	0.348505	-0.479807	0.431294	0.362715
0.434783	2.3	0.345712	-0.48667	0.427834	0.34728
0.416667	2.4	0.34149	-0.492897	0.424333	0.332651
0.4	2.5	0.336097	-0.498546	0.420851	0.318816
0.384615	2.6	0.329766	-0.503669	0.417432	0.305755
0.37037	2.7	0.322707	-0.508318	0.414108	0.29344
0.357143	2.8	0.315102	-0.512537	0.410901	0.28184
0.344828	2.9	0.30711	-0.51637	0.407826	0.270921
0.333333	3	0.298866	-0.519853	0.404894	0.260648
0.322581	3.1	0.290485	-0.523022	0.402109	0.250985
0.3125	3.2	0.282061	-0.525908	0.399472	0.241895
0.30303	3.3	0.273673	-0.52854	0.396982	0.233344
0.294118	3.4	0.265383	-0.530942	0.394636	0.225298
0.285714	3.5	0.257241	-0.533139	0.392429	0.217723
0.277778	3.6	0.249288	-0.535149	0.390355	0.210588
0.27027	3.7	0.241552	-0.536991	0.388409	0.203864
0.263158	3.8	0.234056	-0.538683	0.386583	0.197522
0.25641	3.9	0.226814	-0.540238	0.384871	0.191537
0.25	4	0.219836	-0.541669	0.383266	0.185883
0.243902	4.1	0.213128	-0.542989	0.381763	0.180537
0.238095	4.2	0.206689	-0.544208	0.380353	0.175479
0.232558	4.3	0.200521	-0.545336	0.379032	0.170689
0.227273	4.4	0.194616	-0.54638	0.377792	0.166147
0.222222	4.5	0.188971	-0.547349	0.376628	0.161837
0.217391	4.6	0.183579	-0.548249	0.375536	0.157743
0.212766	4.7	0.17843	-0.549086	0.37451	0.153851
0.208333	4.8	0.173516	-0.549866	0.373546	0.150146
0.204082	4.9	0.168828	-0.550594	0.372638	0.146617
0.2	5	0.164356	-0.551273	0.371784	0.143251
0.196078	5.1	0.160091	-0.55191	0.370979	0.140039
0.192308	5.2	0.156021	-0.552506	0.37022	0.13697
0.188679	5.3	0.152139	-0.553065	0.369504	0.134035
0.185185	5.4	0.148434	-0.55359	0.368828	0.131226
0.181818	5.5	0.144897	-0.554084	0.368188	0.128535
0.178571	5.6	0.141519	-0.554549	0.367583	0.125955
0.175439	5.7	0.138292	-0.554987	0.36701	0.123479
0.172414	5.8	0.135208	-0.5554	0.366467	0.121101
0.169492	5.9	0.132259	-0.555791	0.365952	0.118815
0.166667	6	0.129436	-0.556161	0.365462	0.116616
0.163934	6.1	0.126734	-0.556511	0.364997	0.114499
0.16129	6.2	0.124146	-0.556843	0.364555	0.112459
0.15873	6.3	0.121665	-0.557157	0.364134	0.110493
0.15625	6.4	0.119285	-0.557456	0.363734	0.108595
0.153846	6.5	0.117001	-0.55774	0.363351	0.106764
0.151515	6.6	0.114807	-0.55801	0.362987	0.104994
0.149254	6.7	0.112699	-0.558267	0.362639	0.103284
0.147059	6.8	0.110672	-0.558513	0.362306	0.101629
0.144928	6.9	0.10872	-0.558746	0.361988	0.100028
0.142857	7	0.106841	-0.558969	0.361684	0.098477
0.140845	7.1	0.105031	-0.559183	0.361392	0.0969743
0.138889	7.2	0.103285	-0.559386	0.361113	0.0955176
0.136986	7.3	0.101601	-0.559581	0.360846	0.0941046
0.135135	7.4	0.0999744	-0.559768	0.360589	0.0927334
0.133333	7.5	0.0984033	-0.559947	0.360343	0.091402
0.131579	7.6	0.0968846	-0.560118	0.360107	0.0901087
0.12987	7.7	0.0954156	-0.560282	0.35988	0.0888519
0.128205	7.8	0.093994	-0.56044	0.359662	0.0876299
0.126582	7.9	0.0926173	-0.560591	0.359452	0.0864413
0.125	8	0.0912835	-0.560737	0.35925	0.0852847
0.123457	8.1	0.0899904	-0.560877	0.359056	0.0841588
0.121951	8.2	0.0887361	-0.561011	0.358869	0.0830623
0.120482	8.3	0.087519	-0.561141	0.358689	0.0819941
0.119048	8.4	0.0863372	-0.561265	0.358516	0.080953
0.117647	8.5	0.0851892	-0.561385	0.358348	0.0799381
0.116279	8.6	0.0840734	-0.561501	0.358187	0.0789483
0.114943	8.7	0.0829886	-0.561613	0.358032	0.0779826
0.113636	8.8	0.0819332	-0.561721	0.357882	0.0770402
0.11236	8.9	0.0809062	-0.561825	0.357737	0.0761202
0.111111	9	0.0799063	-0.561925	0.357597	0.0752218
0.10989	9.1	0.0789323	-0.562022	0.357462	0.0743443
0.108696	9.2	0.0779833	-0.562116	0.357332	0.0734868
0.107527	9.3	0.0770583	-0.562206	0.357206	0.0726487
0.106383	9.4	0.0761562	-0.562294	0.357085	0.0718294
0.105263	9.5	0.0752763	-0.562379	0.356967	0.0710282
0.104167	9.6	0.0744176	-0.562461	0.356854	0.0702445
0.103093	9.7	0.0735793	-0.56254	0.356744	0.0694776
0.102041	9.8	0.0727608	-0.562617	0.356638	0.0687272
0.10101	9.9	0.0719612	-0.562692	0.356536	0.0679926
0.1	10	0.0711799	-0.562764	0.356436	0.0672733
0.0990099	10.1	0.0704163	-0.562834	0.356341	0.0665688
0.0980392	10.2	0.0696697	-0.562902	0.356248	0.0658787
0.0970874	10.3	0.0689395	-0.562968	0.356158	0.0652026
0.0961538	10.4	0.0682251	-0.563032	0.356071	0.06454
0.0952381	10.5	0.0675261	-0.563094	0.355987	0.0638904
0.0943396	10.6	0.0668419	-0.563155	0.355906	0.0632536
0.0934579	10.7	0.066172	-0.563213	0.355828	0.0626291
0.0925926	10.8	0.065516	-0.56327	0.355752	0.0620166
0.0917431	10.9	0.0648734	-0.563326	0.355678	0.0614158
0.0909091	11	0.0642439	-0.563379	0.355607	0.0608262
0.0900901	11.1	0.0636269	-0.563432	0.355538	0.0602476
0.0892857	11.2	0.0630221	-0.563483	0.355472	0.0596797
0.0884956	11.3	0.0624291	-0.563532	0.355407	0.0591221
0.0877193	11.4	0.0618476	-0.563581	0.355345	0.0585746
0.0869565	11.5	0.0612772	-0.563627	0.355285	0.058037
0.0862069	11.6	0.0607176	-0.563673	0.355227	0.0575088
0.0854701	11.7	0.0601685	-0.563718	0.35517	0.05699
0.0847458	11.8	0.0596296	-0.563761	0.355116	0.0564802
0.0840336	11.9	0.0591006	-0.563803	0.355063	0.0559793
0.0833333	12	0.0585812	-0.563845	0.355013	0.0554869
0.0826446	12.1	0.0580712	-0.563885	0.354963	0.0550028
0.0819672	12.2	0.0575702	-0.563924	0.354916	0.054527
0.0813008	12.3	0.0570781	-0.563962	0.35487	0.054059
0.0806452	12.4	0.0565945	-0.563999	0.354826	0.0535988
0.08	12.5	0.0561194	-0.564036	0.354783	0.0531461
0.0793651	12.6	0.0556524	-0.564071	0.354742	0.0527008
0.0787402	12.7	0.0551933	-0.564106	0.354702	0.0522627
0.078125	12.8	0.0547419	-0.56414	0.354663	0.0518316
0.0775194	12.9	0.0542981	-0.564173	0.354626	0.0514073
0.0769231	13	0.0538616	-0.564205	0.35459	0.0509897
0.0763359	13.1	0.0534323	-0.564236	0.354556	0.0505786
0.0757576	13.2	0.05301	-0.564267	0.354523	0.0501739
0.075188	13.3	0.0525944	-0.564297	0.354491	0.0497754
0.0746269	13.4	0.0521855	-0.564327	0.35446	0.0493829
0.0740741	13.5	0.0517831	-0.564355	0.35443	0.0489964
0.0735294	13.6	0.0513869	-0.564384	0.354402	0.0486157
0.0729927	13.7	0.050997	-0.564411	0.354375	0.0482407
0.0724638	13.8	0.0506131	-0.564438	0.354348	0.0478712
0.0719424	13.9	0.050235	-0.564464	0.354323	0.0475071
0.0714286	14	0.0498627	-0.56449	0.354299	0.0471484
0.070922	14.1	0.049496	-0.564515	0.354275	0.0467948
0.0704225	14.2	0.0491348	-0.56454	0.354253	0.0464463
0.0699301	14.3	0.0487789	-0.564564	0.354232	0.0461027
0.0694444	14.4	0.0484283	-0.564587	0.354211	0.045764
0.0689655	14.5	0.0480828	-0.564611	0.354192	0.0454301
0.0684932	14.6	0.0477423	-0.564633	0.354173	0.0451008
0.0680272	14.7	0.0474067	-0.564655	0.354155	0.044776
0.0675676	14.8	0.0470759	-0.564677	0.354138	0.0444557
0.0671141	14.9	0.0467498	-0.564698	0.354122	0.0441398
0.0666667	15	0.0464283	-0.564719	0.354107	0.0438282
0.0662252	15.1	0.0461112	-0.56474	0.354092	0.0435208
0.0657895	15.2	0.0457986	-0.56476	0.354079	0.0432174
0.0653595	15.3	0.0454902	-0.564779	0.354065	0.0429181
0.0649351	15.4	0.045186	-0.564798	0.354053	0.0426228
0.0645161	15.5	0.044886	-0.564817	0.354041	0.0423313
0.0641026	15.6	0.04459	-0.564836	0.35403	0.0420436
0.0636943	15.7	0.044298	-0.564854	0.35402	0.0417596
0.0632911	15.8	0.0440098	-0.564872	0.35401	0.0414792
0.0628931	15.9	0.0437254	-0.564889	0.354001	0.0412025
0.0625	16	0.0434448	-0.564906	0.353993	0.0409292
0.0621118	16.1	0.0431678	-0.564923	0.353985	0.0406594
0.0617284	16.2	0.0428944	-0.56494	0.353978	0.0403929
0.0613497	16.3	0.0426245	-0.564956	0.353971	0.0401298
0.0609756	16.4	0.042358	-0.564972	0.353965	0.0398699
0.0606061	16.5	0.0420949	-0.564987	0.353959	0.0396132
0.060241	16.6	0.0418351	-0.565003	0.353954	0.0393597
0.0598802	16.7	0.0415786	-0.565018	0.353949	0.0391092
0.0595238	16.8	0.0413253	-0.565033	0.353945	0.0388617
0.0591716	16.9	0.041075	-0.565047	0.353941	0.0386172
0.0588235	17	0.0408279	-0.565061	0.353938	0.0383756
0.0584795	17.1	0.0405837	-0.565075	0.353935	0.0381368
0.0581395	17.2	0.0403425	-0.565089	0.353933	0.0379009
0.0578035	17.3	0.0401042	-0.565103	0.353931	0.0376677
0.0574713	17.4	0.0398688	-0.565116	0.353929	0.0374372
0.0571429	17.5	0.0396362	-0.565129	0.353928	0.0372094
0.0568182	17.6	0.0394063	-0.565142	0.353927	0.0369842
0.0564972	17.7	0.0391791	-0.565154	0.353927	0.0367616
0.0561798	17.8	0.0389545	-0.565167	0.353927	0.0365415
0.0558659	17.9	0.0387326	-0.565179	0.353927	0.0363239
0.0555556	18	0.0385132	-0.565191	0.353928	0.0361088
0.0552486	18.1	0.0382964	-0.565203	0.353929	0.035896
0.0549451	18.2	0.038082	-0.565214	0.35393	0.0356856
0.0546448	18.3	0.03787	-0.565226	0.353931	0.0354775
0.0543478	18.4	0.0376605	-0.565237	0.353933	0.0352717
0.0540541	18.5	0.0374533	-0.565248	0.353935	0.0350681
0.0537634	18.6	0.0372484	-0.565259	0.353937	0.0348668
0.0534759	18.7	0.0370457	-0.565269	0.353939	0.0346676
0.0531915	18.8	0.0368454	-0.56528	0.353942	0.0344705
0.0529101	18.9	0.0366472	-0.56529	0.353945	0.0342756
0.0526316	19	0.0364511	-0.565301	0.353947	0.0340827
0.052356	19.1	0.0362572	-0.565311	0.353951	0.0338919
0.0520833	19.2	0.0360654	-0.56532	0.353954	0.0337031
0.0518135	19.3	0.0358756	-0.56533	0.353957	0.0335162
0.0515464	19.4	0.0356879	-0.56534	0.353961	0.0333313
0.0512821	19.5	0.0355022	-0.565349	0.353964	0.0331483
0.0510204	19.6	0.0353184	-0.565358	0.353968	0.0329672
0.0507614	19.7	0.0351366	-0.565367	0.353972	0.0327879
0.0505051	19.8	0.0349566	-0.565376	0.353976	0.0326104
0.0502513	19.9	0.0347786	-0.565385	0.35398	0.0324348
0.05	20	0.0346024	-0.565394	0.353984	0.0322609
0.0497512	20.1	0.034428	-0.565403	0.353988	0.0320888
0.049505	20.2	0.0342553	-0.565411	0.353992	0.0319183
0.0492611	20.3	0.0340845	-0.565419	0.353996	0.0317496
0.0490196	20.4	0.0339154	-0.565428	0.354	0.0315825
0.0487805	20.5	0.033748	-0.565436	0.354004	0.0314171
0.0485437	20.6	0.0335822	-0.565444	0.354008	0.0312533
0.0483092	20.7	0.0334182	-0.565452	0.354012	0.031091
0.0480769	20.8	0.0332558	-0.565459	0.354016	0.0309304
0.0478469	20.9	0.033095	-0.565467	0.35402	0.0307713
0.047619	21	0.0329357	-0.565474	0.354024	0.0306137
0.0473934	21.1	0.0327781	-0.565482	0.354027	0.0304576
0.0471698	21.2	0.032622	-0.565489	0.354031	0.030303
0.0469484	21.3	0.0324674	-0.565496	0.354034	0.0301498
0.046729	21.4	0.0323143	-0.565503	0.354037	0.0299981
0.0465116	21.5	0.0321627	-0.56551	0.354041	0.0298478
0.0462963	21.6	0.0320125	-0.565517	0.354043	0.0296989
0.0460829	21.7	0.0318638	-0.565524	0.354046	0.0295514
0.0458716	21.8	0.0317165	-0.565531	0.354049	0.0294052
0.0456621	21.9	0.0315706	-0.565538	0.354051	0.0292604
0.0454545	22	0.0314261	-0.565544	0.354053	0.0291169
0.0452489	22.1	0.031283	-0.565551	0.354055	0.0289747
0.045045	22.2	0.0311412	-0.565557	0.354057	0.0288338
0.044843	22.3	0.0310007	-0.565563	0.354058	0.0286942
0.0446429	22.4	0.0308615	-0.565569	0.354059	0.0285558
0.0444444	22.5	0.0307236	-0.565575	0.35406	0.0284186
0.0442478	22.6	0.030587	-0.565581	0.35406	0.0282827
0.0440529	22.7	0.0304517	-0.565587	0.35406	0.0281479
0.0438596	22.8	0.0303176	-0.565593	0.35406	0.0280144
0.0436681	22.9	0.0301847	-0.565599	0.354059	0.027882
0.0434783	23	0.030053	-0.565605	0.354058	0.0277508
0.04329	23.1	0.0299226	-0.56561	0.354057	0.0276207
0.0431034	23.2	0.0297933	-0.565616	0.354055	0.0274917
0.0429185	23.3	0.0296652	-0.565622	0.354053	0.0273638
0.042735	23.4	0.0295382	-0.565627	0.35405	0.0272371
0.0425532	23.5	0.0294124	-0.565632	0.354047	0.0271114
0.0423729	23.6	0.0292876	-0.565638	0.354043	0.0269867
0.0421941	23.7	0.029164	-0.565643	0.354039	0.0268632
0.0420168	23.8	0.0290415	-0.565648	0.354035	0.0267406
0.041841	23.9	0.0289201	-0.565653	0.35403	0.0266191
0.0416667	24	0.0287998	-0.565658	0.354024	0.0264986
0.0414938	24.1	0.0286805	-0.565663	0.354018	0.0263791
0.0413223	24.2	0.0285622	-0.565668	0.354012	0.0262606
0.0411523	24.3	0.028445	-0.565673	0.354004	0.0261431
0.0409836	24.4	0.0283288	-0.565678	0.353997	0.0260265
0.0408163	24.5	0.0282136	-0.565682	0.353988	0.0259109
0.0406504	24.6	0.0280994	-0.565687	0.353979	0.0257962
0.0404858	24.7	0.0279862	-0.565692	0.35397	0.0256824
0.0403226	24.8	0.027874	-0.565696	0.35396	0.0255696
0.0401606	24.9	0.0277627	-0.565701	0.353949	0.0254576
0.04	25	0.0276524	-0.565705	0.353937	0.0253466
0.0398406	25.1	0.027543	-0.56571	0.353925	0.0252364
0.0396825	25.2	0.0274346	-0.565714	0.353912	0.0251271
0.0395257	25.3	0.027327	-0.565718	0.353899	0.0250187
0.0393701	25.4	0.0272204	-0.565722	0.353884	0.0249111
0.0392157	25.5	0.0271147	-0.565727	0.353869	0.0248044
0.0390625	25.6	0.0270099	-0.565731	0.353854	0.0246985
0.0389105	25.7	0.0269059	-0.565735	0.353837	0.0245934
0.0387597	25.8	0.0268029	-0.565739	0.35382	0.0244891
0.03861	25.9	0.0267007	-0.565743	0.353802	0.0243856
0.0384615	26	0.0265993	-0.565747	0.353783	0.0242829
0.0383142	26.1	0.0264988	-0.565751	0.353763	0.024181
0.0381679	26.2	0.0263991	-0.565755	0.353742	0.0240799
0.0380228	26.3	0.0263003	-0.565758	0.353721	0.0239795
0.0378788	26.4	0.0262023	-0.565762	0.353699	0.0238799
0.0377358	26.5	0.0261051	-0.565766	0.353675	0.023781
0.037594	26.6	0.0260086	-0.56577	0.353651	0.0236829
0.0374532	26.7	0.025913	-0.565773	0.353626	0.0235855
0.0373134	26.8	0.0258182	-0.565777	0.353601	0.0234888
0.0371747	26.9	0.0257241	-0.565781	0.353574	0.0233928
0.037037	27	0.0256308	-0.565784	0.353546	0.0232975
0.0369004	27.1	0.0255383	-0.565788	0.353517	0.023203
0.0367647	27.2	0.0254465	-0.565791	0.353488	0.0231091
0.03663	27.3	0.0253555	-0.565794	0.353457	0.0230159
0.0364964	27.4	0.0252652	-0.565798	0.353425	0.0229234
0.0363636	27.5	0.0251757	-0.565801	0.353393	0.0228315
0.0362319	27.6	0.0250868	-0.565805	0.353359	0.0227403
0.0361011	27.7	0.0249987	-0.565808	0.353324	0.0226497
0.0359712	27.8	0.0249113	-0.565811	0.353288	0.0225598
0.0358423	27.9	0.0248246	-0.565814	0.353251	0.0224705
0.0357143	28	0.0247387	-0.565817	0.353214	0.0223819
0.0355872	28.1	0.0246534	-0.565821	0.353175	0.0222938
0.035461	28.2	0.0245687	-0.565824	0.353134	0.0222064
0.0353357	28.3	0.0244848	-0.565827	0.353093	0.0221196
0.0352113	28.4	0.0244015	-0.56583	0.353051	0.0220334
0.0350877	28.5	0.0243189	-0.565833	0.353007	0.0219478
0.034965	28.6	0.024237	-0.565836	0.352963	0.0218628
0.0348432	28.7	0.0241557	-0.565839	0.352917	0.0217783
0.0347222	28.8	0.0240751	-0.565842	0.35287	0.0216945
0.0346021	28.9	0.0239951	-0.565844	0.352822	0.0216112
0.0344828	29	0.0239157	-0.565847	0.352772	0.0215284
0.0343643	29.1	0.023837	-0.56585	0.352722	0.0214463
0.0342466	29.2	0.0237589	-0.565853	0.35267	0.0213646
0.0341297	29.3	0.0236814	-0.565856	0.352617	0.0212836
0.0340136	29.4	0.0236045	-0.565858	0.352562	0.021203
0.0338983	29.5	0.0235282	-0.565861	0.352507	0.021123
0.0337838	29.6	0.0234526	-0.565864	0.35245	0.0210435
0.03367	29.7	0.0233775	-0.565867	0.352392	0.0209646
0.033557	29.8	0.023303	-0.565869	0.352332	0.0208862
0.0334448	29.9	0.0232291	-0.565872	0.352272	0.0208082
0.0333333	30	0.0231558	-0.565874	0.35221	0.0207308
0.0332226	30.1	0.0230831	-0.565877	0.352146	0.0206539
0.0331126	30.2	0.023011	-0.565879	0.352081	0.0205775
0.0330033	30.3	0.0229394	-0.565882	0.352015	0.0205015
0.0328947	30.4	0.0228683	-0.565884	0.351948	0.0204261
0.0327869	30.5	0.0227979	-0.565887	0.351879	0.0203511
0.0326797	30.6	0.022728	-0.565889	0.351809	0.0202766
0.0325733	30.7	0.0226586	-0.565892	0.351737	0.0202026
0.0324675	30.8	0.0225898	-0.565894	0.351664	0.0201291
0.0323625	30.9	0.0225215	-0.565897	0.35159	0.020056
0.0322581	31	0.0224537	-0.565899	0.351514	0.0199834
0.0321543	31.1	0.0223865	-0.565901	0.351437	0.0199112
0.0320513	31.2	0.0223198	-0.565904	0.351358	0.0198394
0.0319489	31.3	0.0222536	-0.565906	0.351278	0.0197682
0.0318471	31.4	0.022188	-0.565908	0.351197	0.0196973
0.031746	31.5	0.0221228	-0.56591	0.351114	0.0196269
0.0316456	31.6	0.0220582	-0.565913	0.351029	0.0195569
0.0315457	31.7	0.021994	-0.565915	0.350943	0.0194873
0.0314465	31.8	0.0219304	-0.565917	0.350856	0.0194182
0.031348	31.9	0.0218673	-0.565919	0.350767	0.0193495
0.03125	32	0.0218046	-0.565921	0.350676	0.0192811
0.0311526	32.1	0.0217424	-0.565923	0.350584	0.0192132
0.0310559	32.2	0.0216808	-0.565925	0.350491	0.0191457
0.0309598	32.3	0.0216196	-0.565928	0.350396	0.0190786
0.0308642	32.4	0.0215589	-0.56593	0.350299	0.0190119
0.0307692	32.5	0.0214986	-0.565932	0.350201	0.0189456
0.0306748	32.6	0.0214388	-0.565934	0.350101	0.0188797
0.030581	32.7	0.0213795	-0.565936	0.35	0.0188142
0.0304878	32.8	0.0213207	-0.565938	0.349897	0.018749
0.0303951	32.9	0.0212623	-0.56594	0.349793	0.0186842
0.030303	33	0.0212043	-0.565942	0.349687	0.0186198
0.0302115	33.1	0.0211468	-0.565943	0.349579	0.0185558
0.0301205	33.2	0.0210898	-0.565945	0.34947	0.0184921
0.03003	33.3	0.0210332	-0.565947	0.349359	0.0184288
0.0299401	33.4	0.020977	-0.565949	0.349247	0.0183659
0.0298507	33.5	0.0209213	-0.565951	0.349133	0.0183033
0.0297619	33.6	0.020866	-0.565953	0.349017	0.0182411
0.0296736	33.7	0.0208111	-0.565955	0.3489	0.0181792
0.0295858	33.8	0.0207567	-0.565957	0.348781	0.0181176
0.0294985	33.9	0.0207026	-0.565958	0.34866	0.0180564
0.0294118	34	0.020649	-0.56596	0.348538	0.0179956
0.0293255	34.1	0.0205958	-0.565962	0.348414	0.0179351
0.0292398	34.2	0.0205431	-0.565964	0.348288	0.0178749
0.0291545	34.3	0.0204907	-0.565965	0.348161	0.017815
0.0290698	34.4	0.0204387	-0.565967	0.348032	0.0177555
0.0289855	34.5	0.0203872	-0.565969	0.347902	0.0176963
0.0289017	34.6	0.020336	-0.565971	0.347769	0.0176374
0.0288184	34.7	0.0202853	-0.565972	0.347636	0.0175788
0.0287356	34.8	0.0202349	-0.565974	0.3475	0.0175206
0.0286533	34.9	0.0201849	-0.565976	0.347363	0.0174626
0.0285714	35	0.0201353	-0.565977	0.347224	0.017405
0.02849	35.1	0.0200861	-0.565979	0.347083	0.0173477
0.0284091	35.2	0.0200373	-0.565981	0.346941	0.0172907
0.0283286	35.3	0.0199889	-0.565982	0.346796	0.0172339
0.0282486	35.4	0.0199408	-0.565984	0.346651	0.0171775
0.028169	35.5	0.0198931	-0.565985	0.346503	0.0171214
0.0280899	35.6	0.0198458	-0.565987	0.346354	0.0170656
0.0280112	35.7	0.0197988	-0.565988	0.346203	0.01701
0.027933	35.8	0.0197522	-0.56599	0.34605	0.0169548
0.0278552	35.9	0.019706	-0.565992	0.345895	0.0168998
0.0277778	36	0.0196601	-0.565993	0.345739	0.0168451
0.0277008	36.1	0.0196146	-0.565995	0.345581	0.0167907
0.0276243	36.2	0.0195694	-0.565996	0.345422	0.0167366
0.0275482	36.3	0.0195246	-0.565998	0.34526	0.0166827
0.0274725	36.4	0.0194801	-0.565999	0.345097	0.0166291
0.0273973	36.5	0.019436	-0.566001	0.344932	0.0165758
0.0273224	36.6	0.0193922	-0.566002	0.344765	0.0165228
0.027248	36.7	0.0193488	-0.566003	0.344597	0.01647
0.0271739	36.8	0.0193057	-0.566005	0.344427	0.0164175
0.0271003	36.9	0.0192629	-0.566006	0.344255	0.0163652
0.027027	37	0.0192204	-0.566008	0.344081	0.0163132
0.0269542	37.1	0.0191783	-0.566009	0.343906	0.0162615
0.0268817	37.2	0.0191365	-0.56601	0.343729	0.01621
0.0268097	37.3	0.0190951	-0.566012	0.34355	0.0161587
0.026738	37.4	0.0190539	-0.566013	0.343369	0.0161078
0.0266667	37.5	0.0190131	-0.566015	0.343186	0.016057
0.0265957	37.6	0.0189726	-0.566016	0.343002	0.0160065
0.0265252	37.7	0.0189324	-0.566017	0.342816	0.0159563
0.026455	37.8	0.0188925	-0.566019	0.342628	0.0159062
0.0263852	37.9	0.0188529	-0.56602	0.342439	0.0158565
0.0263158	38	0.0188137	-0.566021	0.342247	0.0158069
0.0262467	38.1	0.0187747	-0.566022	0.342054	0.0157576
0.026178	38.2	0.018736	-0.566024	0.341859	0.0157085
0.0261097	38.3	0.0186977	-0.566025	0.341663	0.0156597
0.0260417	38.4	0.0186596	-0.566026	0.341464	0.0156111
0.025974	38.5	0.0186218	-0.566028	0.341264	0.0155627
0.0259067	38.6	0.0185843	-0.566029	0.341062	0.0155145
0.0258398	38.7	0.0185471	-0.56603	0.340859	0.0154666
0.0257732	38.8	0.0185102	-0.566031	0.340653	0.0154189
0.0257069	38.9	0.0184736	-0.566033	0.340446	0.0153714
0.025641	39	0.0184373	-0.566034	0.340237	0.0153241
0.0255754	39.1	0.0184012	-0.566035	0.340026	0.015277
0.0255102	39.2	0.0183654	-0.566036	0.339813	0.0152302
0.0254453	39.3	0.0183299	-0.566037	0.339599	0.0151835
0.0253807	39.4	0.0182947	-0.566038	0.339383	0.0151371
0.0253165	39.5	0.0182598	-0.56604	0.339165	0.0150909
0.0252525	39.6	0.0182251	-0.566041	0.338946	0.0150449
0.0251889	39.7	0.0181906	-0.566042	0.338724	0.0149991
0.0251256	39.8	0.0181565	-0.566043	0.338501	0.0149535
0.0250627	39.9	0.0181226	-0.566044	0.338276	0.0149081
0.025	40	0.018089	-0.566045	0.33805	0.0148629
0.0249377	40.1	0.0180556	-0.566047	0.337821	0.0148178
0.0248756	40.2	0.0180225	-0.566048	0.337591	0.014773
0.0248139	40.3	0.0179896	-0.566049	0.337359	0.0147284
0.0247525	40.4	0.017957	-0.56605	0.337126	0.014684
0.0246914	40.5	0.0179247	-0.566051	0.33689	0.0146398
0.0246305	40.6	0.0178926	-0.566052	0.336653	0.0145957
0.02457	40.7	0.0178607	-0.566053	0.336414	0.0145519
0.0245098	40.8	0.0178291	-0.566054	0.336174	0.0145082
0.0244499	40.9	0.0177977	-0.566055	0.335932	0.0144647
0.0243902	41	0.0177666	-0.566056	0.335688	0.0144215
0.0243309	41.1	0.0177357	-0.566057	0.335442	0.0143783
0.0242718	41.2	0.017705	-0.566058	0.335194	0.0143354
0.0242131	41.3	0.0176746	-0.566059	0.334945	0.0142927
0.0241546	41.4	0.0176444	-0.56606	0.334694	0.0142501
0.0240964	41.5	0.0176145	-0.566061	0.334442	0.0142077
0.0240385	41.6	0.0175847	-0.566062	0.334187	0.0141655
0.0239808	41.7	0.0175552	-0.566064	0.333931	0.0141235
0.0239234	41.8	0.0175259	-0.566065	0.333673	0.0140816
0.0238663	41.9	0.0174969	-0.566066	0.333414	0.0140399
0.0238095	42	0.0174681	-0.566066	0.333153	0.0139984
0.023753	42.1	0.0174394	-0.566067	0.33289	0.013957
0.0236967	42.2	0.017411	-0.566068	0.332626	0.0139158
0.0236407	42.3	0.0173829	-0.566069	0.332359	0.0138748
0.0235849	42.4	0.0173549	-0.56607	0.332091	0.013834
0.0235294	42.5	0.0173272	-0.566071	0.331822	0.0137933
0.0234742	42.6	0.0172996	-0.566072	0.331551	0.0137527
0.0234192	42.7	0.0172723	-0.566073	0.331278	0.0137124
0.0233645	42.8	0.0172451	-0.566074	0.331003	0.0136722
0.02331	42.9	0.0172182	-0.566075	0.330727	0.0136321
0.0232558	43	0.0171915	-0.566076	0.330449	0.0135922
0.0232019	43.1	0.017165	-0.566077	0.330169	0.0135525
0.0231481	43.2	0.0171387	-0.566078	0.329888	0.0135129
0.0230947	43.3	0.0171126	-0.566079	0.329605	0.0134735
0.0230415	43.4	0.0170866	-0.56608	0.329321	0.0134343
0.0229885	43.5	0.0170609	-0.566081	0.329035	0.0133951
0.0229358	43.6	0.0170354	-0.566082	0.328747	0.0133562
0.0228833	43.7	0.01701	-0.566082	0.328458	0.0133174
0.0228311	43.8	0.0169849	-0.566083	0.328167	0.0132787
0.022779	43.9	0.0169599	-0.566084	0.327874	0.0132402
0.0227273	44	0.0169351	-0.566085	0.32758	0.0132018
0.0226757	44.1	0.0169105	-0.566086	0.327284	0.0131636
0.0226244	44.2	0.0168861	-0.566087	0.326987	0.0131255
0.0225734	44.3	0.0168619	-0.566088	0.326688	0.0130876
0.0225225	44.4	0.0168378	-0.566088	0.326388	0.0130498
0.0224719	44.5	0.016814	-0.566089	0.326085	0.0130121
0.0224215	44.6	0.0167903	-0.56609	0.325782	0.0129746
0.0223714	44.7	0.0167668	-0.566091	0.325477	0.0129373
0.0223214	44.8	0.0167434	-0.566092	0.32517	0.0129
0.0222717	44.9	0.0167202	-0.566093	0.324861	0.0128629
0.0222222	45	0.0166972	-0.566093	0.324551	0.012826
0.0221729	45.1	0.0166744	-0.566094	0.32424	0.0127892
0.0221239	45.2	0.0166517	-0.566095	0.323927	0.0127525
0.0220751	45.3	0.0166292	-0.566096	0.323612	0.0127159
0.0220264	45.4	0.0166069	-0.566097	0.323296	0.0126795
0.021978	45.5	0.0165847	-0.566098	0.322979	0.0126432
0.0219298	45.6	0.0165627	-0.566098	0.32266	0.0126071
0.0218818	45.7	0.0165409	-0.566099	0.322339	0.012571
0.0218341	45.8	0.0165192	-0.5661	0.322017	0.0125351
0.0217865	45.9	0.0164976	-0.566101	0.321694	0.0124994
0.0217391	46	0.0164763	-0.566101	0.321368	0.0124637
0.021692	46.1	0.016455	-0.566102	0.321042	0.0124282
0.021645	46.2	0.016434	-0.566103	0.320714	0.0123928
0.0215983	46.3	0.016413	-0.566104	0.320384	0.0123576
0.0215517	46.4	0.0163923	-0.566104	0.320054	0.0123224
0.0215054	46.5	0.0163716	-0.566105	0.319721	0.0122874
0.0214592	46.6	0.0163512	-0.566106	0.319387	0.0122525
0.0214133	46.7	0.0163308	-0.566107	0.319052	0.0122177
0.0213675	46.8	0.0163107	-0.566107	0.318715	0.0121831
0.021322	46.9	0.0162906	-0.566108	0.318377	0.0121486
0.0212766	47	0.0162707	-0.566109	0.318038	0.0121142
0.0212314	47.1	0.016251	-0.56611	0.317697	0.0120799
0.0211864	47.2	0.0162313	-0.56611	0.317354	0.0120457
0.0211416	47.3	0.0162119	-0.566111	0.31701	0.0120116
0.021097	47.4	0.0161925	-0.566112	0.316665	0.0119777
0.0210526	47.5	0.0161733	-0.566113	0.316319	0.0119439
0.0210084	47.6	0.0161542	-0.566113	0.315971	0.0119102
0.0209644	47.7	0.0161353	-0.566114	0.315622	0.0118766
0.0209205	47.8	0.0161165	-0.566115	0.315271	0.0118431
0.0208768	47.9	0.0160978	-0.566115	0.314919	0.0118097
0.0208333	48	0.0160792	-0.566116	0.314566	0.0117764
0.02079	48.1	0.0160608	-0.566117	0.314211	0.0117433
0.0207469	48.2	0.0160425	-0.566117	0.313855	0.0117103
0.0207039	48.3	0.0160243	-0.566118	0.313497	0.0116773
0.0206612	48.4	0.0160063	-0.566119	0.313139	0.0116445
0.0206186	48.5	0.0159884	-0.566119	0.312779	0.0116118
0.0205761	48.6	0.0159706	-0.56612	0.312418	0.0115792
0.0205339	48.7	0.0159529	-0.566121	0.312055	0.0115467
0.0204918	48.8	0.0159353	-0.566121	0.311691	0.0115143
0.0204499	48.9	0.0159179	-0.566122	0.311326	0.011482
0.0204082	49	0.0159005	-0.566123	0.310959	0.0114499
0.0203666	49.1	0.0158833	-0.566123	0.310592	0.0114178
0.0203252	49.2	0.0158662	-0.566124	0.310223	0.0113858
0.020284	49.3	0.0158492	-0.566125	0.309853	0.0113539
0.0202429	49.4	0.0158323	-0.566125	0.309481	0.0113222
0.020202	49.5	0.0158156	-0.566126	0.309109	0.0112905
0.0201613	49.6	0.0157989	-0.566127	0.308735	0.011259
0.0201207	49.7	0.0157824	-0.566127	0.30836	0.0112275
0.0200803	49.8	0.0157659	-0.566128	0.307983	0.0111961
0.0200401	49.9	0.0157496	-0.566129	0.307606	0.0111649
0.02	50	0.0157334	-0.566129	0.307227	0.0111337
0.0199601	50.1	0.0157173	-0.56613	0.306847	0.0111027
0.0199203	50.2	0.0157012	-0.56613	0.306466	0.0110717
0.0198807	50.3	0.0156853	-0.566131	0.306084	0.0110408
0.0198413	50.4	0.0156695	-0.566132	0.3057	0.0110101
0.019802	50.5	0.0156538	-0.566132	0.305316	0.0109794
0.0197628	50.6	0.0156382	-0.566133	0.30493	0.0109488
0.0197239	50.7	0.0156227	-0.566133	0.304543	0.0109183
0.019685	50.8	0.0156072	-0.566134	0.304155	0.010888
0.0196464	50.9	0.0155919	-0.566135	0.303766	0.0108577
0.0196078	51	0.0155767	-0.566135	0.303376	0.0108275
0.0195695	51.1	0.0155615	-0.566136	0.302984	0.0107974
0.0195312	51.2	0.0155465	-0.566136	0.302592	0.0107673
0.0194932	51.3	0.0155315	-0.566137	0.302198	0.0107374
0.0194553	51.4	0.0155167	-0.566138	0.301804	0.0107076
0.0194175	51.5	0.0155019	-0.566138	0.301408	0.0106778
0.0193798	51.6	0.0154872	-0.566139	0.301011	0.0106482
0.0193424	51.7	0.0154726	-0.566139	0.300614	0.0106186
0.019305	51.8	0.0154581	-0.56614	0.300215	0.0105892
0.0192678	51.9	0.0154437	-0.56614	0.299815	0.0105598
0.0192308	52	0.0154294	-0.566141	0.299414	0.0105305
0.0191939	52.1	0.0154151	-0.566142	0.299012	0.0105013
0.0191571	52.2	0.0154009	-0.566142	0.298609	0.0104722
0.0191205	52.3	0.0153869	-0.566143	0.298205	0.0104432
0.019084	52.4	0.0153729	-0.566143	0.2978	0.0104142
0.0190476	52.5	0.0153589	-0.566144	0.297394	0.0103854
0.0190114	52.6	0.0153451	-0.566144	0.296987	0.0103566
0.0189753	52.7	0.0153313	-0.566145	0.296579	0.0103279
0.0189394	52.8	0.0153176	-0.566145	0.29617	0.0102993
0.0189036	52.9	0.015304	-0.566146	0.29576	0.0102708
0.0188679	53	0.0152905	-0.566147	0.295349	0.0102424
0.0188324	53.1	0.015277	-0.566147	0.294938	0.010214
0.018797	53.2	0.0152637	-0.566148	0.294525	0.0101857
0.0187617	53.3	0.0152503	-0.566148	0.294111	0.0101576
0.0187266	53.4	0.0152371	-0.566149	0.293697	0.0101295
0.0186916	53.5	0.0152239	-0.566149	0.293281	0.0101014
0.0186567	53.6	0.0152108	-0.56615	0.292865	0.0100735
0.018622	53.7	0.0151978	-0.56615	0.292448	0.0100457
0.0185874	53.8	0.0151849	-0.566151	0.292029	0.0100179
0.0185529	53.9	0.015172	-0.566151	0.29161	0.00999019
0.0185185	54	0.0151592	-0.566152	0.29119	0.00996258
0.0184843	54.1	0.0151464	-0.566152	0.29077	0.00993505
0.0184502	54.2	0.0151337	-0.566153	0.290348	0.00990759
0.0184162	54.3	0.0151211	-0.566153	0.289926	0.00988022
0.0183824	54.4	0.0151086	-0.566154	0.289502	0.00985292
0.0183486	54.5	0.0150961	-0.566154	0.289078	0.0098257
0.018315	54.6	0.0150836	-0.566155	0.288653	0.00979856
0.0182815	54.7	0.0150713	-0.566155	0.288227	0.0097715
0.0182482	54.8	0.015059	-0.566156	0.287801	0.00974451
0.0182149	54.9	0.0150467	-0.566156	0.287374	0.0097176
0.0181818	55	0.0150346	-0.566157	0.286945	0.00969076
0.0181488	55.1	0.0150224	-0.566157	0.286516	0.00966401
0.0181159	55.2	0.0150104	-0.566158	0.286087	0.00963732
0.0180832	55.3	0.0149984	-0.566158	0.285656	0.00961071
0.0180505	55.4	0.0149864	-0.566159	0.285225	0.00958418
0.018018	55.5	0.0149745	-0.566159	0.284793	0.00955772
0.0179856	55.6	0.0149627	-0.56616	0.28436	0.00953134
0.0179533	55.7	0.0149509	-0.56616	0.283927	0.00950503
0.0179211	55.8	0.0149392	-0.566161	0.283493	0.00947879
0.0178891	55.9	0.0149275	-0.566161	0.283058	0.00945263
0.0178571	56	0.0149159	-0.566161	0.282622	0.00942654
0.0178253	56.1	0.0149043	-0.566162	0.282186	0.00940052
0.0177936	56.2	0.0148928	-0.566162	0.281749	0.00937457
0.017762	56.3	0.0148814	-0.566163	0.281311	0.0093487
0.0177305	56.4	0.01487	-0.566163	0.280873	0.00932289
0.0176991	56.5	0.0148586	-0.566164	0.280434	0.00929716
0.0176678	56.6	0.0148473	-0.566164	0.279994	0.0092715
0.0176367	56.7	0.014836	-0.566165	0.279554	0.00924591
0.0176056	56.8	0.0148248	-0.566165	0.279113	0.00922039
0.0175747	56.9	0.0148137	-0.566166	0.278671	0.00919494
0.0175439	57	0.0148025	-0.566166	0.278229	0.00916956
0.0175131	57.1	0.0147915	-0.566166	0.277786	0.00914425
0.0174825	57.2	0.0147805	-0.566167	0.277343	0.00911901
0.017452	57.3	0.0147695	-0.566167	0.276899	0.00909383
0.0174216	57.4	0.0147585	-0.566168	0.276454	0.00906873
0.0173913	57.5	0.0147477	-0.566168	0.276009	0.00904369
0.0173611	57.6	0.0147368	-0.566169	0.275563	0.00901872
0.017331	57.7	0.014726	-0.566169	0.275117	0.00899382
0.017301	57.8	0.0147152	-0.56617	0.27467	0.00896899
0.0172712	57.9	0.0147045	-0.56617	0.274222	0.00894422
0.0172414	58	0.0146938	-0.56617	0.273774	0.00891952
0.0172117	58.1	0.0146832	-0.566171	0.273325	0.00889489
0.0171821	58.2	0.0146726	-0.566171	0.272876	0.00887033
0.0171527	58.3	0.0146621	-0.566172	0.272427	0.00884583
0.0171233	58.4	0.0146515	-0.566172	0.271976	0.00882139
0.017094	58.5	0.0146411	-0.566172	0.271526	0.00879702
0.0170648	58.6	0.0146306	-0.566173	0.271075	0.00877272
0.0170358	58.7	0.0146202	-0.566173	0.270623	0.00874848
0.0170068	58.8	0.0146098	-0.566174	0.270171	0.00872431
0.0169779	58.9	0.0145995	-0.566174	0.269718	0.0087002
0.0169492	59	0.0145892	-0.566175	0.269265	0.00867615
0.0169205	59.1	0.014579	-0.566175	0.268811	0.00865217
0.0168919	59.2	0.0145687	-0.566175	0.268357	0.00862825
0.0168634	59.3	0.0145586	-0.566176	0.267903	0.0086044
0.016835	59.4	0.0145484	-0.566176	0.267448	0.00858061
0.0168067	59.5	0.0145383	-0.566177	0.266992	0.00855688
0.0167785	59.6	0.0145282	-0.566177	0.266537	0.00853321
0.0167504	59.7	0.0145181	-0.566177	0.26608	0.00850961
0.0167224	59.8	0.0145081	-0.566178	0.265624	0.00848607
0.0166945	59.9	0.0144981	-0.566178	0.265167	0.00846259
0.0166667	60	0.0144882	-0.566179	0.264709	0.00843918
0.0166389	60.1	0.0144782	-0.566179	0.264251	0.00841582
0.0166113	60.2	0.0144683	-0.566179	0.263793	0.00839253
0.0165837	60.3	0.0144585	-0.56618	0.263335	0.0083693
0.0165563	60.4	0.0144486	-0.56618	0.262876	0.00834613
0.0165289	60.5	0.0144388	-0.56618	0.262416	0.00832302
0.0165017	60.6	0.014429	-0.566181	0.261957	0.00829997
0.0164745	60.7	0.0144193	-0.566181	0.261497	0.00827698
0.0164474	60.8	0.0144096	-0.566182	0.261036	0.00825405
0.0164204	60.9	0.0143999	-0.566182	0.260576	0.00823118
0.0163934	61	0.0143902	-0.566182	0.260115	0.00820837
0.0163666	61.1	0.0143806	-0.566183	0.259653	0.00818562
0.0163399	61.2	0.014371	-0.566183	0.259192	0.00816293
0.0163132	61.3	0.0143614	-0.566183	0.25873	0.0081403
0.0162866	61.4	0.0143518	-0.566184	0.258268	0.00811773
0.0162602	61.5	0.0143423	-0.566184	0.257805	0.00809521
0.0162338	61.6	0.0143328	-0.566185	0.257342	0.00807276
0.0162075	61.7	0.0143233	-0.566185	0.256879	0.00805036
0.0161812	61.8	0.0143138	-0.566185	0.256416	0.00802802
0.0161551	61.9	0.0143044	-0.566186	0.255952	0.00800574
0.016129	62	0.014295	-0.566186	0.255488	0.00798351
0.0161031	62.1	0.0142856	-0.566186	0.255024	0.00796135
0.0160772	62.2	0.0142762	-0.566187	0.25456	0.00793924
0.0160514	62.3	0.0142668	-0.566187	0.254096	0.00791719
0.0160256	62.4	0.0142575	-0.566187	0.253631	0.00789519
0.016	62.5	0.0142482	-0.566188	0.253166	0.00787325
0.0159744	62.6	0.0142389	-0.566188	0.252701	0.00785137
0.015949	62.7	0.0142297	-0.566188	0.252235	0.00782954
0.0159236	62.8	0.0142204	-0.566189	0.25177	0.00780777
0.0158983	62.9	0.0142112	-0.566189	0.251304	0.00778606
0.015873	63	0.014202	-0.56619	0.250838	0.0077644
0.0158479	63.1	0.0141928	-0.56619	0.250372	0.0077428
0.0158228	63.2	0.0141837	-0.56619	0.249905	0.00772125
0.0157978	63.3	0.0141745	-0.566191	0.249439	0.00769976
0.0157729	63.4	0.0141654	-0.566191	0.248972	0.00767832
0.015748	63.5	0.0141563	-0.566191	0.248505	0.00765694
0.0157233	63.6	0.0141472	-0.566192	0.248038	0.00763561
0.0156986	63.7	0.0141382	-0.566192	0.247571	0.00761434
0.015674	63.8	0.0141291	-0.566192	0.247104	0.00759312
0.0156495	63.9	0.0141201	-0.566193	0.246637	0.00757196
0.015625	64	0.0141111	-0.566193	0.246169	0.00755085
0.0156006	64.1	0.0141021	-0.566193	0.245702	0.00752979
0.0155763	64.2	0.0140931	-0.566194	0.245234	0.00750879
0.0155521	64.3	0.0140841	-0.566194	0.244766	0.00748784
0.015528	64.4	0.0140752	-0.566194	0.244298	0.00746695
0.0155039	64.5	0.0140662	-0.566194	0.24383	0.0074461
0.0154799	64.6	0.0140573	-0.566195	0.243362	0.00742532
0.015456	64.7	0.0140484	-0.566195	0.242894	0.00740458
0.0154321	64.8	0.0140395	-0.566195	0.242426	0.0073839
0.0154083	64.9	0.0140307	-0.566196	0.241958	0.00736326
0.0153846	65	0.0140218	-0.566196	0.241489	0.00734269
0.015361	65.1	0.014013	-0.566196	0.241021	0.00732216
0.0153374	65.2	0.0140041	-0.566197	0.240553	0.00730169
0.0153139	65.3	0.0139953	-0.566197	0.240084	0.00728126
0.0152905	65.4	0.0139865	-0.566197	0.239616	0.00726089
0.0152672	65.5	0.0139777	-0.566198	0.239147	0.00724057
0.0152439	65.6	0.013969	-0.566198	0.238679	0.00722031
0.0152207	65.7	0.0139602	-0.566198	0.23821	0.00720009
0.0151976	65.8	0.0139515	-0.566199	0.237742	0.00717993
0.0151745	65.9	0.0139427	-0.566199	0.237273	0.00715981
0.0151515	66	0.013934	-0.566199	0.236805	0.00713975
0.0151286	66.1	0.0139253	-0.566199	0.236336	0.00711974
0.0151057	66.2	0.0139166	-0.5662	0.235868	0.00709978
0.015083	66.3	0.0139079	-0.5662	0.235399	0.00707987
0.0150602	66.4	0.0138992	-0.5662	0.234931	0.00706
0.0150376	66.5	0.0138906	-0.566201	0.234463	0.00704019
0.015015	66.6	0.0138819	-0.566201	0.233994	0.00702043
0.0149925	66.7	0.0138733	-0.566201	0.233526	0.00700072
0.0149701	66.8	0.0138647	-0.566202	0.233058	0.00698106
0.0149477	66.9	0.0138561	-0.566202	0.232589	0.00696145
0.0149254	67	0.0138474	-0.566202	0.232121	0.00694189
0.0149031	67.1	0.0138389	-0.566202	0.231653	0.00692238
0.014881	67.2	0.0138303	-0.566203	0.231185	0.00690292
0.0148588	67.3	0.0138217	-0.566203	0.230717	0.0068835
0.0148368	67.4	0.0138131	-0.566203	0.230249	0.00686414
0.0148148	67.5	0.0138046	-0.566204	0.229782	0.00684482
0.0147929	67.6	0.013796	-0.566204	0.229314	0.00682555
0.014771	67.7	0.0137875	-0.566204	0.228846	0.00680634
0.0147493	67.8	0.013779	-0.566204	0.228379	0.00678717
0.0147275	67.9	0.0137704	-0.566205	0.227912	0.00676804
0.0147059	68	0.0137619	-0.566205	0.227444	0.00674897
0.0146843	68.1	0.0137534	-0.566205	0.226977	0.00672994
0.0146628	68.2	0.0137449	-0.566206	0.22651	0.00671097
0.0146413	68.3	0.0137365	-0.566206	0.226043	0.00669204
0.0146199	68.4	0.013728	-0.566206	0.225577	0.00667315
0.0145985	68.5	0.0137195	-0.566206	0.22511	0.00665432
0.0145773	68.6	0.0137111	-0.566207	0.224644	0.00663553
0.014556	68.7	0.0137026	-0.566207	0.224178	0.00661679
0.0145349	68.8	0.0136942	-0.566207	0.223711	0.0065981
0.0145138	68.9	0.0136857	-0.566208	0.223246	0.00657945
0.0144928	69	0.0136773	-0.566208	0.22278	0.00656085
0.0144718	69.1	0.0136689	-0.566208	0.222314	0.0065423
0.0144509	69.2	0.0136605	-0.566208	0.221849	0.0065238
0.01443	69.3	0.0136521	-0.566209	0.221384	0.00650534
0.0144092	69.4	0.0136437	-0.566209	0.220919	0.00648693
0.0143885	69.5	0.0136353	-0.566209	0.220454	0.00646856
0.0143678	69.6	0.0136269	-0.566209	0.219989	0.00645024
0.0143472	69.7	0.0136185	-0.56621	0.219525	0.00643197
0.0143266	69.8	0.0136102	-0.56621	0.21906	0.00641374
0.0143062	69.9	0.0136018	-0.56621	0.218596	0.00639556
0.0142857	70	0.0135935	-0.56621	0.218133	0.00637742
0.0142653	70.1	0.0135851	-0.566211	0.217669	0.00635933
0.014245	70.2	0.0135768	-0.566211	0.217206	0.00634129
0.0142248	70.3	0.0135684	-0.566211	0.216742	0.00632329
0.0142045	70.4	0.0135601	-0.566211	0.21628	0.00630533
0.0141844	70.5	0.0135518	-0.566212	0.215817	0.00628742
0.0141643	70.6	0.0135435	-0.566212	0.215355	0.00626956
0.0141443	70.7	0.0135352	-0.566212	0.214892	0.00625174
0.0141243	70.8	0.0135269	-0.566212	0.21443	0.00623397
0.0141044	70.9	0.0135186	-0.566213	0.213969	0.00621624
0.0140845	71	0.0135103	-0.566213	0.213507	0.00619855
0.0140647	71.1	0.013502	-0.566213	0.213046	0.00618091
0.0140449	71.2	0.0134937	-0.566213	0.212586	0.00616332
0.0140252	71.3	0.0134854	-0.566214	0.212125	0.00614577
0.0140056	71.4	0.0134772	-0.566214	0.211665	0.00612826
0.013986	71.5	0.0134689	-0.566214	0.211205	0.00611079
0.0139665	71.6	0.0134606	-0.566214	0.210745	0.00609338
0.013947	71.7	0.0134524	-0.566215	0.210286	0.006076
0.0139276	71.8	0.0134441	-0.566215	0.209827	0.00605867
0.0139082	71.9	0.0134359	-0.566215	0.209368	0.00604138
0.0138889	72	0.0134277	-0.566215	0.208909	0.00602414
0.0138696	72.1	0.0134194	-0.566216	0.208451	0.00600694
0.0138504	72.2	0.0134112	-0.566216	0.207993	0.00598978
0.0138313	72.3	0.013403	-0.566216	0.207536	0.00597266
0.0138122	72.4	0.0133948	-0.566216	0.207078	0.00595559
0.0137931	72.5	0.0133865	-0.566217	0.206622	0.00593857
0.0137741	72.6	0.0133783	-0.566217	0.206165	0.00592158
0.0137552	72.7	0.0133701	-0.566217	0.205709	0.00590464
0.0137363	72.8	0.0133619	-0.566217	0.205253	0.00588774
0.0137174	72.9	0.0133537	-0.566218	0.204797	0.00587088
0.0136986	73	0.0133456	-0.566218	0.204342	0.00585407
0.0136799	73.1	0.0133374	-0.566218	0.203887	0.0058373
0.0136612	73.2	0.0133292	-0.566218	0.203433	0.00582057
0.0136426	73.3	0.013321	-0.566218	0.202979	0.00580388
0.013624	73.4	0.0133128	-0.566219	0.202525	0.00578724
0.0136054	73.5	0.0133047	-0.566219	0.202072	0.00577063
0.013587	73.6	0.0132965	-0.566219	0.201618	0.00575407
0.0135685	73.7	0.0132884	-0.566219	0.201166	0.00573755
0.0135501	73.8	0.0132802	-0.56622	0.200714	0.00572108
0.0135318	73.9	0.0132721	-0.56622	0.200262	0.00570464
0.0135135	74	0.0132639	-0.56622	0.19981	0.00568825
0.0134953	74.1	0.0132558	-0.56622	0.199359	0.0056719
0.0134771	74.2	0.0132476	-0.56622	0.198908	0.00565558
0.013459	74.3	0.0132395	-0.566221	0.198458	0.00563931
0.0134409	74.4	0.0132314	-0.566221	0.198008	0.00562309
0.0134228	74.5	0.0132233	-0.566221	0.197558	0.0056069
0.0134048	74.6	0.0132151	-0.566221	0.197109	0.00559075
0.0133869	74.7	0.013207	-0.566222	0.196661	0.00557465
0.013369	74.8	0.0131989	-0.566222	0.196212	0.00555858
0.0133511	74.9	0.0131908	-0.566222	0.195764	0.00554256
0.0133333	75	0.0131827	-0.566222	0.195317	0.00552658
0.0133156	75.1	0.0131746	-0.566222	0.19487	0.00551063
0.0132979	75.2	0.0131665	-0.566223	0.194423	0.00549473
0.0132802	75.3	0.0131584	-0.566223	0.193977	0.00547887
0.0132626	75.4	0.0131504	-0.566223	0.193531	0.00546305
0.013245	75.5	0.0131423	-0.566223	0.193086	0.00544727
0.0132275	75.6	0.0131342	-0.566223	0.192641	0.00543152
0.01321	75.7	0.0131261	-0.566224	0.192197	0.00541582
0.0131926	75.8	0.0131181	-0.566224	0.191753	0.00540016
0.0131752	75.9	0.01311	-0.566224	0.191309	0.00538454
0.0131579	76	0.0131019	-0.566224	0.190866	0.00536896
0.0131406	76.1	0.0130939	-0.566224	0.190424	0.00535342
0.0131234	76.2	0.0130858	-0.566225	0.189981	0.00533791
0.0131062	76.3	0.0130778	-0.566225	0.18954	0.00532245
0.013089	76.4	0.0130698	-0.566225	0.189098	0.00530703
0.0130719	76.5	0.0130617	-0.566225	0.188658	0.00529164
0.0130548	76.6	0.0130537	-0.566225	0.188217	0.0052763
0.0130378	76.7	0.0130457	-0.566226	0.187778	0.00526099
0.0130208	76.8	0.0130376	-0.566226	0.187338	0.00524573
0.0130039	76.9	0.0130296	-0.566226	0.186899	0.0052305
0.012987	77	0.0130216	-0.566226	0.186461	0.00521531
0.0129702	77.1	0.0130136	-0.566226	0.186023	0.00520016
0.0129534	77.2	0.0130056	-0.566227	0.185586	0.00518505
0.0129366	77.3	0.0129976	-0.566227	0.185149	0.00516997
0.0129199	77.4	0.0129896	-0.566227	0.184712	0.00515494
0.0129032	77.5	0.0129816	-0.566227	0.184276	0.00513994
0.0128866	77.6	0.0129736	-0.566227	0.183841	0.00512499
0.01287	77.7	0.0129656	-0.566228	0.183406	0.00511007
0.0128535	77.8	0.0129576	-0.566228	0.182972	0.00509519
0.012837	77.9	0.0129497	-0.566228	0.182538	0.00508034
0.0128205	78	0.0129417	-0.566228	0.182104	0.00506554
0.0128041	78.1	0.0129337	-0.566228	0.181671	0.00505077
0.0127877	78.2	0.0129258	-0.566229	0.181239	0.00503604
0.0127714	78.3	0.0129178	-0.566229	0.180807	0.00502135
0.0127551	78.4	0.0129099	-0.566229	0.180376	0.0050067
0.0127389	78.5	0.0129019	-0.566229	0.179945	0.00499208
0.0127226	78.6	0.012894	-0.566229	0.179515	0.0049775
0.0127065	78.7	0.012886	-0.566229	0.179085	0.00496296
0.0126904	78.8	0.0128781	-0.56623	0.178656	0.00494846
0.0126743	78.9	0.0128702	-0.56623	0.178227	0.00493399
0.0126582	79	0.0128622	-0.56623	0.177799	0.00491956
0.0126422	79.1	0.0128543	-0.56623	0.177371	0.00490517
0.0126263	79.2	0.0128464	-0.56623	0.176944	0.00489082
0.0126103	79.3	0.0128385	-0.566231	0.176518	0.0048765
0.0125945	79.4	0.0128306	-0.566231	0.176092	0.00486222
0.0125786	79.5	0.0128227	-0.566231	0.175666	0.00484797
0.0125628	79.6	0.0128148	-0.566231	0.175241	0.00483377
0.0125471	79.7	0.0128069	-0.566231	0.174817	0.0048196
0.0125313	79.8	0.012799	-0.566231	0.174393	0.00480546
0.0125156	79.9	0.0127912	-0.566232	0.17397	0.00479137
0.0125	80	0.0127833	-0.566232	0.173547	0.0047773
0.0124844	80.1	0.0127754	-0.566232	0.173125	0.00476328
0.0124688	80.2	0.0127676	-0.566232	0.172704	0.00474929
0.0124533	80.3	0.0127597	-0.566232	0.172283	0.00473534
0.0124378	80.4	0.0127518	-0.566233	0.171862	0.00472142
0.0124224	80.5	0.012744	-0.566233	0.171442	0.00470754
0.0124069	80.6	0.0127362	-0.566233	0.171023	0.0046937
0.0123916	80.7	0.0127283	-0.566233	0.170604	0.00467989
0.0123762	80.8	0.0127205	-0.566233	0.170186	0.00466612
0.0123609	80.9	0.0127127	-0.566233	0.169769	0.00465238
0.0123457	81	0.0127049	-0.566234	0.169352	0.00463868
0.0123305	81.1	0.0126971	-0.566234	0.168935	0.00462501
0.0123153	81.2	0.0126892	-0.566234	0.168519	0.00461138
0.0123001	81.3	0.0126815	-0.566234	0.168104	0.00459779
0.012285	81.4	0.0126737	-0.566234	0.167689	0.00458423
0.0122699	81.5	0.0126659	-0.566234	0.167275	0.0045707
0.0122549	81.6	0.0126581	-0.566235	0.166862	0.00455722
0.0122399	81.7	0.0126503	-0.566235	0.166449	0.00454376
0.0122249	81.8	0.0126426	-0.566235	0.166037	0.00453034
0.01221	81.9	0.0126348	-0.566235	0.165625	0.00451696
0.0121951	82	0.012627	-0.566235	0.165214	0.00450361
0.0121803	82.1	0.0126193	-0.566235	0.164804	0.0044903
0.0121655	82.2	0.0126115	-0.566236	0.164394	0.00447702
0.0121507	82.3	0.0126038	-0.566236	0.163984	0.00446377
0.0121359	82.4	0.0125961	-0.566236	0.163576	0.00445056
0.0121212	82.5	0.0125884	-0.566236	0.163168	0.00443739
0.0121065	82.6	0.0125806	-0.566236	0.16276	0.00442425
0.0120919	82.7	0.0125729	-0.566236	0.162353	0.00441114
0.0120773	82.8	0.0125652	-0.566236	0.161947	0.00439807
0.0120627	82.9	0.0125575	-0.566237	0.161541	0.00438503
0.0120482	83	0.0125499	-0.566237	0.161136	0.00437202
0.0120337	83.1	0.0125422	-0.566237	0.160732	0.00435905
0.0120192	83.2	0.0125345	-0.566237	0.160328	0.00434612
0.0120048	83.3	0.0125268	-0.566237	0.159925	0.00433322
0.0119904	83.4	0.0125192	-0.566237	0.159522	0.00432035
0.011976	83.5	0.0125115	-0.566238	0.15912	0.00430751
0.0119617	83.6	0.0125039	-0.566238	0.158719	0.00429471
0.0119474	83.7	0.0124962	-0.566238	0.158318	0.00428195
0.0119332	83.8	0.0124886	-0.566238	0.157918	0.00426921
0.011919	83.9	0.012481	-0.566238	0.157519	0.00425651
0.0119048	84	0.0124734	-0.566238	0.15712	0.00424385
0.0118906	84.1	0.0124658	-0.566238	0.156722	0.00423121
0.0118765	84.2	0.0124582	-0.566239	0.156324	0.00421861
0.0118624	84.3	0.0124506	-0.566239	0.155928	0.00420605
0.0118483	84.4	0.012443	-0.566239	0.155531	0.00419351
0.0118343	84.5	0.0124354	-0.566239	0.155136	0.00418101
0.0118203	84.6	0.0124279	-0.566239	0.154741	0.00416854
0.0118064	84.7	0.0124203	-0.566239	0.154346	0.00415611
0.0117925	84.8	0.0124128	-0.56624	0.153953	0.00414371
0.0117786	84.9	0.0124052	-0.56624	0.153559	0.00413134
0.0117647	85	0.0123977	-0.56624	0.153167	0.004119
0.0117509	85.1	0.0123902	-0.56624	0.152775	0.0041067
0.0117371	85.2	0.0123827	-0.56624	0.152384	0.00409443
0.0117233	85.3	0.0123752	-0.56624	0.151994	0.00408219
0.0117096	85.4	0.0123677	-0.56624	0.151604	0.00406998
0.0116959	85.5	0.0123602	-0.566241	0.151214	0.00405781
0.0116822	85.6	0.0123527	-0.566241	0.150826	0.00404567
0.0116686	85.7	0.0123452	-0.566241	0.150438	0.00403356
0.011655	85.8	0.0123378	-0.566241	0.150051	0.00402148
0.0116414	85.9	0.0123303	-0.566241	0.149664	0.00400944
0.0116279	86	0.0123229	-0.566241	0.149278	0.00399743
0.0116144	86.1	0.0123154	-0.566241	0.148893	0.00398544
0.0116009	86.2	0.012308	-0.566242	0.148508	0.0039735
0.0115875	86.3	0.0123006	-0.566242	0.148124	0.00396158
0.0115741	86.4	0.0122932	-0.566242	0.147741	0.00394969
0.0115607	86.5	0.0122858	-0.566242	0.147358	0.00393784
0.0115473	86.6	0.0122784	-0.566242	0.146976	0.00392602
0.011534	86.7	0.012271	-0.566242	0.146595	0.00391423
0.0115207	86.8	0.0122637	-0.566242	0.146214	0.00390247
0.0115075	86.9	0.0122563	-0.566242	0.145834	0.00389074
0.0114943	87	0.012249	-0.566243	0.145454	0.00387904
0.0114811	87.1	0.0122416	-0.566243	0.145076	0.00386738
0.0114679	87.2	0.0122343	-0.566243	0.144698	0.00385574
0.0114548	87.3	0.012227	-0.566243	0.14432	0.00384414
0.0114416	87.4	0.0122197	-0.566243	0.143943	0.00383257
0.0114286	87.5	0.0122124	-0.566243	0.143567	0.00382103
0.0114155	87.6	0.0122051	-0.566243	0.143192	0.00380952
0.0114025	87.7	0.0121978	-0.566244	0.142817	0.00379804
0.0113895	87.8	0.0121906	-0.566244	0.142443	0.00378659
0.0113766	87.9	0.0121833	-0.566244	0.14207	0.00377517
0.0113636	88	0.0121761	-0.566244	0.141697	0.00376379
0.0113507	88.1	0.0121688	-0.566244	0.141325	0.00375243
0.0113379	88.2	0.0121616	-0.566244	0.140954	0.00374111
0.011325	88.3	0.0121544	-0.566244	0.140583	0.00372981
0.0113122	88.4	0.0121472	-0.566244	0.140213	0.00371855
0.0112994	88.5	0.01214	-0.566245	0.139843	0.00370731
0.0112867	88.6	0.0121329	-0.566245	0.139475	0.00369611
0.011274	88.7	0.0121257	-0.566245	0.139107	0.00368493
0.0112613	88.8	0.0121185	-0.566245	0.138739	0.00367379
0.0112486	88.9	0.0121114	-0.566245	0.138373	0.00366268
0.011236	89	0.0121043	-0.566245	0.138007	0.00365159
0.0112233	89.1	0.0120972	-0.566245	0.137641	0.00364054
0.0112108	89.2	0.01209	-0.566245	0.137277	0.00362951
0.0111982	89.3	0.012083	-0.566246	0.136913	0.00361852
0.0111857	89.4	0.0120759	-0.566246	0.136549	0.00360756
0.0111732	89.5	0.0120688	-0.566246	0.136187	0.00359662
0.0111607	89.6	0.0120617	-0.566246	0.135825	0.00358572
0.0111483	89.7	0.0120547	-0.566246	0.135463	0.00357484
0.0111359	89.8	0.0120477	-0.566246	0.135103	0.00356399
0.0111235	89.9	0.0120406	-0.566246	0.134743	0.00355318
0.0111111	90	0.0120336	-0.566246	0.134384	0.00354239
0.0110988	90.1	0.0120266	-0.566247	0.134025	0.00353163
0.0110865	90.2	0.0120196	-0.566247	0.133667	0.0035209
0.0110742	90.3	0.0120127	-0.566247	0.13331	0.0035102
0.0110619	90.4	0.0120057	-0.566247	0.132954	0.00349953
0.0110497	90.5	0.0119988	-0.566247	0.132598	0.00348889
0.0110375	90.6	0.0119918	-0.566247	0.132243	0.00347828
0.0110254	90.7	0.0119849	-0.566247	0.131888	0.00346769
0.0110132	90.8	0.011978	-0.566247	0.131534	0.00345714
0.0110011	90.9	0.0119711	-0.566247	0.131181	0.00344661
0.010989	91	0.0119642	-0.566248	0.130829	0.00343612
0.0109769	91.1	0.0119573	-0.566248	0.130477	0.00342565
0.0109649	91.2	0.0119505	-0.566248	0.130126	0.00341521
0.0109529	91.3	0.0119436	-0.566248	0.129776	0.00340479
0.0109409	91.4	0.0119368	-0.566248	0.129426	0.00339441
0.010929	91.5	0.01193	-0.566248	0.129077	0.00338406
0.010917	91.6	0.0119232	-0.566248	0.128729	0.00337373
0.0109051	91.7	0.0119164	-0.566248	0.128381	0.00336343
0.0108932	91.8	0.0119096	-0.566249	0.128034	0.00335316
0.0108814	91.9	0.0119029	-0.566249	0.127688	0.00334292
0.0108696	92	0.0118961	-0.566249	0.127342	0.00333271
0.0108578	92.1	0.0118894	-0.566249	0.126998	0.00332252
0.010846	92.2	0.0118827	-0.566249	0.126653	0.00331236
0.0108342	92.3	0.0118759	-0.566249	0.12631	0.00330223
0.0108225	92.4	0.0118693	-0.566249	0.125967	0.00329213
0.0108108	92.5	0.0118626	-0.566249	0.125625	0.00328205
0.0107991	92.6	0.0118559	-0.566249	0.125283	0.00327201
0.0107875	92.7	0.0118493	-0.566249	0.124943	0.00326199
0.0107759	92.8	0.0118426	-0.56625	0.124603	0.003252
0.0107643	92.9	0.011836	-0.56625	0.124263	0.00324203
0.0107527	93	0.0118294	-0.56625	0.123925	0.0032321
0.0107411	93.1	0.0118228	-0.56625	0.123587	0.00322219
0.0107296	93.2	0.0118162	-0.56625	0.123249	0.00321231
0.0107181	93.3	0.0118097	-0.56625	0.122913	0.00320245
0.0107066	93.4	0.0118031	-0.56625	0.122577	0.00319262
0.0106952	93.5	0.0117966	-0.56625	0.122241	0.00318282
0.0106838	93.6	0.0117901	-0.56625	0.121907	0.00317305
0.0106724	93.7	0.0117835	-0.566251	0.121573	0.0031633
0.010661	93.8	0.0117771	-0.566251	0.12124	0.00315358
0.0106496	93.9	0.0117706	-0.566251	0.120907	0.00314389
0.0106383	94	0.0117641	-0.566251	0.120575	0.00313423
0.010627	94.1	0.0117577	-0.566251	0.120244	0.00312459
0.0106157	94.2	0.0117512	-0.566251	0.119914	0.00311498
0.0106045	94.3	0.0117448	-0.566251	0.119584	0.00310539
0.0105932	94.4	0.0117384	-0.566251	0.119255	0.00309583
0.010582	94.5	0.011732	-0.566251	0.118927	0.0030863
0.0105708	94.6	0.0117257	-0.566251	0.118599	0.00307679
0.0105597	94.7	0.0117193	-0.566252	0.118272	0.00306731
0.0105485	94.8	0.011713	-0.566252	0.117946	0.00305786
0.0105374	94.9	0.0117067	-0.566252	0.11762	0.00304843
0.0105263	95	0.0117004	-0.566252	0.117295	0.00303903
0.0105152	95.1	0.0116941	-0.566252	0.116971	0.00302966
0.0105042	95.2	0.0116878	-0.566252	0.116647	0.00302031
0.0104932	95.3	0.0116815	-0.566252	0.116324	0.00301099
0.0104822	95.4	0.0116753	-0.566252	0.116002	0.00300169
0.0104712	95.5	0.0116691	-0.566252	0.11568	0.00299242
0.0104603	95.6	0.0116629	-0.566252	0.11536	0.00298318
0.0104493	95.7	0.0116567	-0.566253	0.115039	0.00297396
0.0104384	95.8	0.0116505	-0.566253	0.11472	0.00296477
0.0104275	95.9	0.0116443	-0.566253	0.114401	0.0029556
0.0104167	96	0.0116382	-0.566253	0.114083	0.00294646
0.0104058	96.1	0.011632	-0.566253	0.113766	0.00293734
0.010395	96.2	0.0116259	-0.566253	0.113449	0.00292825
0.0103842	96.3	0.0116198	-0.566253	0.113133	0.00291919
0.0103734	96.4	0.0116137	-0.566253	0.112817	0.00291015
0.0103627	96.5	0.0116077	-0.566253	0.112503	0.00290113
0.010352	96.6	0.0116016	-0.566253	0.112189	0.00289214
0.0103413	96.7	0.0115956	-0.566253	0.111875	0.00288318
0.0103306	96.8	0.0115896	-0.566254	0.111563	0.00287424
0.0103199	96.9	0.0115836	-0.566254	0.111251	0.00286533
0.0103093	97	0.0115776	-0.566254	0.110939	0.00285644
0.0102987	97.1	0.0115716	-0.566254	0.110629	0.00284757
0.0102881	97.2	0.0115657	-0.566254	0.110319	0.00283874
0.0102775	97.3	0.0115597	-0.566254	0.11001	0.00282992
0.0102669	97.4	0.0115538	-0.566254	0.109701	0.00282113
0.0102564	97.5	0.0115479	-0.566254	0.109393	0.00281237
0.0102459	97.6	0.011542	-0.566254	0.109086	0.00280363
0.0102354	97.7	0.0115362	-0.566254	0.108779	0.00279491
0.0102249	97.8	0.0115303	-0.566254	0.108474	0.00278622
0.0102145	97.9	0.0115245	-0.566255	0.108168	0.00277756
0.0102041	98	0.0115187	-0.566255	0.107864	0.00276892
0.0101937	98.1	0.0115129	-0.566255	0.10756	0.0027603
0.0101833	98.2	0.0115071	-0.566255	0.107257	0.00275171
0.0101729	98.3	0.0115013	-0.566255	0.106954	0.00274314
0.0101626	98.4	0.0114956	-0.566255	0.106653	0.0027346
0.0101523	98.5	0.0114899	-0.566255	0.106352	0.00272608
0.010142	98.6	0.0114842	-0.566255	0.106051	0.00271758
0.0101317	98.7	0.0114785	-0.566255	0.105751	0.00270911
0.0101215	98.8	0.0114728	-0.566255	0.105452	0.00270066
0.0101112	98.9	0.0114671	-0.566255	0.105154	0.00269224
0.010101	99	0.0114615	-0.566256	0.104856	0.00268384
0.0100908	99.1	0.0114559	-0.566256	0.104559	0.00267546
0.0100806	99.2	0.0114503	-0.566256	0.104263	0.00266711
0.0100705	99.3	0.0114447	-0.566256	0.103967	0.00265878
0.0100604	99.4	0.0114391	-0.566256	0.103672	0.00265048
0.0100503	99.5	0.0114335	-0.566256	0.103377	0.00264219
0.0100402	99.6	0.011428	-0.566256	0.103084	0.00263394
0.0100301	99.7	0.0114225	-0.566256	0.102791	0.0026257
0.01002	99.8	0.011417	-0.566256	0.102498	0.00261749
0.01001	99.9	0.0114115	-0.566256	0.102206	0.0026093
0.01	100	0.011406	-0.566256	0.101915	0.00260114
