#T	β	c	e	chi	s
100	0.01	0.000153442	-0.681984	0.0197397	0.693071
50	0.02	0.000615764	-0.697353	0.0389632	0.69284
33.3333	0.03	0.00138947	-0.71277	0.057677	0.692455
25	0.04	0.00247641	-0.728229	0.075888	0.691913
20	0.05	0.00387774	-0.743723	0.0936029	0.691216
16.6667	0.06	0.00559395	-0.759249	0.110829	0.690362
14.2857	0.07	0.00762482	-0.774799	0.127573	0.689351
12.5	0.08	0.00996946	-0.790368	0.143844	0.688184
11.1111	0.09	0.0126263	-0.805952	0.159647	0.686859
10	0.1	0.015593	-0.821542	0.174991	0.685378
9.09091	0.11	0.0188667	-0.837136	0.189884	0.683741
8.33333	0.12	0.0224436	-0.852725	0.204333	0.681948
7.69231	0.13	0.0263197	-0.868305	0.218347	0.68
7.14286	0.14	0.0304898	-0.883871	0.231933	0.677899
6.66667	0.15	0.0349485	-0.899416	0.245101	0.675645
6.25	0.16	0.0396897	-0.914934	0.257857	0.67324
5.88235	0.17	0.0447066	-0.930421	0.27021	0.670684
5.55556	0.18	0.049992	-0.945871	0.282168	0.667981
5.26316	0.19	0.0555382	-0.961279	0.293741	0.66513
5	0.2	0.0613369	-0.976639	0.304936	0.662135
3.33333	0.3	0.131121	-1.12653	0.397962	0.624726
2.5	0.4	0.214869	-1.26677	0.462324	0.575738
2	0.5	0.301873	-1.3944	0.505567	0.518416
1.66667	0.6	0.383435	-1.50804	0.534013	0.456034
1.42857	0.7	0.453957	-1.60755	0.552621	0.391467
1.25	0.8	0.510767	-1.69367	0.565097	0.326982
1.11111	0.9	0.553328	-1.76762	0.574116	0.264227
1	1	0.582401	-1.83077	0.581574	0.204311
0.909091	1.1	0.599403	-1.88455	0.588787	0.147915
0.833333	1.2	0.605994	-1.93027	0.596657	0.0954085
0.769231	1.3	0.603848	-1.96909	0.605782	0.0469349
0.714286	1.4	0.594541	-2.00205	0.616543	0.00248596
0.666667	1.5	0.579504	-2.03003	0.629159	-0.0380495
0.625	1.6	0.560013	-2.05379	0.643729	-0.0748485
0.588235	1.7	0.537186	-2.07398	0.660264	-0.108128
0.555556	1.8	0.511988	-2.09113	0.67871	-0.138129
0.526316	1.9	0.485249	-2.10572	0.698962	-0.1651
0.5	2	0.457662	-2.11814	0.720884	-0.189291
0.47619	2.1	0.429805	-2.12871	0.744315	-0.210946
0.454545	2.2	0.402141	-2.13771	0.769085	-0.230301
0.434783	2.3	0.375041	-2.1454	0.79502	-0.247576
0.416667	2.4	0.348787	-2.15195	0.821957	-0.262979
0.4	2.5	0.323588	-2.15756	0.849743	-0.276703
0.384615	2.6	0.299588	-2.16235	0.878244	-0.288923
0.37037	2.7	0.276881	-2.16646	0.907343	-0.299799
0.357143	2.8	0.255516	-2.16998	0.936943	-0.309478
0.344828	2.9	0.23551	-2.173	0.966965	-0.318092
0.333333	3	0.216851	-2.1756	0.997341	-0.325758
0.322581	3.1	0.199509	-2.17784	1.02802	-0.332582
0.3125	3.2	0.183436	-2.17977	1.05896	-0.338659
0.30303	3.3	0.168576	-2.18144	1.09013	-0.344073
0.294118	3.4	0.154867	-2.18288	1.12149	-0.348899
0.285714	3.5	0.14224	-2.18413	1.15303	-0.353204
0.277778	3.6	0.130626	-2.18521	1.18472	-0.357046
0.27027	3.7	0.119957	-2.18615	1.21656	-0.360477
0.263158	3.8	0.110165	-2.18697	1.24851	-0.363544
0.25641	3.9	0.101183	-2.18768	1.28057	-0.366288
0.25	4	0.0929508	-2.1883	1.31273	-0.368745
0.243902	4.1	0.0854074	-2.18885	1.34498	-0.370946
0.238095	4.2	0.0784973	-2.18932	1.37731	-0.37292
0.232558	4.3	0.0721684	-2.18974	1.40971	-0.374691
0.227273	4.4	0.0663722	-2.19011	1.44216	-0.376283
0.222222	4.5	0.0610634	-2.19043	1.47468	-0.377714
0.217391	4.6	0.0562007	-2.19071	1.50723	-0.379003
0.212766	4.7	0.0517457	-2.19096	1.53983	-0.380163
0.208333	4.8	0.0476633	-2.19118	1.57247	-0.381209
0.204082	4.9	0.0439212	-2.19138	1.60514	-0.382153
0.2	5	0.0404899	-2.19155	1.63783	-0.383005
0.196078	5.1	0.0373425	-2.1917	1.67055	-0.383775
0.192308	5.2	0.0344543	-2.19184	1.70329	-0.384472
0.188679	5.3	0.0318028	-2.19196	1.73604	-0.385103
0.185185	5.4	0.0293676	-2.19206	1.76881	-0.385674
0.181818	5.5	0.02713	-2.19216	1.80159	-0.386192
0.178571	5.6	0.025073	-2.19224	1.83438	-0.386662
0.175439	5.7	0.0231812	-2.19232	1.86718	-0.387089
0.172414	5.8	0.0214403	-2.19239	1.89999	-0.387477
0.169492	5.9	0.0198377	-2.19245	1.9328	-0.38783
0.166667	6	0.0183615	-2.1925	1.96561	-0.388151
0.163934	6.1	0.0170012	-2.19255	1.99843	-0.388443
0.16129	6.2	0.0157471	-2.19259	2.03125	-0.388709
0.15873	6.3	0.0145902	-2.19263	2.06408	-0.388951
0.15625	6.4	0.0135227	-2.19267	2.0969	-0.389173
0.153846	6.5	0.0125371	-2.1927	2.12972	-0.389375
0.151515	6.6	0.0116267	-2.19273	2.16254	-0.389559
0.149254	6.7	0.0107854	-2.19275	2.19537	-0.389727
0.147059	6.8	0.0100077	-2.19277	2.22819	-0.389881
0.144928	6.9	0.00928837	-2.19279	2.26101	-0.390022
0.142857	7	0.00862285	-2.19281	2.29383	-0.390151
0.140845	7.1	0.00800685	-2.19283	2.32665	-0.390269
0.138889	7.2	0.00743646	-2.19284	2.35947	-0.390377
0.136986	7.3	0.00690812	-2.19286	2.39229	-0.390476
0.135135	7.4	0.00641857	-2.19287	2.4251	-0.390566
0.133333	7.5	0.00596479	-2.19288	2.45792	-0.39065
0.131579	7.6	0.00554404	-2.19289	2.49073	-0.390726
0.12987	7.7	0.00515381	-2.1929	2.52354	-0.390796
0.128205	7.8	0.00479177	-2.19291	2.55635	-0.39086
0.126582	7.9	0.00445578	-2.19292	2.58915	-0.390919
0.125	8	0.00414389	-2.19292	2.62196	-0.390973
0.123457	8.1	0.00385429	-2.19293	2.65476	-0.391022
0.121951	8.2	0.00358533	-2.19293	2.68757	-0.391068
0.120482	8.3	0.00333549	-2.19294	2.72037	-0.39111
0.119048	8.4	0.00310334	-2.19294	2.75317	-0.391148
0.117647	8.5	0.00288761	-2.19295	2.78597	-0.391184
0.116279	8.6	0.00268708	-2.19295	2.81877	-0.391216
0.114943	8.7	0.00250066	-2.19296	2.85157	-0.391246
0.113636	8.8	0.00232732	-2.19296	2.88436	-0.391274
0.11236	8.9	0.00216613	-2.19296	2.91716	-0.391299
0.111111	9	0.0020162	-2.19296	2.94995	-0.391323
0.10989	9.1	0.00187674	-2.19297	2.98275	-0.391344
0.108696	9.2	0.00174699	-2.19297	3.01554	-0.391364
0.107527	9.3	0.00162627	-2.19297	3.04833	-0.391382
0.106383	9.4	0.00151394	-2.19297	3.08112	-0.391399
0.105263	9.5	0.0014094	-2.19297	3.11391	-0.391414
0.104167	9.6	0.0013121	-2.19298	3.1467	-0.391429
0.103093	9.7	0.00122155	-2.19298	3.17949	-0.391442
0.102041	9.8	0.00113725	-2.19298	3.21228	-0.391454
0.10101	9.9	0.00105878	-2.19298	3.24507	-0.391465
0.1	10	0.000985729	-2.19298	3.27785	-0.391475
0.0990099	10.1	0.000917718	-2.19298	3.31064	-0.391485
0.0980392	10.2	0.000854397	-2.19298	3.34343	-0.391494
0.0970874	10.3	0.000795441	-2.19298	3.37621	-0.391502
0.0961538	10.4	0.000740546	-2.19298	3.409	-0.391509
0.0952381	10.5	0.000689433	-2.19298	3.44178	-0.391516
0.0943396	10.6	0.000641838	-2.19299	3.47457	-0.391522
0.0934579	10.7	0.00059752	-2.19299	3.50735	-0.391528
0.0925926	10.8	0.000556252	-2.19299	3.54014	-0.391533
0.0917431	10.9	0.000517823	-2.19299	3.57292	-0.391538
0.0909091	11	0.000482039	-2.19299	3.6057	-0.391543
0.0900901	11.1	0.000448717	-2.19299	3.63849	-0.391547
0.0892857	11.2	0.000417689	-2.19299	3.67127	-0.391551
0.0884956	11.3	0.000388796	-2.19299	3.70405	-0.391555
0.0877193	11.4	0.000361891	-2.19299	3.73683	-0.391558
0.0869565	11.5	0.000336839	-2.19299	3.76962	-0.391561
0.0862069	11.6	0.000313511	-2.19299	3.8024	-0.391564
0.0854701	11.7	0.000291791	-2.19299	3.83518	-0.391566
0.0847458	11.8	0.000271567	-2.19299	3.86796	-0.391569
0.0840336	11.9	0.000252736	-2.19299	3.90074	-0.391571
0.0833333	12	0.000235204	-2.19299	3.93353	-0.391573
0.0826446	12.1	0.000218881	-2.19299	3.96631	-0.391575
0.0819672	12.2	0.000203685	-2.19299	3.99909	-0.391577
0.0813008	12.3	0.000189537	-2.19299	4.03187	-0.391578
0.0806452	12.4	0.000176367	-2.19299	4.06465	-0.39158
0.08	12.5	0.000164106	-2.19299	4.09743	-0.391581
0.0793651	12.6	0.000152693	-2.19299	4.13021	-0.391582
0.0787402	12.7	0.000142069	-2.19299	4.16299	-0.391583
0.078125	12.8	0.000132181	-2.19299	4.19577	-0.391584
0.0775194	12.9	0.000122977	-2.19299	4.22855	-0.391585
0.0769231	13	0.000114411	-2.19299	4.26133	-0.391586
0.0763359	13.1	0.000106438	-2.19299	4.29411	-0.391587
0.0757576	13.2	9.90194e-05	-2.19299	4.32689	-0.391588
0.075188	13.3	9.2115e-05	-2.19299	4.35968	-0.391589
0.0746269	13.4	8.56902e-05	-2.19299	4.39246	-0.391589
0.0740741	13.5	7.9712e-05	-2.19299	4.42524	-0.39159
0.0735294	13.6	7.41495e-05	-2.19299	4.45802	-0.391591
0.0729927	13.7	6.89741e-05	-2.19299	4.4908	-0.391591
0.0724638	13.8	6.41595e-05	-2.19299	4.52358	-0.391592
0.0719424	13.9	5.96799e-05	-2.19299	4.55636	-0.391592
0.0714286	14	5.55131e-05	-2.19299	4.58914	-0.391592
0.070922	14.1	5.16365e-05	-2.19299	4.62192	-0.391593
0.0704225	14.2	4.80312e-05	-2.19299	4.6547	-0.391593
0.0699301	14.3	4.46775e-05	-2.19299	4.68748	-0.391593
0.0694444	14.4	4.15584e-05	-2.19299	4.72026	-0.391594
0.0689655	14.5	3.8658e-05	-2.19299	4.75304	-0.391594
0.0684932	14.6	3.59605e-05	-2.19299	4.78582	-0.391594
0.0680272	14.7	3.34524e-05	-2.19299	4.8186	-0.391595
0.0675676	14.8	3.11201e-05	-2.19299	4.85138	-0.391595
0.0671141	14.9	2.89512e-05	-2.19299	4.88416	-0.391595
0.0666667	15	2.69351e-05	-2.19299	4.91693	-0.391595
0.0662252	15.1	2.50613e-05	-2.19299	4.94971	-0.391595
0.0657895	15.2	2.33184e-05	-2.19299	4.98249	-0.391595
0.0653595	15.3	2.16986e-05	-2.19299	5.01527	-0.391596
0.0649351	15.4	2.01934e-05	-2.19299	5.04805	-0.391596
0.0645161	15.5	1.8794e-05	-2.19299	5.08083	-0.391596
0.0641026	15.6	1.74938e-05	-2.19299	5.11361	-0.391596
0.0636943	15.7	1.6285e-05	-2.19299	5.14639	-0.391596
0.0632911	15.8	1.51623e-05	-2.19299	5.17917	-0.391596
0.0628931	15.9	1.4119e-05	-2.19299	5.21195	-0.391596
0.0625	16	1.31496e-05	-2.19299	5.24473	-0.391596
0.0621118	16.1	1.22487e-05	-2.19299	5.27751	-0.391596
0.0617284	16.2	1.14123e-05	-2.19299	5.31029	-0.391596
0.0613497	16.3	1.06351e-05	-2.19299	5.34307	-0.391597
0.0609756	16.4	9.91365e-06	-2.19299	5.37585	-0.391597
0.0606061	16.5	9.24361e-06	-2.19299	5.40863	-0.391597
0.060241	16.6	8.62097e-06	-2.19299	5.44141	-0.391597
0.0598802	16.7	8.04281e-06	-2.19299	5.47419	-0.391597
0.0595238	16.8	7.50658e-06	-2.19299	5.50697	-0.391597
0.0591716	16.9	7.00844e-06	-2.19299	5.53975	-0.391597
0.0588235	17	6.54644e-06	-2.19299	5.57253	-0.391597
0.0584795	17.1	6.11724e-06	-2.19299	5.60531	-0.391597
0.0581395	17.2	5.71909e-06	-2.19299	5.63809	-0.391597
0.0578035	17.3	5.34946e-06	-2.19299	5.67087	-0.391597
0.0574713	17.4	5.00649e-06	-2.19299	5.70365	-0.391597
0.0571429	17.5	4.68882e-06	-2.19299	5.73643	-0.391597
0.0568182	17.6	4.39356e-06	-2.19299	5.76921	-0.391597
0.0564972	17.7	4.12036e-06	-2.19299	5.80199	-0.391597
0.0561798	17.8	3.86664e-06	-2.19299	5.83477	-0.391597
0.0558659	17.9	3.63141e-06	-2.19299	5.86755	-0.391597
0.0555556	18	3.41351e-06	-2.19299	5.90033	-0.391597
0.0552486	18.1	3.21219e-06	-2.19299	5.9331	-0.391597
0.0549451	18.2	3.0257e-06	-2.19299	5.96588	-0.391597
0.0546448	18.3	2.85213e-06	-2.19299	5.99866	-0.391597
0.0543478	18.4	2.69142e-06	-2.19299	6.03144	-0.391597
0.0540541	18.5	2.5431e-06	-2.19299	6.06422	-0.391597
0.0537634	18.6	2.40571e-06	-2.19299	6.097	-0.391597
0.0534759	18.7	2.27862e-06	-2.19299	6.12978	-0.391597
0.0531915	18.8	2.16091e-06	-2.19299	6.16256	-0.391597
0.0529101	18.9	2.05203e-06	-2.19299	6.19534	-0.391597
0.0526316	19	1.95216e-06	-2.19299	6.22812	-0.391597
0.052356	19.1	1.85922e-06	-2.19299	6.2609	-0.391597
0.0520833	19.2	1.77372e-06	-2.19299	6.29368	-0.391597
0.0518135	19.3	1.69457e-06	-2.19299	6.32646	-0.391597
0.0515464	19.4	1.62133e-06	-2.19299	6.35924	-0.391597
0.0512821	19.5	1.5543e-06	-2.19299	6.39202	-0.391597
0.0510204	19.6	1.49242e-06	-2.19299	6.4248	-0.391597
0.0507614	19.7	1.4354e-06	-2.19299	6.45758	-0.391597
0.0505051	19.8	1.38248e-06	-2.19299	6.49036	-0.391597
0.0502513	19.9	1.33433e-06	-2.19299	6.52314	-0.391597
0.05	20	1.29009e-06	-2.19299	6.55592	-0.391597
0.0497512	20.1	1.24959e-06	-2.19299	6.5887	-0.391597
0.049505	20.2	1.2121e-06	-2.19299	6.62148	-0.391597
0.0492611	20.3	1.17828e-06	-2.19299	6.65426	-0.391597
0.0490196	20.4	1.1473e-06	-2.19299	6.68703	-0.391597
0.0487805	20.5	1.1188e-06	-2.19299	6.71981	-0.391597
0.0485437	20.6	1.09238e-06	-2.19299	6.75259	-0.391597
0.0483092	20.7	1.06934e-06	-2.19299	6.78537	-0.391597
0.0480769	20.8	1.0474e-06	-2.19299	6.81815	-0.391597
0.0478469	20.9	1.02871e-06	-2.19299	6.85093	-0.391597
0.047619	21	1.01095e-06	-2.19299	6.88371	-0.391597
0.0473934	21.1	9.95432e-07	-2.19299	6.91649	-0.391597
0.0471698	21.2	9.81556e-07	-2.19299	6.94927	-0.391597
0.0469484	21.3	9.69078e-07	-2.19299	6.98205	-0.391597
0.046729	21.4	9.57546e-07	-2.19299	7.01483	-0.391597
0.0465116	21.5	9.47294e-07	-2.19299	7.04761	-0.391597
0.0462963	21.6	9.39203e-07	-2.19299	7.08039	-0.391597
0.0460829	21.7	9.31741e-07	-2.19299	7.11317	-0.391597
0.0458716	21.8	9.25346e-07	-2.19299	7.14595	-0.391597
0.0456621	21.9	9.19774e-07	-2.19299	7.17873	-0.391597
0.0454545	22	9.15612e-07	-2.19299	7.21151	-0.391597
0.0452489	22.1	9.12436e-07	-2.19299	7.24429	-0.391597
0.045045	22.2	9.08298e-07	-2.19299	7.27707	-0.391597
0.044843	22.3	9.07074e-07	-2.19299	7.30985	-0.391597
0.0446429	22.4	9.05226e-07	-2.19299	7.34263	-0.391597
0.0444444	22.5	9.04786e-07	-2.19299	7.37541	-0.391597
0.0442478	22.6	9.04223e-07	-2.19299	7.40818	-0.391597
0.0440529	22.7	9.04672e-07	-2.19299	7.44096	-0.391597
0.0438596	22.8	9.05868e-07	-2.19299	7.47374	-0.391597
0.0436681	22.9	9.07035e-07	-2.19299	7.50652	-0.391597
0.0434783	23	9.07787e-07	-2.19299	7.5393	-0.391597
0.04329	23.1	9.11645e-07	-2.19299	7.57208	-0.391597
0.0431034	23.2	9.12417e-07	-2.19299	7.60486	-0.391597
0.0429185	23.3	9.15848e-07	-2.19299	7.63764	-0.391597
0.042735	23.4	9.18772e-07	-2.19299	7.67042	-0.391597
0.0425532	23.5	9.22162e-07	-2.19299	7.7032	-0.391597
0.0423729	23.6	9.26113e-07	-2.19299	7.73598	-0.391597
0.0421941	23.7	9.30041e-07	-2.19299	7.76876	-0.391597
0.0420168	23.8	9.33378e-07	-2.19299	7.80154	-0.391597
0.041841	23.9	9.38345e-07	-2.19299	7.83432	-0.391597
0.0416667	24	9.4219e-07	-2.19299	7.8671	-0.391597
0.0414938	24.1	9.47177e-07	-2.19299	7.89988	-0.391597
0.0413223	24.2	9.51984e-07	-2.19299	7.93266	-0.391597
0.0411523	24.3	9.55642e-07	-2.19299	7.96544	-0.391597
0.0409836	24.4	9.60909e-07	-2.19299	7.99822	-0.391597
0.0408163	24.5	9.65285e-07	-2.19299	8.031	-0.391597
0.0406504	24.6	9.7028e-07	-2.19299	8.06378	-0.391597
0.0404858	24.7	9.75293e-07	-2.19299	8.09656	-0.391597
0.0403226	24.8	9.80416e-07	-2.19299	8.12933	-0.391597
0.0401606	24.9	9.85971e-07	-2.19299	8.16211	-0.391597
0.04	25	9.9074e-07	-2.19299	8.19489	-0.391597
0.0398406	25.1	9.96966e-07	-2.19299	8.22767	-0.391597
0.0396825	25.2	1.00271e-06	-2.19299	8.26045	-0.391597
0.0395257	25.3	1.00741e-06	-2.19299	8.29323	-0.391597
0.0393701	25.4	1.01329e-06	-2.19299	8.32601	-0.391597
0.0392157	25.5	1.01932e-06	-2.19299	8.35879	-0.391597
0.0390625	25.6	1.0263e-06	-2.19299	8.39157	-0.391597
0.0389105	25.7	1.03231e-06	-2.19299	8.42435	-0.391597
0.0387597	25.8	1.03798e-06	-2.19299	8.45713	-0.391597
0.03861	25.9	1.04529e-06	-2.19299	8.48991	-0.391597
0.0384615	26	1.05139e-06	-2.19299	8.52269	-0.391597
0.0383142	26.1	1.05792e-06	-2.19299	8.55547	-0.391597
0.0381679	26.2	1.06477e-06	-2.19299	8.58825	-0.391597
0.0380228	26.3	1.07324e-06	-2.19299	8.62103	-0.391597
0.0378788	26.4	1.07995e-06	-2.19299	8.65381	-0.391597
0.0377358	26.5	1.08689e-06	-2.19299	8.68659	-0.391597
0.037594	26.6	1.09385e-06	-2.19299	8.71937	-0.391597
0.0374532	26.7	1.10243e-06	-2.19299	8.75215	-0.391597
0.0373134	26.8	1.10903e-06	-2.19299	8.78493	-0.391597
0.0371747	26.9	1.11586e-06	-2.19299	8.8177	-0.391597
0.037037	27	1.12373e-06	-2.19299	8.85048	-0.391597
0.0369004	27.1	1.13079e-06	-2.19299	8.88326	-0.391597
0.0367647	27.2	1.13958e-06	-2.19299	8.91604	-0.391597
0.03663	27.3	1.14643e-06	-2.19299	8.94882	-0.391597
0.0364964	27.4	1.15473e-06	-2.19299	8.9816	-0.391597
0.0363636	27.5	1.16187e-06	-2.19299	9.01438	-0.391597
0.0362319	27.6	1.16988e-06	-2.19299	9.04716	-0.391597
0.0361011	27.7	1.17851e-06	-2.19299	9.07994	-0.391597
0.0359712	27.8	1.18614e-06	-2.19299	9.11272	-0.391597
0.0358423	27.9	1.19362e-06	-2.19299	9.1455	-0.391597
0.0357143	28	1.20095e-06	-2.19299	9.17828	-0.391597
0.0355872	28.1	1.21019e-06	-2.19299	9.21106	-0.391597
0.035461	28.2	1.21735e-06	-2.19299	9.24384	-0.391597
0.0353357	28.3	1.22638e-06	-2.19299	9.27662	-0.391597
0.0352113	28.4	1.23559e-06	-2.19299	9.3094	-0.391597
0.0350877	28.5	1.24299e-06	-2.19299	9.34218	-0.391597
0.034965	28.6	1.25044e-06	-2.19299	9.37496	-0.391597
0.0348432	28.7	1.25982e-06	-2.19299	9.40774	-0.391597
0.0347222	28.8	1.2665e-06	-2.19299	9.44052	-0.391597
0.0346021	28.9	1.27691e-06	-2.19299	9.4733	-0.391597
0.0344828	29	1.28435e-06	-2.19299	9.50608	-0.391597
0.0343643	29.1	1.2917e-06	-2.19299	9.53885	-0.391597
0.0342466	29.2	1.3015e-06	-2.19299	9.57163	-0.391597
0.0341297	29.3	1.30865e-06	-2.19299	9.60441	-0.391597
0.0340136	29.4	1.31784e-06	-2.19299	9.63719	-0.391597
0.0338983	29.5	1.32581e-06	-2.19299	9.66997	-0.391597
0.0337838	29.6	1.33422e-06	-2.19299	9.70275	-0.391597
0.03367	29.7	1.34153e-06	-2.19299	9.73553	-0.391597
0.033557	29.8	1.35294e-06	-2.19299	9.76831	-0.391597
0.0334448	29.9	1.36012e-06	-2.19299	9.80109	-0.391597
0.0333333	30	1.36879e-06	-2.19299	9.83387	-0.391597
0.0332226	30.1	1.37567e-06	-2.19299	9.86665	-0.391597
0.0331126	30.2	1.3839e-06	-2.19299	9.89943	-0.391597
0.0330033	30.3	1.39323e-06	-2.19299	9.93221	-0.391597
0.0328947	30.4	1.3985e-06	-2.19299	9.96499	-0.391597
0.0327869	30.5	1.40758e-06	-2.19299	9.99777	-0.391597
0.0326797	30.6	1.4167e-06	-2.19299	10.0305	-0.391597
0.0325733	30.7	1.42442e-06	-2.19299	10.0633	-0.391597
0.0324675	30.8	1.43207e-06	-2.19299	10.0961	-0.391597
0.0323625	30.9	1.44225e-06	-2.19299	10.1289	-0.391597
0.0322581	31	1.44943e-06	-2.19299	10.1617	-0.391597
0.0321543	31.1	1.45758e-06	-2.19299	10.1944	-0.391597
0.0320513	31.2	1.46733e-06	-2.19299	10.2272	-0.391597
0.0319489	31.3	1.47456e-06	-2.19299	10.26	-0.391597
0.0318471	31.4	1.48401e-06	-2.19299	10.2928	-0.391597
0.031746	31.5	1.4931e-06	-2.19299	10.3256	-0.391597
0.0316456	31.6	1.50214e-06	-2.19299	10.3583	-0.391597
0.0315457	31.7	1.51051e-06	-2.19299	10.3911	-0.391597
0.0314465	31.8	1.51886e-06	-2.19299	10.4239	-0.391597
0.031348	31.9	1.52873e-06	-2.19299	10.4567	-0.391597
0.03125	32	1.53626e-06	-2.19299	10.4895	-0.391597
0.0311526	32.1	1.54643e-06	-2.19299	10.5222	-0.391597
0.0310559	32.2	1.55631e-06	-2.19299	10.555	-0.391597
0.0309598	32.3	1.56417e-06	-2.19299	10.5878	-0.391597
0.0308642	32.4	1.57328e-06	-2.19299	10.6206	-0.391597
0.0307692	32.5	1.58332e-06	-2.19299	10.6534	-0.391597
0.0306748	32.6	1.59212e-06	-2.19299	10.6861	-0.391597
0.030581	32.7	1.60186e-06	-2.19299	10.7189	-0.391597
0.0304878	32.8	1.61087e-06	-2.19299	10.7517	-0.391597
0.0303951	32.9	1.62007e-06	-2.19299	10.7845	-0.391597
0.030303	33	1.62989e-06	-2.19299	10.8173	-0.391597
0.0302115	33.1	1.63823e-06	-2.19299	10.85	-0.391597
0.0301205	33.2	1.64824e-06	-2.19299	10.8828	-0.391597
0.03003	33.3	1.65768e-06	-2.19299	10.9156	-0.391597
0.0299401	33.4	1.66728e-06	-2.19299	10.9484	-0.391597
0.0298507	33.5	1.67538e-06	-2.19299	10.9812	-0.391597
0.0297619	33.6	1.68569e-06	-2.19299	11.0139	-0.391597
0.0296736	33.7	1.6933e-06	-2.19299	11.0467	-0.391597
0.0295858	33.8	1.70212e-06	-2.19299	11.0795	-0.391597
0.0294985	33.9	1.71397e-06	-2.19299	11.1123	-0.391597
0.0294118	34	1.72258e-06	-2.19299	11.1451	-0.391597
0.0293255	34.1	1.73046e-06	-2.19299	11.1778	-0.391597
0.0292398	34.2	1.74074e-06	-2.19299	11.2106	-0.391597
0.0291545	34.3	1.75059e-06	-2.19299	11.2434	-0.391597
0.0290698	34.4	1.75991e-06	-2.19299	11.2762	-0.391597
0.0289855	34.5	1.76786e-06	-2.19299	11.309	-0.391597
0.0289017	34.6	1.77969e-06	-2.19299	11.3417	-0.391597
0.0288184	34.7	1.78778e-06	-2.19299	11.3745	-0.391597
0.0287356	34.8	1.79797e-06	-2.19299	11.4073	-0.391597
0.0286533	34.9	1.80691e-06	-2.19299	11.4401	-0.391597
0.0285714	35	1.81606e-06	-2.19299	11.4729	-0.391597
0.02849	35.1	1.82554e-06	-2.19299	11.5056	-0.391597
0.0284091	35.2	1.83373e-06	-2.19299	11.5384	-0.391597
0.0283286	35.3	1.84277e-06	-2.19299	11.5712	-0.391597
0.0282486	35.4	1.85356e-06	-2.19299	11.604	-0.391597
0.028169	35.5	1.86321e-06	-2.19299	11.6367	-0.391597
0.0280899	35.6	1.87106e-06	-2.19299	11.6695	-0.391597
0.0280112	35.7	1.88024e-06	-2.19299	11.7023	-0.391597
0.027933	35.8	1.88994e-06	-2.19299	11.7351	-0.391597
0.0278552	35.9	1.89974e-06	-2.19299	11.7679	-0.391597
0.0277778	36	1.90791e-06	-2.19299	11.8006	-0.391597
0.0277008	36.1	1.9159e-06	-2.19299	11.8334	-0.391597
0.0276243	36.2	1.92605e-06	-2.19299	11.8662	-0.391597
0.0275482	36.3	1.93619e-06	-2.19299	11.899	-0.391597
0.0274725	36.4	1.94306e-06	-2.19299	11.9318	-0.391597
0.0273973	36.5	1.95375e-06	-2.19299	11.9645	-0.391597
0.0273224	36.6	1.96202e-06	-2.19299	11.9973	-0.391597
0.027248	36.7	1.97213e-06	-2.19299	12.0301	-0.391597
0.0271739	36.8	1.97917e-06	-2.19299	12.0629	-0.391597
0.0271003	36.9	1.98872e-06	-2.19299	12.0957	-0.391597
0.027027	37	1.99791e-06	-2.19299	12.1284	-0.391597
0.0269542	37.1	2.006e-06	-2.19299	12.1612	-0.391597
0.0268817	37.2	2.01406e-06	-2.19299	12.194	-0.391597
0.0268097	37.3	2.024e-06	-2.19299	12.2268	-0.391597
0.026738	37.4	2.03111e-06	-2.19299	12.2596	-0.391597
0.0266667	37.5	2.04301e-06	-2.19299	12.2923	-0.391597
0.0265957	37.6	2.04968e-06	-2.19299	12.3251	-0.391597
0.0265252	37.7	2.0591e-06	-2.19299	12.3579	-0.391597
0.026455	37.8	2.06835e-06	-2.19299	12.3907	-0.391597
0.0263852	37.9	2.07852e-06	-2.19299	12.4235	-0.391597
0.0263158	38	2.08632e-06	-2.19299	12.4562	-0.391597
0.0262467	38.1	2.0969e-06	-2.19299	12.489	-0.391597
0.026178	38.2	2.10589e-06	-2.19299	12.5218	-0.391597
0.0261097	38.3	2.1168e-06	-2.19299	12.5546	-0.391597
0.0260417	38.4	2.12549e-06	-2.19299	12.5874	-0.391597
0.025974	38.5	2.13515e-06	-2.19299	12.6201	-0.391597
0.0259067	38.6	2.1449e-06	-2.19299	12.6529	-0.391597
0.0258398	38.7	2.15525e-06	-2.19299	12.6857	-0.391597
0.0257732	38.8	2.16599e-06	-2.19299	12.7185	-0.391597
0.0257069	38.9	2.17629e-06	-2.19299	12.7513	-0.391597
0.025641	39	2.18435e-06	-2.19299	12.784	-0.391597
0.0255754	39.1	2.19601e-06	-2.19299	12.8168	-0.391597
0.0255102	39.2	2.2062e-06	-2.19299	12.8496	-0.391597
0.0254453	39.3	2.2139e-06	-2.19299	12.8824	-0.391597
0.0253807	39.4	2.2229e-06	-2.19299	12.9152	-0.391597
0.0253165	39.5	2.23511e-06	-2.19299	12.9479	-0.391597
0.0252525	39.6	2.24303e-06	-2.19299	12.9807	-0.391597
0.0251889	39.7	2.24929e-06	-2.19299	13.0135	-0.391597
0.0251256	39.8	2.25863e-06	-2.19299	13.0463	-0.391597
0.0250627	39.9	2.26749e-06	-2.19299	13.079	-0.391597
0.025	40	2.27715e-06	-2.19299	13.1118	-0.391597
0.0249377	40.1	2.28435e-06	-2.19299	13.1446	-0.391597
0.0248756	40.2	2.29073e-06	-2.19299	13.1774	-0.391597
0.0248139	40.3	2.29751e-06	-2.19299	13.2102	-0.391597
0.0247525	40.4	2.30456e-06	-2.19299	13.2429	-0.391597
0.0246914	40.5	2.31159e-06	-2.19299	13.2757	-0.391597
0.0246305	40.6	2.31818e-06	-2.19299	13.3085	-0.391597
0.02457	40.7	2.32433e-06	-2.19299	13.3413	-0.391597
0.0245098	40.8	2.33213e-06	-2.19299	13.3741	-0.391597
0.0244499	40.9	2.34056e-06	-2.19299	13.4068	-0.391597
0.0243902	41	2.34814e-06	-2.19299	13.4396	-0.391597
0.0243309	41.1	2.35483e-06	-2.19299	13.4724	-0.391597
0.0242718	41.2	2.36227e-06	-2.19299	13.5052	-0.391597
0.0242131	41.3	2.37206e-06	-2.19299	13.538	-0.391597
0.0241546	41.4	2.38113e-06	-2.19299	13.5707	-0.391597
0.0240964	41.5	2.38923e-06	-2.19299	13.6035	-0.391597
0.0240385	41.6	2.39918e-06	-2.19299	13.6363	-0.391597
0.0239808	41.7	2.40653e-06	-2.19299	13.6691	-0.391597
0.0239234	41.8	2.41541e-06	-2.19299	13.7019	-0.391597
0.0238663	41.9	2.42555e-06	-2.19299	13.7346	-0.391597
0.0238095	42	2.43441e-06	-2.19299	13.7674	-0.391597
0.023753	42.1	2.44387e-06	-2.19299	13.8002	-0.391597
0.0236967	42.2	2.45291e-06	-2.19299	13.833	-0.391597
0.0236407	42.3	2.46014e-06	-2.19299	13.8657	-0.391597
0.0235849	42.4	2.47019e-06	-2.19299	13.8985	-0.391597
0.0235294	42.5	2.47555e-06	-2.19299	13.9313	-0.391597
0.0234742	42.6	2.48102e-06	-2.19299	13.9641	-0.391597
0.0234192	42.7	2.49134e-06	-2.19299	13.9969	-0.391597
0.0233645	42.8	2.49824e-06	-2.19299	14.0296	-0.391597
0.02331	42.9	2.50945e-06	-2.19299	14.0624	-0.391597
0.0232558	43	2.51618e-06	-2.19299	14.0952	-0.391597
0.0232019	43.1	2.52582e-06	-2.19299	14.128	-0.391597
0.0231481	43.2	2.53742e-06	-2.19299	14.1608	-0.391597
0.0230947	43.3	2.54561e-06	-2.19299	14.1935	-0.391597
0.0230415	43.4	2.55911e-06	-2.19299	14.2263	-0.391597
0.0229885	43.5	2.56576e-06	-2.19299	14.2591	-0.391597
0.0229358	43.6	2.57591e-06	-2.19299	14.2919	-0.391597
0.0228833	43.7	2.58629e-06	-2.19299	14.3247	-0.391597
0.0228311	43.8	2.59555e-06	-2.19299	14.3574	-0.391597
0.022779	43.9	2.60561e-06	-2.19299	14.3902	-0.391597
0.0227273	44	2.61674e-06	-2.19299	14.423	-0.391597
0.0226757	44.1	2.62419e-06	-2.19299	14.4558	-0.391597
0.0226244	44.2	2.63518e-06	-2.19299	14.4886	-0.391597
0.0225734	44.3	2.64743e-06	-2.19299	14.5213	-0.391597
0.0225225	44.4	2.65672e-06	-2.19299	14.5541	-0.391597
0.0224719	44.5	2.66597e-06	-2.19299	14.5869	-0.391597
0.0224215	44.6	2.67583e-06	-2.19299	14.6197	-0.391597
0.0223714	44.7	2.68933e-06	-2.19299	14.6525	-0.391597
0.0223214	44.8	2.69648e-06	-2.19299	14.6852	-0.391597
0.0222717	44.9	2.70697e-06	-2.19299	14.718	-0.391597
0.0222222	45	2.71641e-06	-2.19299	14.7508	-0.391597
0.0221729	45.1	2.72825e-06	-2.19299	14.7836	-0.391597
0.0221239	45.2	2.73887e-06	-2.19299	14.8164	-0.391597
0.0220751	45.3	2.75057e-06	-2.19299	14.8491	-0.391597
0.0220264	45.4	2.76131e-06	-2.19299	14.8819	-0.391597
0.021978	45.5	2.7723e-06	-2.19299	14.9147	-0.391597
0.0219298	45.6	2.78305e-06	-2.19299	14.9475	-0.391597
0.0218818	45.7	2.79322e-06	-2.19299	14.9803	-0.391597
0.0218341	45.8	2.80405e-06	-2.19299	15.013	-0.391597
0.0217865	45.9	2.81687e-06	-2.19299	15.0458	-0.391597
0.0217391	46	2.82837e-06	-2.19299	15.0786	-0.391597
0.021692	46.1	2.83814e-06	-2.19299	15.1114	-0.391597
0.021645	46.2	2.85126e-06	-2.19299	15.1442	-0.391597
0.0215983	46.3	2.86033e-06	-2.19299	15.1769	-0.391597
0.0215517	46.4	2.87123e-06	-2.19299	15.2097	-0.391597
0.0215054	46.5	2.88343e-06	-2.19299	15.2425	-0.391597
0.0214592	46.6	2.89684e-06	-2.19299	15.2753	-0.391597
0.0214133	46.7	2.90632e-06	-2.19299	15.3081	-0.391597
0.0213675	46.8	2.91906e-06	-2.19299	15.3408	-0.391597
0.021322	46.9	2.92846e-06	-2.19299	15.3736	-0.391597
0.0212766	47	2.94173e-06	-2.19299	15.4064	-0.391597
0.0212314	47.1	2.95333e-06	-2.19299	15.4392	-0.391597
0.0211864	47.2	2.96552e-06	-2.19299	15.4719	-0.391597
0.0211416	47.3	2.97554e-06	-2.19299	15.5047	-0.391597
0.021097	47.4	2.98697e-06	-2.19299	15.5375	-0.391597
0.0210526	47.5	2.99945e-06	-2.19299	15.5703	-0.391597
0.0210084	47.6	3.01256e-06	-2.19299	15.6031	-0.391597
0.0209644	47.7	3.02463e-06	-2.19299	15.6358	-0.391597
0.0209205	47.8	3.03592e-06	-2.19299	15.6686	-0.391597
0.0208768	47.9	3.04764e-06	-2.19299	15.7014	-0.391597
0.0208333	48	3.06067e-06	-2.19299	15.7342	-0.391597
0.02079	48.1	3.07249e-06	-2.19299	15.767	-0.391597
0.0207469	48.2	3.08503e-06	-2.19299	15.7997	-0.391597
0.0207039	48.3	3.09661e-06	-2.19299	15.8325	-0.391597
0.0206612	48.4	3.11204e-06	-2.19299	15.8653	-0.391597
0.0206186	48.5	3.12373e-06	-2.19299	15.8981	-0.391597
0.0205761	48.6	3.13418e-06	-2.19299	15.9309	-0.391597
0.0205339	48.7	3.14744e-06	-2.19299	15.9636	-0.391597
0.0204918	48.8	3.15764e-06	-2.19299	15.9964	-0.391597
0.0204499	48.9	3.17019e-06	-2.19299	16.0292	-0.391597
0.0204082	49	3.18053e-06	-2.19299	16.062	-0.391597
0.0203666	49.1	3.19541e-06	-2.19299	16.0948	-0.391597
0.0203252	49.2	3.20483e-06	-2.19299	16.1275	-0.391597
0.020284	49.3	3.21943e-06	-2.19299	16.1603	-0.391597
0.0202429	49.4	3.23153e-06	-2.19299	16.1931	-0.391597
0.020202	49.5	3.24264e-06	-2.19299	16.2259	-0.391597
0.0201613	49.6	3.25503e-06	-2.19299	16.2587	-0.391597
0.0201207	49.7	3.27078e-06	-2.19299	16.2914	-0.391597
0.0200803	49.8	3.28311e-06	-2.19299	16.3242	-0.391597
0.0200401	49.9	3.29387e-06	-2.19299	16.357	-0.391597
0.02	50	3.30774e-06	-2.19299	16.3898	-0.391597
0.0199601	50.1	3.31983e-06	-2.19299	16.4226	-0.391597
0.0199203	50.2	3.33654e-06	-2.19299	16.4553	-0.391597
0.0198807	50.3	3.34792e-06	-2.19299	16.4881	-0.391597
0.0198413	50.4	3.35632e-06	-2.19299	16.5209	-0.391597
0.019802	50.5	3.3702e-06	-2.19299	16.5537	-0.391597
0.0197628	50.6	3.38229e-06	-2.19299	16.5865	-0.391597
0.0197239	50.7	3.39582e-06	-2.19299	16.6192	-0.391597
0.019685	50.8	3.40921e-06	-2.19299	16.652	-0.391597
0.0196464	50.9	3.42113e-06	-2.19299	16.6848	-0.391597
0.0196078	51	3.43466e-06	-2.19299	16.7176	-0.391597
0.0195695	51.1	3.44656e-06	-2.19299	16.7504	-0.391597
0.0195312	51.2	3.45821e-06	-2.19299	16.7831	-0.391597
0.0194932	51.3	3.47263e-06	-2.19299	16.8159	-0.391597
0.0194553	51.4	3.48399e-06	-2.19299	16.8487	-0.391597
0.0194175	51.5	3.4972e-06	-2.19299	16.8815	-0.391597
0.0193798	51.6	3.50801e-06	-2.19299	16.9142	-0.391597
0.0193424	51.7	3.52223e-06	-2.19299	16.947	-0.391597
0.019305	51.8	3.53457e-06	-2.19299	16.9798	-0.391597
0.0192678	51.9	3.54635e-06	-2.19299	17.0126	-0.391597
0.0192308	52	3.56196e-06	-2.19299	17.0454	-0.391597
0.0191939	52.1	3.57445e-06	-2.19299	17.0781	-0.391597
0.0191571	52.2	3.58604e-06	-2.19299	17.1109	-0.391597
0.0191205	52.3	3.60097e-06	-2.19299	17.1437	-0.391597
0.019084	52.4	3.61212e-06	-2.19299	17.1765	-0.391597
0.0190476	52.5	3.6278e-06	-2.19299	17.2093	-0.391597
0.0190114	52.6	3.63981e-06	-2.19299	17.242	-0.391597
0.0189753	52.7	3.65427e-06	-2.19299	17.2748	-0.391597
0.0189394	52.8	3.66746e-06	-2.19299	17.3076	-0.391597
0.0189036	52.9	3.68027e-06	-2.19299	17.3404	-0.391597
0.0188679	53	3.6934e-06	-2.19299	17.3732	-0.391597
0.0188324	53.1	3.70804e-06	-2.19299	17.4059	-0.391597
0.018797	53.2	3.72043e-06	-2.19299	17.4387	-0.391597
0.0187617	53.3	3.73554e-06	-2.19299	17.4715	-0.391597
0.0187266	53.4	3.7479e-06	-2.19299	17.5043	-0.391597
0.0186916	53.5	3.76291e-06	-2.19299	17.5371	-0.391597
0.0186567	53.6	3.77291e-06	-2.19299	17.5698	-0.391597
0.018622	53.7	3.78453e-06	-2.19299	17.6026	-0.391597
0.0185874	53.8	3.80052e-06	-2.19299	17.6354	-0.391597
0.0185529	53.9	3.81364e-06	-2.19299	17.6682	-0.391597
0.0185185	54	3.8274e-06	-2.19299	17.701	-0.391597
0.0184843	54.1	3.84179e-06	-2.19299	17.7337	-0.391597
0.0184502	54.2	3.85431e-06	-2.19299	17.7665	-0.391597
0.0184162	54.3	3.86697e-06	-2.19299	17.7993	-0.391597
0.0183824	54.4	3.88326e-06	-2.19299	17.8321	-0.391597
0.0183486	54.5	3.89731e-06	-2.19299	17.8649	-0.391597
0.018315	54.6	3.91074e-06	-2.19299	17.8976	-0.391597
0.0182815	54.7	3.92384e-06	-2.19299	17.9304	-0.391597
0.0182482	54.8	3.94037e-06	-2.19299	17.9632	-0.391597
0.0182149	54.9	3.94908e-06	-2.19299	17.996	-0.391597
0.0181818	55	3.96314e-06	-2.19299	18.0288	-0.391597
0.0181488	55.1	3.97752e-06	-2.19299	18.0615	-0.391597
0.0181159	55.2	3.9931e-06	-2.19299	18.0943	-0.391597
0.0180832	55.3	4.00669e-06	-2.19299	18.1271	-0.391597
0.0180505	55.4	4.01788e-06	-2.19299	18.1599	-0.391597
0.018018	55.5	4.03335e-06	-2.19299	18.1927	-0.391597
0.0179856	55.6	4.04724e-06	-2.19299	18.2254	-0.391597
0.0179533	55.7	4.06073e-06	-2.19299	18.2582	-0.391597
0.0179211	55.8	4.07619e-06	-2.19299	18.291	-0.391597
0.0178891	55.9	4.0862e-06	-2.19299	18.3238	-0.391597
0.0178571	56	4.10296e-06	-2.19299	18.3566	-0.391597
0.0178253	56.1	4.11905e-06	-2.19299	18.3893	-0.391597
0.0177936	56.2	4.13058e-06	-2.19299	18.4221	-0.391597
0.017762	56.3	4.14561e-06	-2.19299	18.4549	-0.391597
0.0177305	56.4	4.16034e-06	-2.19299	18.4877	-0.391597
0.0176991	56.5	4.17524e-06	-2.19299	18.5204	-0.391597
0.0176678	56.6	4.18865e-06	-2.19299	18.5532	-0.391597
0.0176367	56.7	4.20262e-06	-2.19299	18.586	-0.391597
0.0176056	56.8	4.21707e-06	-2.19299	18.6188	-0.391597
0.0175747	56.9	4.22785e-06	-2.19299	18.6516	-0.391597
0.0175439	57	4.24354e-06	-2.19299	18.6843	-0.391597
0.0175131	57.1	4.25763e-06	-2.19299	18.7171	-0.391597
0.0174825	57.2	4.27203e-06	-2.19299	18.7499	-0.391597
0.017452	57.3	4.28774e-06	-2.19299	18.7827	-0.391597
0.0174216	57.4	4.302e-06	-2.19299	18.8155	-0.391597
0.0173913	57.5	4.31502e-06	-2.19299	18.8482	-0.391597
0.0173611	57.6	4.33011e-06	-2.19299	18.881	-0.391597
0.017331	57.7	4.34295e-06	-2.19299	18.9138	-0.391597
0.017301	57.8	4.35663e-06	-2.19299	18.9466	-0.391597
0.0172712	57.9	4.37085e-06	-2.19299	18.9794	-0.391597
0.0172414	58	4.38147e-06	-2.19299	19.0121	-0.391597
0.0172117	58.1	4.39814e-06	-2.19299	19.0449	-0.391597
0.0171821	58.2	4.41653e-06	-2.19299	19.0777	-0.391597
0.0171527	58.3	4.42726e-06	-2.19299	19.1105	-0.391597
0.0171233	58.4	4.44422e-06	-2.19299	19.1433	-0.391597
0.017094	58.5	4.45181e-06	-2.19299	19.176	-0.391597
0.0170648	58.6	4.47047e-06	-2.19299	19.2088	-0.391597
0.0170358	58.7	4.48761e-06	-2.19299	19.2416	-0.391597
0.0170068	58.8	4.50171e-06	-2.19299	19.2744	-0.391597
0.0169779	58.9	4.51436e-06	-2.19299	19.3072	-0.391597
0.0169492	59	4.52892e-06	-2.19299	19.3399	-0.391597
0.0169205	59.1	4.54754e-06	-2.19299	19.3727	-0.391597
0.0168919	59.2	4.55865e-06	-2.19299	19.4055	-0.391597
0.0168634	59.3	4.57622e-06	-2.19299	19.4383	-0.391597
0.016835	59.4	4.5902e-06	-2.19299	19.4711	-0.391597
0.0168067	59.5	4.60097e-06	-2.19299	19.5038	-0.391597
0.0167785	59.6	4.61639e-06	-2.19299	19.5366	-0.391597
0.0167504	59.7	4.63424e-06	-2.19299	19.5694	-0.391597
0.0167224	59.8	4.64467e-06	-2.19299	19.6022	-0.391597
0.0166945	59.9	4.65826e-06	-2.19299	19.635	-0.391597
0.0166667	60	4.68017e-06	-2.19299	19.6677	-0.391597
0.0166389	60.1	4.68993e-06	-2.19299	19.7005	-0.391597
0.0166113	60.2	4.70917e-06	-2.19299	19.7333	-0.391597
0.0165837	60.3	4.72209e-06	-2.19299	19.7661	-0.391597
0.0165563	60.4	4.73294e-06	-2.19299	19.7989	-0.391597
0.0165289	60.5	4.75153e-06	-2.19299	19.8316	-0.391597
0.0165017	60.6	4.76594e-06	-2.19299	19.8644	-0.391597
0.0164745	60.7	4.7814e-06	-2.19299	19.8972	-0.391597
0.0164474	60.8	4.79542e-06	-2.19299	19.93	-0.391597
0.0164204	60.9	4.81191e-06	-2.19299	19.9627	-0.391597
0.0163934	61	4.82272e-06	-2.19299	19.9955	-0.391597
0.0163666	61.1	4.84018e-06	-2.19299	20.0283	-0.391597
0.0163399	61.2	4.85357e-06	-2.19299	20.0611	-0.391597
0.0163132	61.3	4.86817e-06	-2.19299	20.0939	-0.391597
0.0162866	61.4	4.88593e-06	-2.19299	20.1266	-0.391597
0.0162602	61.5	4.89809e-06	-2.19299	20.1594	-0.391597
0.0162338	61.6	4.9151e-06	-2.19299	20.1922	-0.391597
0.0162075	61.7	4.92692e-06	-2.19299	20.225	-0.391597
0.0161812	61.8	4.94472e-06	-2.19299	20.2578	-0.391597
0.0161551	61.9	4.96083e-06	-2.19299	20.2905	-0.391597
0.016129	62	4.97371e-06	-2.19299	20.3233	-0.391597
0.0161031	62.1	4.99297e-06	-2.19299	20.3561	-0.391597
0.0160772	62.2	5.00782e-06	-2.19299	20.3889	-0.391597
0.0160514	62.3	5.0215e-06	-2.19299	20.4217	-0.391597
0.0160256	62.4	5.03277e-06	-2.19299	20.4544	-0.391597
0.016	62.5	5.04832e-06	-2.19299	20.4872	-0.391597
0.0159744	62.6	5.06895e-06	-2.19299	20.52	-0.391597
0.015949	62.7	5.08337e-06	-2.19299	20.5528	-0.391597
0.0159236	62.8	5.09641e-06	-2.19299	20.5856	-0.391597
0.0158983	62.9	5.11124e-06	-2.19299	20.6183	-0.391597
0.015873	63	5.12338e-06	-2.19299	20.6511	-0.391597
0.0158479	63.1	5.14295e-06	-2.19299	20.6839	-0.391597
0.0158228	63.2	5.15572e-06	-2.19299	20.7167	-0.391597
0.0157978	63.3	5.16953e-06	-2.19299	20.7495	-0.391597
0.0157729	63.4	5.18599e-06	-2.19299	20.7822	-0.391597
0.015748	63.5	5.20216e-06	-2.19299	20.815	-0.391597
0.0157233	63.6	5.21893e-06	-2.19299	20.8478	-0.391597
0.0156986	63.7	5.23283e-06	-2.19299	20.8806	-0.391597
0.015674	63.8	5.24727e-06	-2.19299	20.9134	-0.391597
0.0156495	63.9	5.26399e-06	-2.19299	20.9461	-0.391597
0.015625	64	5.28116e-06	-2.19299	20.9789	-0.391597
0.0156006	64.1	5.29371e-06	-2.19299	21.0117	-0.391597
0.0155763	64.2	5.31033e-06	-2.19299	21.0445	-0.391597
0.0155521	64.3	5.32719e-06	-2.19299	21.0773	-0.391597
0.015528	64.4	5.34444e-06	-2.19299	21.11	-0.391597
0.0155039	64.5	5.3593e-06	-2.19299	21.1428	-0.391597
0.0154799	64.6	5.37453e-06	-2.19299	21.1756	-0.391597
0.015456	64.7	5.39266e-06	-2.19299	21.2084	-0.391597
0.0154321	64.8	5.40555e-06	-2.19299	21.2412	-0.391597
0.0154083	64.9	5.42184e-06	-2.19299	21.2739	-0.391597
0.0153846	65	5.43584e-06	-2.19299	21.3067	-0.391597
0.015361	65.1	5.4576e-06	-2.19299	21.3395	-0.391597
0.0153374	65.2	5.4738e-06	-2.19299	21.3723	-0.391597
0.0153139	65.3	5.48674e-06	-2.19299	21.405	-0.391597
0.0152905	65.4	5.50009e-06	-2.19299	21.4378	-0.391597
0.0152672	65.5	5.51664e-06	-2.19299	21.4706	-0.391597
0.0152439	65.6	5.53296e-06	-2.19299	21.5034	-0.391597
0.0152207	65.7	5.55137e-06	-2.19299	21.5362	-0.391597
0.0151976	65.8	5.56968e-06	-2.19299	21.5689	-0.391597
0.0151745	65.9	5.58215e-06	-2.19299	21.6017	-0.391597
0.0151515	66	5.59639e-06	-2.19299	21.6345	-0.391597
0.0151286	66.1	5.61053e-06	-2.19299	21.6673	-0.391597
0.0151057	66.2	5.63276e-06	-2.19299	21.7001	-0.391597
0.015083	66.3	5.64628e-06	-2.19299	21.7328	-0.391597
0.0150602	66.4	5.66218e-06	-2.19299	21.7656	-0.391597
0.0150376	66.5	5.67849e-06	-2.19299	21.7984	-0.391597
0.015015	66.6	5.69637e-06	-2.19299	21.8312	-0.391597
0.0149925	66.7	5.71534e-06	-2.19299	21.864	-0.391597
0.0149701	66.8	5.72496e-06	-2.19299	21.8967	-0.391597
0.0149477	66.9	5.74177e-06	-2.19299	21.9295	-0.391597
0.0149254	67	5.75482e-06	-2.19299	21.9623	-0.391597
0.0149031	67.1	5.77485e-06	-2.19299	21.9951	-0.391597
0.014881	67.2	5.78781e-06	-2.19299	22.0279	-0.391597
0.0148588	67.3	5.8038e-06	-2.19299	22.0606	-0.391597
0.0148368	67.4	5.82166e-06	-2.19299	22.0934	-0.391597
0.0148148	67.5	5.83982e-06	-2.19299	22.1262	-0.391597
0.0147929	67.6	5.85192e-06	-2.19299	22.159	-0.391597
0.014771	67.7	5.86754e-06	-2.19299	22.1918	-0.391597
0.0147493	67.8	5.88327e-06	-2.19299	22.2245	-0.391597
0.0147275	67.9	5.9019e-06	-2.19299	22.2573	-0.391597
0.0147059	68	5.92555e-06	-2.19299	22.2901	-0.391597
0.0146843	68.1	5.93507e-06	-2.19299	22.3229	-0.391597
0.0146628	68.2	5.94935e-06	-2.19299	22.3557	-0.391597
0.0146413	68.3	5.96563e-06	-2.19299	22.3884	-0.391597
0.0146199	68.4	5.98649e-06	-2.19299	22.4212	-0.391597
0.0145985	68.5	6.00116e-06	-2.19299	22.454	-0.391597
0.0145773	68.6	6.01748e-06	-2.19299	22.4868	-0.391597
0.014556	68.7	6.03285e-06	-2.19299	22.5196	-0.391597
0.0145349	68.8	6.0494e-06	-2.19299	22.5523	-0.391597
0.0145138	68.9	6.06508e-06	-2.19299	22.5851	-0.391597
0.0144928	69	6.08211e-06	-2.19299	22.6179	-0.391597
0.0144718	69.1	6.09971e-06	-2.19299	22.6507	-0.391597
0.0144509	69.2	6.11671e-06	-2.19299	22.6835	-0.391597
0.01443	69.3	6.13208e-06	-2.19299	22.7162	-0.391597
0.0144092	69.4	6.1494e-06	-2.19299	22.749	-0.391597
0.0143885	69.5	6.16646e-06	-2.19299	22.7818	-0.391597
0.0143678	69.6	6.1848e-06	-2.19299	22.8146	-0.391597
0.0143472	69.7	6.20092e-06	-2.19299	22.8473	-0.391597
0.0143266	69.8	6.21798e-06	-2.19299	22.8801	-0.391597
0.0143062	69.9	6.23419e-06	-2.19299	22.9129	-0.391597
0.0142857	70	6.25143e-06	-2.19299	22.9457	-0.391597
0.0142653	70.1	6.26834e-06	-2.19299	22.9785	-0.391597
0.014245	70.2	6.28279e-06	-2.19299	23.0112	-0.391597
0.0142248	70.3	6.29745e-06	-2.19299	23.044	-0.391597
0.0142045	70.4	6.31449e-06	-2.19299	23.0768	-0.391597
0.0141844	70.5	6.33632e-06	-2.19299	23.1096	-0.391597
0.0141643	70.6	6.3474e-06	-2.19299	23.1424	-0.391597
0.0141443	70.7	6.36706e-06	-2.19299	23.1751	-0.391597
0.0141243	70.8	6.37627e-06	-2.19299	23.2079	-0.391597
0.0141044	70.9	6.40171e-06	-2.19299	23.2407	-0.391597
0.0140845	71	6.41385e-06	-2.19299	23.2735	-0.391597
0.0140647	71.1	6.42881e-06	-2.19299	23.3063	-0.391597
0.0140449	71.2	6.44267e-06	-2.19299	23.339	-0.391597
0.0140252	71.3	6.46084e-06	-2.19299	23.3718	-0.391597
0.0140056	71.4	6.47313e-06	-2.19299	23.4046	-0.391597
0.013986	71.5	6.49699e-06	-2.19299	23.4374	-0.391597
0.0139665	71.6	6.50877e-06	-2.19299	23.4702	-0.391597
0.013947	71.7	6.52908e-06	-2.19299	23.5029	-0.391597
0.0139276	71.8	6.54683e-06	-2.19299	23.5357	-0.391597
0.0139082	71.9	6.56307e-06	-2.19299	23.5685	-0.391597
0.0138889	72	6.5887e-06	-2.19299	23.6013	-0.391597
0.0138696	72.1	6.59747e-06	-2.19299	23.6341	-0.391597
0.0138504	72.2	6.62058e-06	-2.19299	23.6668	-0.391597
0.0138313	72.3	6.62944e-06	-2.19299	23.6996	-0.391597
0.0138122	72.4	6.65123e-06	-2.19299	23.7324	-0.391597
0.0137931	72.5	6.66304e-06	-2.19299	23.7652	-0.391597
0.0137741	72.6	6.68213e-06	-2.19299	23.798	-0.391597
0.0137552	72.7	6.69891e-06	-2.19299	23.8307	-0.391597
0.0137363	72.8	6.71467e-06	-2.19299	23.8635	-0.391597
0.0137174	72.9	6.73562e-06	-2.19299	23.8963	-0.391597
0.0136986	73	6.75307e-06	-2.19299	23.9291	-0.391597
0.0136799	73.1	6.76522e-06	-2.19299	23.9619	-0.391597
0.0136612	73.2	6.78603e-06	-2.19299	23.9946	-0.391597
0.0136426	73.3	6.79963e-06	-2.19299	24.0274	-0.391597
0.013624	73.4	6.81706e-06	-2.19299	24.0602	-0.391597
0.0136054	73.5	6.83047e-06	-2.19299	24.093	-0.391597
0.013587	73.6	6.85181e-06	-2.19299	24.1258	-0.391597
0.0135685	73.7	6.86907e-06	-2.19299	24.1585	-0.391597
0.0135501	73.8	6.88337e-06	-2.19299	24.1913	-0.391597
0.0135318	73.9	6.90349e-06	-2.19299	24.2241	-0.391597
0.0135135	74	6.91776e-06	-2.19299	24.2569	-0.391597
0.0134953	74.1	6.93268e-06	-2.19299	24.2896	-0.391597
0.0134771	74.2	6.95433e-06	-2.19299	24.3224	-0.391597
0.013459	74.3	6.96721e-06	-2.19299	24.3552	-0.391597
0.0134409	74.4	6.98886e-06	-2.19299	24.388	-0.391597
0.0134228	74.5	7.00392e-06	-2.19299	24.4208	-0.391597
0.0134048	74.6	7.01791e-06	-2.19299	24.4535	-0.391597
0.0133869	74.7	7.03112e-06	-2.19299	24.4863	-0.391597
0.013369	74.8	7.05022e-06	-2.19299	24.5191	-0.391597
0.0133511	74.9	7.07447e-06	-2.19299	24.5519	-0.391597
0.0133333	75	7.08792e-06	-2.19299	24.5847	-0.391597
0.0133156	75.1	7.11201e-06	-2.19299	24.6174	-0.391597
0.0132979	75.2	7.13473e-06	-2.19299	24.6502	-0.391597
0.0132802	75.3	7.14836e-06	-2.19299	24.683	-0.391597
0.0132626	75.4	7.1559e-06	-2.19299	24.7158	-0.391597
0.013245	75.5	7.18366e-06	-2.19299	24.7486	-0.391597
0.0132275	75.6	7.19964e-06	-2.19299	24.7813	-0.391597
0.01321	75.7	7.21739e-06	-2.19299	24.8141	-0.391597
0.0131926	75.8	7.23952e-06	-2.19299	24.8469	-0.391597
0.0131752	75.9	7.2542e-06	-2.19299	24.8797	-0.391597
0.0131579	76	7.26928e-06	-2.19299	24.9125	-0.391597
0.0131406	76.1	7.29056e-06	-2.19299	24.9452	-0.391597
0.0131234	76.2	7.31338e-06	-2.19299	24.978	-0.391597
0.0131062	76.3	7.33235e-06	-2.19299	25.0108	-0.391597
0.013089	76.4	7.34982e-06	-2.19299	25.0436	-0.391597
0.0130719	76.5	7.36199e-06	-2.19299	25.0764	-0.391597
0.0130548	76.6	7.38235e-06	-2.19299	25.1091	-0.391597
0.0130378	76.7	7.39825e-06	-2.19299	25.1419	-0.391597
0.0130208	76.8	7.4192e-06	-2.19299	25.1747	-0.391597
0.0130039	76.9	7.4347e-06	-2.19299	25.2075	-0.391597
0.012987	77	7.4506e-06	-2.19299	25.2403	-0.391597
0.0129702	77.1	7.47753e-06	-2.19299	25.273	-0.391597
0.0129534	77.2	7.49527e-06	-2.19299	25.3058	-0.391597
0.0129366	77.3	7.50831e-06	-2.19299	25.3386	-0.391597
0.0129199	77.4	7.52199e-06	-2.19299	25.3714	-0.391597
0.0129032	77.5	7.54238e-06	-2.19299	25.4042	-0.391597
0.0128866	77.6	7.56177e-06	-2.19299	25.4369	-0.391597
0.01287	77.7	7.58162e-06	-2.19299	25.4697	-0.391597
0.0128535	77.8	7.5993e-06	-2.19299	25.5025	-0.391597
0.012837	77.9	7.61878e-06	-2.19299	25.5353	-0.391597
0.0128205	78	7.6322e-06	-2.19299	25.5681	-0.391597
0.0128041	78.1	7.65517e-06	-2.19299	25.6008	-0.391597
0.0127877	78.2	7.6692e-06	-2.19299	25.6336	-0.391597
0.0127714	78.3	7.68861e-06	-2.19299	25.6664	-0.391597
0.0127551	78.4	7.71305e-06	-2.19299	25.6992	-0.391597
0.0127389	78.5	7.72452e-06	-2.19299	25.732	-0.391597
0.0127226	78.6	7.74912e-06	-2.19299	25.7647	-0.391597
0.0127065	78.7	7.7686e-06	-2.19299	25.7975	-0.391597
0.0126904	78.8	7.78139e-06	-2.19299	25.8303	-0.391597
0.0126743	78.9	7.79724e-06	-2.19299	25.8631	-0.391597
0.0126582	79	7.81612e-06	-2.19299	25.8958	-0.391597
0.0126422	79.1	7.83891e-06	-2.19299	25.9286	-0.391597
0.0126263	79.2	7.86135e-06	-2.19299	25.9614	-0.391597
0.0126103	79.3	7.87543e-06	-2.19299	25.9942	-0.391597
0.0125945	79.4	7.89007e-06	-2.19299	26.027	-0.391597
0.0125786	79.5	7.9113e-06	-2.19299	26.0597	-0.391597
0.0125628	79.6	7.93478e-06	-2.19299	26.0925	-0.391597
0.0125471	79.7	7.94341e-06	-2.19299	26.1253	-0.391597
0.0125313	79.8	7.95969e-06	-2.19299	26.1581	-0.391597
0.0125156	79.9	7.98344e-06	-2.19299	26.1909	-0.391597
0.0125	80	8.00447e-06	-2.19299	26.2236	-0.391597
0.0124844	80.1	8.01823e-06	-2.19299	26.2564	-0.391597
0.0124688	80.2	8.03206e-06	-2.19299	26.2892	-0.391597
0.0124533	80.3	8.05037e-06	-2.19299	26.322	-0.391597
0.0124378	80.4	8.06718e-06	-2.19299	26.3548	-0.391597
0.0124224	80.5	8.08916e-06	-2.19299	26.3875	-0.391597
0.0124069	80.6	8.1111e-06	-2.19299	26.4203	-0.391597
0.0123916	80.7	8.12162e-06	-2.19299	26.4531	-0.391597
0.0123762	80.8	8.14147e-06	-2.19299	26.4859	-0.391597
0.0123609	80.9	8.15743e-06	-2.19299	26.5187	-0.391597
0.0123457	81	8.18019e-06	-2.19299	26.5514	-0.391597
0.0123305	81.1	8.19287e-06	-2.19299	26.5842	-0.391597
0.0123153	81.2	8.21766e-06	-2.19299	26.617	-0.391597
0.0123001	81.3	8.22888e-06	-2.19299	26.6498	-0.391597
0.012285	81.4	8.24788e-06	-2.19299	26.6826	-0.391597
0.0122699	81.5	8.26222e-06	-2.19299	26.7153	-0.391597
0.0122549	81.6	8.28209e-06	-2.19299	26.7481	-0.391597
0.0122399	81.7	8.29504e-06	-2.19299	26.7809	-0.391597
0.0122249	81.8	8.31609e-06	-2.19299	26.8137	-0.391597
0.01221	81.9	8.33215e-06	-2.19299	26.8465	-0.391597
0.0121951	82	8.35566e-06	-2.19299	26.8792	-0.391597
0.0121803	82.1	8.36545e-06	-2.19299	26.912	-0.391597
0.0121655	82.2	8.37268e-06	-2.19299	26.9448	-0.391597
0.0121507	82.3	8.39733e-06	-2.19299	26.9776	-0.391597
0.0121359	82.4	8.41384e-06	-2.19299	27.0104	-0.391597
0.0121212	82.5	8.43082e-06	-2.19299	27.0431	-0.391597
0.0121065	82.6	8.45202e-06	-2.19299	27.0759	-0.391597
0.0120919	82.7	8.46771e-06	-2.19299	27.1087	-0.391597
0.0120773	82.8	8.47781e-06	-2.19299	27.1415	-0.391597
0.0120627	82.9	8.49928e-06	-2.19299	27.1743	-0.391597
0.0120482	83	8.52349e-06	-2.19299	27.207	-0.391597
0.0120337	83.1	8.53344e-06	-2.19299	27.2398	-0.391597
0.0120192	83.2	8.55031e-06	-2.19299	27.2726	-0.391597
0.0120048	83.3	8.56843e-06	-2.19299	27.3054	-0.391597
0.0119904	83.4	8.58043e-06	-2.19299	27.3381	-0.391597
0.011976	83.5	8.59768e-06	-2.19299	27.3709	-0.391597
0.0119617	83.6	8.60998e-06	-2.19299	27.4037	-0.391597
0.0119474	83.7	8.63748e-06	-2.19299	27.4365	-0.391597
0.0119332	83.8	8.64805e-06	-2.19299	27.4693	-0.391597
0.011919	83.9	8.6652e-06	-2.19299	27.502	-0.391597
0.0119048	84	8.68101e-06	-2.19299	27.5348	-0.391597
0.0118906	84.1	8.6988e-06	-2.19299	27.5676	-0.391597
0.0118765	84.2	8.72397e-06	-2.19299	27.6004	-0.391597
0.0118624	84.3	8.73505e-06	-2.19299	27.6332	-0.391597
0.0118483	84.4	8.7458e-06	-2.19299	27.6659	-0.391597
0.0118343	84.5	8.76206e-06	-2.19299	27.6987	-0.391597
0.0118203	84.6	8.77989e-06	-2.19299	27.7315	-0.391597
0.0118064	84.7	8.79488e-06	-2.19299	27.7643	-0.391597
0.0117925	84.8	8.8194e-06	-2.19299	27.7971	-0.391597
0.0117786	84.9	8.83224e-06	-2.19299	27.8298	-0.391597
0.0117647	85	8.85178e-06	-2.19299	27.8626	-0.391597
0.0117509	85.1	8.8677e-06	-2.19299	27.8954	-0.391597
0.0117371	85.2	8.88806e-06	-2.19299	27.9282	-0.391597
0.0117233	85.3	8.9007e-06	-2.19299	27.961	-0.391597
0.0117096	85.4	8.92585e-06	-2.19299	27.9937	-0.391597
0.0116959	85.5	8.94491e-06	-2.19299	28.0265	-0.391597
0.0116822	85.6	8.96055e-06	-2.19299	28.0593	-0.391597
0.0116686	85.7	8.98169e-06	-2.19299	28.0921	-0.391597
0.011655	85.8	8.99815e-06	-2.19299	28.1249	-0.391597
0.0116414	85.9	9.02043e-06	-2.19299	28.1576	-0.391597
0.0116279	86	9.02673e-06	-2.19299	28.1904	-0.391597
0.0116144	86.1	9.04751e-06	-2.19299	28.2232	-0.391597
0.0116009	86.2	9.06552e-06	-2.19299	28.256	-0.391597
0.0115875	86.3	9.08734e-06	-2.19299	28.2888	-0.391597
0.0115741	86.4	9.11299e-06	-2.19299	28.3215	-0.391597
0.0115607	86.5	9.12535e-06	-2.19299	28.3543	-0.391597
0.0115473	86.6	9.13906e-06	-2.19299	28.3871	-0.391597
0.011534	86.7	9.15288e-06	-2.19299	28.4199	-0.391597
0.0115207	86.8	9.16665e-06	-2.19299	28.4527	-0.391597
0.0115075	86.9	9.18543e-06	-2.19299	28.4854	-0.391597
0.0114943	87	9.20992e-06	-2.19299	28.5182	-0.391597
0.0114811	87.1	9.22118e-06	-2.19299	28.551	-0.391597
0.0114679	87.2	9.23885e-06	-2.19299	28.5838	-0.391597
0.0114548	87.3	9.26263e-06	-2.19299	28.6165	-0.391597
0.0114416	87.4	9.27243e-06	-2.19299	28.6493	-0.391597
0.0114286	87.5	9.29418e-06	-2.19299	28.6821	-0.391597
0.0114155	87.6	9.31202e-06	-2.19299	28.7149	-0.391597
0.0114025	87.7	9.33002e-06	-2.19299	28.7477	-0.391597
0.0113895	87.8	9.34467e-06	-2.19299	28.7804	-0.391597
0.0113766	87.9	9.36289e-06	-2.19299	28.8132	-0.391597
0.0113636	88	9.38289e-06	-2.19299	28.846	-0.391597
0.0113507	88.1	9.39803e-06	-2.19299	28.8788	-0.391597
0.0113379	88.2	9.41054e-06	-2.19299	28.9116	-0.391597
0.011325	88.3	9.42024e-06	-2.19299	28.9443	-0.391597
0.0113122	88.4	9.44534e-06	-2.19299	28.9771	-0.391597
0.0112994	88.5	9.46178e-06	-2.19299	29.0099	-0.391597
0.0112867	88.6	9.48071e-06	-2.19299	29.0427	-0.391597
0.011274	88.7	9.48089e-06	-2.19299	29.0755	-0.391597
0.0112613	88.8	9.50071e-06	-2.19299	29.1082	-0.391597
0.0112486	88.9	9.52186e-06	-2.19299	29.141	-0.391597
0.011236	89	9.53419e-06	-2.19299	29.1738	-0.391597
0.0112233	89.1	9.54725e-06	-2.19299	29.2066	-0.391597
0.0112108	89.2	9.55766e-06	-2.19299	29.2394	-0.391597
0.0111982	89.3	9.58035e-06	-2.19299	29.2721	-0.391597
0.0111857	89.4	9.58518e-06	-2.19299	29.3049	-0.391597
0.0111732	89.5	9.60457e-06	-2.19299	29.3377	-0.391597
0.0111607	89.6	9.61434e-06	-2.19299	29.3705	-0.391597
0.0111483	89.7	9.62321e-06	-2.19299	29.4033	-0.391597
0.0111359	89.8	9.63292e-06	-2.19299	29.436	-0.391597
0.0111235	89.9	9.64026e-06	-2.19299	29.4688	-0.391597
0.0111111	90	9.65699e-06	-2.19299	29.5016	-0.391597
0.0110988	90.1	9.67329e-06	-2.19299	29.5344	-0.391597
0.0110865	90.2	9.69366e-06	-2.19299	29.5672	-0.391597
0.0110742	90.3	9.69579e-06	-2.19299	29.5999	-0.391597
0.0110619	90.4	9.71824e-06	-2.19299	29.6327	-0.391597
0.0110497	90.5	9.72382e-06	-2.19299	29.6655	-0.391597
0.0110375	90.6	9.72965e-06	-2.19299	29.6983	-0.391597
0.0110254	90.7	9.74599e-06	-2.19299	29.731	-0.391597
0.0110132	90.8	9.75886e-06	-2.19299	29.7638	-0.391597
0.0110011	90.9	9.77503e-06	-2.19299	29.7966	-0.391597
0.010989	91	9.77955e-06	-2.19299	29.8294	-0.391597
0.0109769	91.1	9.79915e-06	-2.19299	29.8622	-0.391597
0.0109649	91.2	9.80516e-06	-2.19299	29.8949	-0.391597
0.0109529	91.3	9.81221e-06	-2.19299	29.9277	-0.391597
0.0109409	91.4	9.8197e-06	-2.19299	29.9605	-0.391597
0.010929	91.5	9.83274e-06	-2.19299	29.9933	-0.391597
0.010917	91.6	9.84228e-06	-2.19299	30.0261	-0.391597
0.0109051	91.7	9.85602e-06	-2.19299	30.0588	-0.391597
0.0108932	91.8	9.86799e-06	-2.19299	30.0916	-0.391597
0.0108814	91.9	9.88192e-06	-2.19299	30.1244	-0.391597
0.0108696	92	9.89614e-06	-2.19299	30.1572	-0.391597
0.0108578	92.1	9.91498e-06	-2.19299	30.19	-0.391597
0.010846	92.2	9.93031e-06	-2.19299	30.2227	-0.391597
0.0108342	92.3	9.93868e-06	-2.19299	30.2555	-0.391597
0.0108225	92.4	9.95918e-06	-2.19299	30.2883	-0.391597
0.0108108	92.5	9.96418e-06	-2.19299	30.3211	-0.391597
0.0107991	92.6	9.97741e-06	-2.19299	30.3539	-0.391597
0.0107875	92.7	9.98694e-06	-2.19299	30.3866	-0.391597
0.0107759	92.8	1.00005e-05	-2.19299	30.4194	-0.391597
0.0107643	92.9	1.00048e-05	-2.19299	30.4522	-0.391597
0.0107527	93	1.0023e-05	-2.19299	30.485	-0.391597
0.0107411	93.1	1.00531e-05	-2.19299	30.5177	-0.391597
0.0107296	93.2	1.00562e-05	-2.19299	30.5505	-0.391597
0.0107181	93.3	1.00654e-05	-2.19299	30.5833	-0.391597
0.0107066	93.4	1.00878e-05	-2.19299	30.6161	-0.391597
0.0106952	93.5	1.00978e-05	-2.19299	30.6489	-0.391597
0.0106838	93.6	1.01127e-05	-2.19299	30.6816	-0.391597
0.0106724	93.7	1.01261e-05	-2.19299	30.7144	-0.391597
0.010661	93.8	1.01383e-05	-2.19299	30.7472	-0.391597
0.0106496	93.9	1.01512e-05	-2.19299	30.78	-0.391597
0.0106383	94	1.01649e-05	-2.19299	30.8128	-0.391597
0.010627	94.1	1.01759e-05	-2.19299	30.8455	-0.391597
0.0106157	94.2	1.01911e-05	-2.19299	30.8783	-0.391597
0.0106045	94.3	1.02136e-05	-2.19299	30.9111	-0.391597
0.0105932	94.4	1.02261e-05	-2.19299	30.9439	-0.391597
0.010582	94.5	1.02439e-05	-2.19299	30.9767	-0.391597
0.0105708	94.6	1.02605e-05	-2.19299	31.0094	-0.391597
0.0105597	94.7	1.02769e-05	-2.19299	31.0422	-0.391597
0.0105485	94.8	1.02855e-05	-2.19299	31.075	-0.391597
0.0105374	94.9	1.03049e-05	-2.19299	31.1078	-0.391597
0.0105263	95	1.03164e-05	-2.19299	31.1406	-0.391597
0.0105152	95.1	1.0333e-05	-2.19299	31.1733	-0.391597
0.0105042	95.2	1.0353e-05	-2.19299	31.2061	-0.391597
0.0104932	95.3	1.03644e-05	-2.19299	31.2389	-0.391597
0.0104822	95.4	1.03775e-05	-2.19299	31.2717	-0.391597
0.0104712	95.5	1.04027e-05	-2.19299	31.3045	-0.391597
0.0104603	95.6	1.04093e-05	-2.19299	31.3372	-0.391597
0.0104493	95.7	1.04287e-05	-2.19299	31.37	-0.391597
0.0104384	95.8	1.04461e-05	-2.19299	31.4028	-0.391597
0.0104275	95.9	1.0467e-05	-2.19299	31.4356	-0.391597
0.0104167	96	1.04685e-05	-2.19299	31.4683	-0.391597
0.0104058	96.1	1.04955e-05	-2.19299	31.5011	-0.391597
0.010395	96.2	1.05049e-05	-2.19299	31.5339	-0.391597
0.0103842	96.3	1.05174e-05	-2.19299	31.5667	-0.391597
0.0103734	96.4	1.05286e-05	-2.19299	31.5995	-0.391597
0.0103627	96.5	1.0548e-05	-2.19299	31.6322	-0.391597
0.010352	96.6	1.05574e-05	-2.19299	31.665	-0.391597
0.0103413	96.7	1.05814e-05	-2.19299	31.6978	-0.391597
0.0103306	96.8	1.0578e-05	-2.19299	31.7306	-0.391597
0.0103199	96.9	1.06022e-05	-2.19299	31.7634	-0.391597
0.0103093	97	1.06168e-05	-2.19299	31.7961	-0.391597
0.0102987	97.1	1.06447e-05	-2.19299	31.8289	-0.391597
0.0102881	97.2	1.06481e-05	-2.19299	31.8617	-0.391597
0.0102775	97.3	1.06678e-05	-2.19299	31.8945	-0.391597
0.0102669	97.4	1.06939e-05	-2.19299	31.9273	-0.391597
0.0102564	97.5	1.06993e-05	-2.19299	31.96	-0.391597
0.0102459	97.6	1.07242e-05	-2.19299	31.9928	-0.391597
0.0102354	97.7	1.07357e-05	-2.19299	32.0256	-0.391597
0.0102249	97.8	1.07628e-05	-2.19299	32.0584	-0.391597
0.0102145	97.9	1.07746e-05	-2.19299	32.0912	-0.391597
0.0102041	98	1.07802e-05	-2.19299	32.1239	-0.391597
0.0101937	98.1	1.081e-05	-2.19299	32.1567	-0.391597
0.0101833	98.2	1.08298e-05	-2.19299	32.1895	-0.391597
0.0101729	98.3	1.0831e-05	-2.19299	32.2223	-0.391597
0.0101626	98.4	1.0858e-05	-2.19299	32.2551	-0.391597
0.0101523	98.5	1.08758e-05	-2.19299	32.2878	-0.391597
0.010142	98.6	1.09011e-05	-2.19299	32.3206	-0.391597
0.0101317	98.7	1.09096e-05	-2.19299	32.3534	-0.391597
0.0101215	98.8	1.0935e-05	-2.19299	32.3862	-0.391597
0.0101112	98.9	1.0944e-05	-2.19299	32.419	-0.391597
0.010101	99	1.0968e-05	-2.19299	32.4517	-0.391597
0.0100908	99.1	1.0979e-05	-2.19299	32.4845	-0.391597
0.0100806	99.2	1.09937e-05	-2.19299	32.5173	-0.391597
0.0100705	99.3	1.10239e-05	-2.19299	32.5501	-0.391597
0.0100604	99.4	1.10234e-05	-2.19299	32.5828	-0.391597
0.0100503	99.5	1.10484e-05	-2.19299	32.6156	-0.391597
0.0100402	99.6	1.10571e-05	-2.19299	32.6484	-0.391597
0.0100301	99.7	1.10652e-05	-2.19299	32.6812	-0.391597
0.01002	99.8	1.10984e-05	-2.19299	32.714	-0.391597
0.01001	99.9	1.11054e-05	-2.19299	32.7467	-0.391597
0.01	100	1.1121e-05	-2.19299	32.7795	-0.391597
