#T	β	c	e	chi	s
100	0.01	1.86547e-05	-0.00186087	0.00746287	0.693138
50	0.02	7.49831e-05	-0.00373091	0.0148515	0.69311
33.3333	0.03	0.00016952	-0.00560999	0.0221659	0.693063
25	0.04	0.000302787	-0.00749799	0.029406	0.692997
20	0.05	0.000475287	-0.00939478	0.036572	0.692911
16.6667	0.06	0.000687507	-0.0113002	0.0436637	0.692807
14.2857	0.07	0.00093992	-0.0132142	0.0506813	0.692682
12.5	0.08	0.00123298	-0.0151366	0.0576248	0.692538
11.1111	0.09	0.00156711	-0.0170672	0.0644943	0.692374
10	0.1	0.00194274	-0.019006	0.0712898	0.69219
9.09091	0.11	0.00236026	-0.0209527	0.0780113	0.691985
8.33333	0.12	0.00282004	-0.0229072	0.084659	0.69176
7.69231	0.13	0.00332244	-0.0248693	0.091233	0.691515
7.14286	0.14	0.00386778	-0.026839	0.0977333	0.691249
6.66667	0.15	0.00445639	-0.028816	0.10416	0.690963
6.25	0.16	0.00508855	-0.0308002	0.110513	0.690655
5.88235	0.17	0.00576452	-0.0327914	0.116793	0.690327
5.55556	0.18	0.00648455	-0.0347894	0.123	0.689977
5.26316	0.19	0.00724884	-0.0367941	0.129134	0.689606
5	0.2	0.0080576	-0.0388053	0.135195	0.689214
3.33333	0.3	0.0186146	-0.0592347	0.191833	0.684102
2.5	0.4	0.033634	-0.0801042	0.24141	0.676795
2	0.5	0.0528619	-0.101205	0.284221	0.667298
1.66667	0.6	0.0757768	-0.122321	0.320645	0.655686
1.42857	0.7	0.101628	-0.143233	0.351129	0.642095
1.25	0.8	0.129499	-0.163735	0.37618	0.626722
1.11111	0.9	0.158389	-0.183643	0.396337	0.609807
1	1	0.187293	-0.202796	0.41216	0.591619
0.909091	1.1	0.215278	-0.221064	0.424203	0.572445
0.833333	1.2	0.241544	-0.238352	0.433003	0.552572
0.769231	1.3	0.265456	-0.254596	0.439067	0.532276
0.714286	1.4	0.286562	-0.26976	0.442858	0.511813
0.666667	1.5	0.304586	-0.283838	0.444791	0.49141
0.625	1.6	0.319417	-0.296842	0.445235	0.471261
0.588235	1.7	0.331076	-0.308805	0.444506	0.451531
0.555556	1.8	0.339694	-0.319771	0.442874	0.43235
0.526316	1.9	0.345476	-0.329793	0.440567	0.413816
0.5	2	0.348681	-0.338931	0.437771	0.396004
0.47619	2.1	0.349592	-0.347248	0.434639	0.378961
0.454545	2.2	0.348505	-0.354807	0.431294	0.362715
0.434783	2.3	0.345712	-0.36167	0.427834	0.34728
0.416667	2.4	0.34149	-0.367897	0.424333	0.332651
0.4	2.5	0.336097	-0.373546	0.420851	0.318816
0.384615	2.6	0.329766	-0.378669	0.417432	0.305755
0.37037	2.7	0.322707	-0.383318	0.414108	0.29344
0.357143	2.8	0.315102	-0.387537	0.410901	0.28184
0.344828	2.9	0.30711	-0.39137	0.407826	0.270921
0.333333	3	0.298866	-0.394853	0.404894	0.260648
0.322581	3.1	0.290485	-0.398022	0.402109	0.250985
0.3125	3.2	0.282061	-0.400908	0.399472	0.241895
0.30303	3.3	0.273673	-0.40354	0.396982	0.233344
0.294118	3.4	0.265383	-0.405942	0.394636	0.225298
0.285714	3.5	0.257241	-0.408139	0.392429	0.217723
0.277778	3.6	0.249288	-0.410149	0.390355	0.210588
0.27027	3.7	0.241552	-0.411991	0.388409	0.203864
0.263158	3.8	0.234056	-0.413683	0.386583	0.197522
0.25641	3.9	0.226814	-0.415238	0.384871	0.191537
0.25	4	0.219836	-0.416669	0.383266	0.185883
0.243902	4.1	0.213127	-0.417989	0.381762	0.180537
0.238095	4.2	0.206689	-0.419208	0.380353	0.175479
0.232558	4.3	0.20052	-0.420336	0.379031	0.170689
0.227273	4.4	0.194616	-0.42138	0.377791	0.166147
0.222222	4.5	0.188972	-0.422349	0.376627	0.161837
0.217391	4.6	0.183579	-0.423249	0.375535	0.157743
0.212766	4.7	0.17843	-0.424086	0.374509	0.153851
0.208333	4.8	0.173517	-0.424866	0.373544	0.150146
0.204082	4.9	0.168829	-0.425594	0.372637	0.146617
0.2	5	0.164357	-0.426274	0.371783	0.143251
0.196078	5.1	0.160091	-0.42691	0.370978	0.140039
0.192308	5.2	0.156022	-0.427506	0.370219	0.13697
0.188679	5.3	0.152139	-0.428065	0.369503	0.134035
0.185185	5.4	0.148434	-0.42859	0.368826	0.131226
0.181818	5.5	0.144897	-0.429084	0.368187	0.128535
0.178571	5.6	0.14152	-0.429549	0.367582	0.125955
0.175439	5.7	0.138293	-0.429987	0.367009	0.123479
0.172414	5.8	0.135208	-0.430401	0.366466	0.121101
0.169492	5.9	0.132259	-0.430791	0.36595	0.118815
0.166667	6	0.129437	-0.431161	0.365461	0.116616
0.163934	6.1	0.126735	-0.431511	0.364996	0.114498
0.16129	6.2	0.124146	-0.431843	0.364554	0.112459
0.15873	6.3	0.121665	-0.432157	0.364133	0.110492
0.15625	6.4	0.119285	-0.432456	0.363732	0.108595
0.153846	6.5	0.117001	-0.43274	0.36335	0.106764
0.151515	6.6	0.114807	-0.43301	0.362985	0.104994
0.149254	6.7	0.112699	-0.433267	0.362637	0.103283
0.147059	6.8	0.110672	-0.433513	0.362305	0.101629
0.144928	6.9	0.10872	-0.433746	0.361987	0.100028
0.142857	7	0.106841	-0.433969	0.361682	0.0984768
0.140845	7.1	0.105031	-0.434183	0.361391	0.0969742
0.138889	7.2	0.103286	-0.434386	0.361112	0.0955176
0.136986	7.3	0.101601	-0.434581	0.360845	0.0941046
0.135135	7.4	0.0999745	-0.434768	0.360588	0.0927333
0.133333	7.5	0.0984033	-0.434947	0.360342	0.0914019
0.131579	7.6	0.0968845	-0.435118	0.360106	0.0901087
0.12987	7.7	0.0954154	-0.435282	0.359879	0.0888518
0.128205	7.8	0.0939937	-0.43544	0.359661	0.0876298
0.126582	7.9	0.092617	-0.435591	0.359451	0.0864412
0.125	8	0.0912831	-0.435737	0.359249	0.0852846
0.123457	8.1	0.08999	-0.435877	0.359055	0.0841587
0.121951	8.2	0.0887358	-0.436011	0.358868	0.0830623
0.120482	8.3	0.0875186	-0.436141	0.358688	0.0819941
0.119048	8.4	0.0863368	-0.436265	0.358515	0.080953
0.117647	8.5	0.0851888	-0.436385	0.358348	0.0799381
0.116279	8.6	0.084073	-0.436501	0.358186	0.0789483
0.114943	8.7	0.0829882	-0.436613	0.358031	0.0779826
0.113636	8.8	0.0819329	-0.436721	0.357881	0.0770402
0.11236	8.9	0.0809058	-0.436825	0.357736	0.0761202
0.111111	9	0.0799059	-0.436925	0.357597	0.0752218
0.10989	9.1	0.078932	-0.437022	0.357462	0.0743443
0.108696	9.2	0.077983	-0.437116	0.357331	0.0734868
0.107527	9.3	0.077058	-0.437206	0.357206	0.0726488
0.106383	9.4	0.0761559	-0.437294	0.357084	0.0718294
0.105263	9.5	0.075276	-0.437379	0.356967	0.0710282
0.104167	9.6	0.0744173	-0.437461	0.356853	0.0702445
0.103093	9.7	0.0735791	-0.43754	0.356744	0.0694777
0.102041	9.8	0.0727605	-0.437617	0.356637	0.0687272
0.10101	9.9	0.071961	-0.437692	0.356535	0.0679926
0.1	10	0.0711797	-0.437764	0.356436	0.0672733
0.0990099	10.1	0.070416	-0.437834	0.35634	0.0665688
0.0980392	10.2	0.0696694	-0.437902	0.356247	0.0658788
0.0970874	10.3	0.0689392	-0.437968	0.356157	0.0652026
0.0961538	10.4	0.0682249	-0.438032	0.356071	0.06454
0.0952381	10.5	0.0675259	-0.438094	0.355987	0.0638905
0.0943396	10.6	0.0668417	-0.438155	0.355906	0.0632537
0.0934579	10.7	0.0661718	-0.438213	0.355827	0.0626292
0.0925926	10.8	0.0655159	-0.43827	0.355751	0.0620167
0.0917431	10.9	0.0648733	-0.438326	0.355678	0.0614158
0.0909091	11	0.0642437	-0.438379	0.355607	0.0608262
0.0900901	11.1	0.0636267	-0.438432	0.355538	0.0602476
0.0892857	11.2	0.0630219	-0.438483	0.355471	0.0596797
0.0884956	11.3	0.062429	-0.438532	0.355407	0.0591222
0.0877193	11.4	0.0618475	-0.438581	0.355345	0.0585747
0.0869565	11.5	0.0612771	-0.438627	0.355284	0.058037
0.0862069	11.6	0.0607175	-0.438673	0.355226	0.0575089
0.0854701	11.7	0.0601684	-0.438718	0.35517	0.0569901
0.0847458	11.8	0.0596295	-0.438761	0.355115	0.0564803
0.0840336	11.9	0.0591005	-0.438803	0.355063	0.0559793
0.0833333	12	0.0585811	-0.438845	0.355012	0.0554869
0.0826446	12.1	0.0580711	-0.438885	0.354963	0.0550029
0.0819672	12.2	0.0575701	-0.438924	0.354915	0.054527
0.0813008	12.3	0.057078	-0.438962	0.354869	0.0540591
0.0806452	12.4	0.0565945	-0.438999	0.354825	0.0535989
0.08	12.5	0.0561193	-0.439036	0.354782	0.0531462
0.0793651	12.6	0.0556523	-0.439071	0.354741	0.0527009
0.0787402	12.7	0.0551932	-0.439106	0.354701	0.0522628
0.078125	12.8	0.0547419	-0.43914	0.354663	0.0518317
0.0775194	12.9	0.0542981	-0.439173	0.354626	0.0514074
0.0769231	13	0.0538616	-0.439205	0.35459	0.0509898
0.0763359	13.1	0.0534323	-0.439236	0.354556	0.0505787
0.0757576	13.2	0.0530099	-0.439267	0.354522	0.050174
0.075188	13.3	0.0525943	-0.439297	0.35449	0.0497755
0.0746269	13.4	0.0521854	-0.439327	0.35446	0.049383
0.0740741	13.5	0.051783	-0.439355	0.35443	0.0489965
0.0735294	13.6	0.0513869	-0.439384	0.354402	0.0486158
0.0729927	13.7	0.0509969	-0.439411	0.354374	0.0482408
0.0724638	13.8	0.050613	-0.439438	0.354348	0.0478713
0.0719424	13.9	0.0502349	-0.439464	0.354323	0.0475072
0.0714286	14	0.0498626	-0.43949	0.354299	0.0471485
0.070922	14.1	0.0494959	-0.439515	0.354275	0.0467949
0.0704225	14.2	0.0491346	-0.43954	0.354253	0.0464463
0.0699301	14.3	0.0487788	-0.439564	0.354232	0.0461028
0.0694444	14.4	0.0484281	-0.439587	0.354211	0.0457641
0.0689655	14.5	0.0480826	-0.439611	0.354192	0.0454301
0.0684932	14.6	0.0477421	-0.439633	0.354173	0.0451009
0.0680272	14.7	0.0474065	-0.439655	0.354156	0.0447761
0.0675676	14.8	0.0470757	-0.439677	0.354139	0.0444558
0.0671141	14.9	0.0467495	-0.439698	0.354123	0.0441399
0.0666667	15	0.046428	-0.439719	0.354107	0.0438283
0.0662252	15.1	0.046111	-0.43974	0.354093	0.0435209
0.0657895	15.2	0.0457983	-0.43976	0.354079	0.0432175
0.0653595	15.3	0.0454899	-0.439779	0.354066	0.0429182
0.0649351	15.4	0.0451858	-0.439798	0.354053	0.0426229
0.0645161	15.5	0.0448857	-0.439817	0.354042	0.0423314
0.0641026	15.6	0.0445898	-0.439836	0.354031	0.0420437
0.0636943	15.7	0.0442977	-0.439854	0.35402	0.0417597
0.0632911	15.8	0.0440096	-0.439872	0.354011	0.0414793
0.0628931	15.9	0.0437252	-0.439889	0.354002	0.0412026
0.0625	16	0.0434446	-0.439906	0.353993	0.0409293
0.0621118	16.1	0.0431676	-0.439923	0.353985	0.0406595
0.0617284	16.2	0.0428942	-0.43994	0.353978	0.0403931
0.0613497	16.3	0.0426243	-0.439956	0.353972	0.0401299
0.0609756	16.4	0.0423578	-0.439972	0.353965	0.03987
0.0606061	16.5	0.0420947	-0.439987	0.35396	0.0396133
0.060241	16.6	0.041835	-0.440003	0.353955	0.0393598
0.0598802	16.7	0.0415784	-0.440018	0.35395	0.0391093
0.0595238	16.8	0.0413251	-0.440033	0.353946	0.0388618
0.0591716	16.9	0.0410749	-0.440047	0.353942	0.0386173
0.0588235	17	0.0408277	-0.440061	0.353939	0.0383757
0.0584795	17.1	0.0405836	-0.440075	0.353936	0.038137
0.0581395	17.2	0.0403424	-0.440089	0.353934	0.037901
0.0578035	17.3	0.0401041	-0.440103	0.353932	0.0376678
0.0574713	17.4	0.0398687	-0.440116	0.35393	0.0374374
0.0571429	17.5	0.039636	-0.440129	0.353929	0.0372096
0.0568182	17.6	0.0394061	-0.440142	0.353928	0.0369844
0.0564972	17.7	0.039179	-0.440154	0.353928	0.0367618
0.0561798	17.8	0.0389544	-0.440167	0.353928	0.0365417
0.0558659	17.9	0.0387325	-0.440179	0.353928	0.0363241
0.0555556	18	0.0385131	-0.440191	0.353929	0.0361089
0.0552486	18.1	0.0382963	-0.440203	0.35393	0.0358961
0.0549451	18.2	0.0380819	-0.440214	0.353931	0.0356857
0.0546448	18.3	0.0378699	-0.440226	0.353932	0.0354776
0.0543478	18.4	0.0376604	-0.440237	0.353934	0.0352718
0.0540541	18.5	0.0374532	-0.440248	0.353936	0.0350683
0.0537634	18.6	0.0372483	-0.440259	0.353938	0.0348669
0.0534759	18.7	0.0370457	-0.440269	0.35394	0.0346677
0.0531915	18.8	0.0368453	-0.44028	0.353943	0.0344707
0.0529101	18.9	0.0366471	-0.44029	0.353946	0.0342757
0.0526316	19	0.036451	-0.440301	0.353949	0.0340829
0.052356	19.1	0.0362571	-0.440311	0.353952	0.033892
0.0520833	19.2	0.0360653	-0.44032	0.353955	0.0337032
0.0518135	19.3	0.0358756	-0.44033	0.353959	0.0335164
0.0515464	19.4	0.0356878	-0.44034	0.353962	0.0333314
0.0512821	19.5	0.0355021	-0.440349	0.353966	0.0331484
0.0510204	19.6	0.0353183	-0.440358	0.35397	0.0329673
0.0507614	19.7	0.0351365	-0.440367	0.353974	0.032788
0.0505051	19.8	0.0349566	-0.440376	0.353977	0.0326106
0.0502513	19.9	0.0347785	-0.440385	0.353981	0.0324349
0.05	20	0.0346023	-0.440394	0.353985	0.032261
0.0497512	20.1	0.0344279	-0.440403	0.35399	0.0320889
0.049505	20.2	0.0342553	-0.440411	0.353994	0.0319185
0.0492611	20.3	0.0340844	-0.440419	0.353998	0.0317497
0.0490196	20.4	0.0339153	-0.440428	0.354002	0.0315827
0.0487805	20.5	0.0337479	-0.440436	0.354006	0.0314172
0.0485437	20.6	0.0335822	-0.440444	0.35401	0.0312534
0.0483092	20.7	0.0334181	-0.440452	0.354014	0.0310912
0.0480769	20.8	0.0332557	-0.440459	0.354018	0.0309305
0.0478469	20.9	0.0330949	-0.440467	0.354022	0.0307714
0.047619	21	0.0329357	-0.440474	0.354025	0.0306138
0.0473934	21.1	0.032778	-0.440482	0.354029	0.0304577
0.0471698	21.2	0.0326219	-0.440489	0.354033	0.0303031
0.0469484	21.3	0.0324673	-0.440496	0.354036	0.03015
0.046729	21.4	0.0323142	-0.440503	0.354039	0.0299982
0.0465116	21.5	0.0321626	-0.44051	0.354042	0.029848
0.0462963	21.6	0.0320125	-0.440517	0.354045	0.0296991
0.0460829	21.7	0.0318638	-0.440524	0.354048	0.0295515
0.0458716	21.8	0.0317165	-0.440531	0.354051	0.0294054
0.0456621	21.9	0.0315706	-0.440538	0.354053	0.0292606
0.0454545	22	0.0314261	-0.440544	0.354055	0.0291171
0.0452489	22.1	0.0312829	-0.440551	0.354057	0.0289749
0.045045	22.2	0.0311411	-0.440557	0.354059	0.028834
0.044843	22.3	0.0310006	-0.440563	0.35406	0.0286943
0.0446429	22.4	0.0308615	-0.440569	0.354061	0.0285559
0.0444444	22.5	0.0307236	-0.440575	0.354062	0.0284188
0.0442478	22.6	0.030587	-0.440581	0.354062	0.0282828
0.0440529	22.7	0.0304517	-0.440587	0.354062	0.0281481
0.0438596	22.8	0.0303176	-0.440593	0.354062	0.0280145
0.0436681	22.9	0.0301847	-0.440599	0.354061	0.0278821
0.0434783	23	0.030053	-0.440605	0.35406	0.0277509
0.04329	23.1	0.0299226	-0.44061	0.354059	0.0276208
0.0431034	23.2	0.0297933	-0.440616	0.354057	0.0274918
0.0429185	23.3	0.0296651	-0.440622	0.354055	0.027364
0.042735	23.4	0.0295382	-0.440627	0.354052	0.0272372
0.0425532	23.5	0.0294123	-0.440632	0.354049	0.0271115
0.0423729	23.6	0.0292876	-0.440638	0.354046	0.0269869
0.0421941	23.7	0.029164	-0.440643	0.354042	0.0268633
0.0420168	23.8	0.0290415	-0.440648	0.354037	0.0267408
0.041841	23.9	0.0289201	-0.440653	0.354032	0.0266193
0.0416667	24	0.0287998	-0.440658	0.354027	0.0264988
0.0414938	24.1	0.0286805	-0.440663	0.354021	0.0263793
0.0413223	24.2	0.0285622	-0.440668	0.354014	0.0262608
0.0411523	24.3	0.028445	-0.440673	0.354007	0.0261432
0.0409836	24.4	0.0283288	-0.440678	0.353999	0.0260266
0.0408163	24.5	0.0282136	-0.440682	0.353991	0.025911
0.0406504	24.6	0.0280994	-0.440687	0.353982	0.0257963
0.0404858	24.7	0.0279862	-0.440692	0.353972	0.0256826
0.0403226	24.8	0.027874	-0.440696	0.353962	0.0255697
0.0401606	24.9	0.0277627	-0.440701	0.353951	0.0254578
0.04	25	0.0276524	-0.440705	0.35394	0.0253467
0.0398406	25.1	0.027543	-0.44071	0.353927	0.0252366
0.0396825	25.2	0.0274346	-0.440714	0.353915	0.0251273
0.0395257	25.3	0.0273271	-0.440718	0.353901	0.0250189
0.0393701	25.4	0.0272205	-0.440722	0.353887	0.0249113
0.0392157	25.5	0.0271147	-0.440727	0.353872	0.0248045
0.0390625	25.6	0.0270099	-0.440731	0.353856	0.0246986
0.0389105	25.7	0.026906	-0.440735	0.353839	0.0245935
0.0387597	25.8	0.0268029	-0.440739	0.353822	0.0244892
0.03861	25.9	0.0267007	-0.440743	0.353804	0.0243858
0.0384615	26	0.0265994	-0.440747	0.353785	0.0242831
0.0383142	26.1	0.0264989	-0.440751	0.353765	0.0241812
0.0381679	26.2	0.0263992	-0.440755	0.353744	0.02408
0.0380228	26.3	0.0263004	-0.440758	0.353723	0.0239796
0.0378788	26.4	0.0262023	-0.440762	0.353701	0.02388
0.0377358	26.5	0.0261051	-0.440766	0.353678	0.0237812
0.037594	26.6	0.0260087	-0.44077	0.353654	0.023683
0.0374532	26.7	0.0259131	-0.440773	0.353629	0.0235856
0.0373134	26.8	0.0258183	-0.440777	0.353603	0.0234889
0.0371747	26.9	0.0257242	-0.440781	0.353576	0.023393
0.037037	27	0.0256309	-0.440784	0.353548	0.0232977
0.0369004	27.1	0.0255384	-0.440788	0.353519	0.0232031
0.0367647	27.2	0.0254466	-0.440791	0.35349	0.0231092
0.03663	27.3	0.0253556	-0.440794	0.353459	0.023016
0.0364964	27.4	0.0252653	-0.440798	0.353427	0.0229235
0.0363636	27.5	0.0251758	-0.440801	0.353395	0.0228316
0.0362319	27.6	0.0250869	-0.440804	0.353361	0.0227404
0.0361011	27.7	0.0249988	-0.440808	0.353326	0.0226499
0.0359712	27.8	0.0249115	-0.440811	0.35329	0.0225599
0.0358423	27.9	0.0248248	-0.440814	0.353254	0.0224707
0.0357143	28	0.0247388	-0.440817	0.353216	0.022382
0.0355872	28.1	0.0246535	-0.440821	0.353177	0.022294
0.035461	28.2	0.0245689	-0.440824	0.353136	0.0222066
0.0353357	28.3	0.0244849	-0.440827	0.353095	0.0221197
0.0352113	28.4	0.0244017	-0.44083	0.353053	0.0220335
0.0350877	28.5	0.0243191	-0.440833	0.353009	0.0219479
0.034965	28.6	0.0242371	-0.440836	0.352965	0.0218629
0.0348432	28.7	0.0241558	-0.440839	0.352919	0.0217785
0.0347222	28.8	0.0240752	-0.440842	0.352872	0.0216946
0.0346021	28.9	0.0239952	-0.440844	0.352823	0.0216113
0.0344828	29	0.0239158	-0.440847	0.352774	0.0215286
0.0343643	29.1	0.0238371	-0.44085	0.352723	0.0214464
0.0342466	29.2	0.023759	-0.440853	0.352672	0.0213648
0.0341297	29.3	0.0236815	-0.440856	0.352619	0.0212837
0.0340136	29.4	0.0236047	-0.440858	0.352564	0.0212032
0.0338983	29.5	0.0235284	-0.440861	0.352509	0.0211231
0.0337838	29.6	0.0234527	-0.440864	0.352452	0.0210437
0.03367	29.7	0.0233777	-0.440867	0.352394	0.0209647
0.033557	29.8	0.0233032	-0.440869	0.352334	0.0208863
0.0334448	29.9	0.0232293	-0.440872	0.352273	0.0208084
0.0333333	30	0.023156	-0.440874	0.352211	0.0207309
0.0332226	30.1	0.0230833	-0.440877	0.352148	0.020654
0.0331126	30.2	0.0230111	-0.440879	0.352083	0.0205776
0.0330033	30.3	0.0229395	-0.440882	0.352017	0.0205017
0.0328947	30.4	0.0228685	-0.440884	0.35195	0.0204262
0.0327869	30.5	0.022798	-0.440887	0.351881	0.0203513
0.0326797	30.6	0.0227281	-0.440889	0.351811	0.0202768
0.0325733	30.7	0.0226588	-0.440892	0.351739	0.0202028
0.0324675	30.8	0.0225899	-0.440894	0.351666	0.0201292
0.0323625	30.9	0.0225216	-0.440897	0.351592	0.0200561
0.0322581	31	0.0224539	-0.440899	0.351516	0.0199835
0.0321543	31.1	0.0223867	-0.440901	0.351439	0.0199113
0.0320513	31.2	0.02232	-0.440904	0.35136	0.0198396
0.0319489	31.3	0.0222538	-0.440906	0.35128	0.0197683
0.0318471	31.4	0.0221881	-0.440908	0.351198	0.0196974
0.031746	31.5	0.022123	-0.44091	0.351115	0.019627
0.0316456	31.6	0.0220584	-0.440913	0.351031	0.019557
0.0315457	31.7	0.0219942	-0.440915	0.350945	0.0194874
0.0314465	31.8	0.0219306	-0.440917	0.350857	0.0194183
0.031348	31.9	0.0218674	-0.440919	0.350768	0.0193496
0.03125	32	0.0218048	-0.440921	0.350678	0.0192813
0.0311526	32.1	0.0217426	-0.440923	0.350586	0.0192133
0.0310559	32.2	0.021681	-0.440925	0.350492	0.0191458
0.0309598	32.3	0.0216198	-0.440928	0.350397	0.0190787
0.0308642	32.4	0.021559	-0.44093	0.350301	0.019012
0.0307692	32.5	0.0214988	-0.440932	0.350203	0.0189457
0.0306748	32.6	0.021439	-0.440934	0.350103	0.0188798
0.030581	32.7	0.0213797	-0.440936	0.350002	0.0188143
0.0304878	32.8	0.0213208	-0.440938	0.349899	0.0187491
0.0303951	32.9	0.0212625	-0.44094	0.349794	0.0186843
0.030303	33	0.0212045	-0.440942	0.349688	0.0186199
0.0302115	33.1	0.021147	-0.440943	0.349581	0.0185559
0.0301205	33.2	0.02109	-0.440945	0.349472	0.0184922
0.03003	33.3	0.0210334	-0.440947	0.349361	0.0184289
0.0299401	33.4	0.0209772	-0.440949	0.349248	0.018366
0.0298507	33.5	0.0209215	-0.440951	0.349134	0.0183034
0.0297619	33.6	0.0208662	-0.440953	0.349019	0.0182412
0.0296736	33.7	0.0208113	-0.440955	0.348901	0.0181793
0.0295858	33.8	0.0207569	-0.440957	0.348782	0.0181177
0.0294985	33.9	0.0207028	-0.440958	0.348662	0.0180565
0.0294118	34	0.0206492	-0.44096	0.34854	0.0179957
0.0293255	34.1	0.020596	-0.440962	0.348416	0.0179352
0.0292398	34.2	0.0205433	-0.440964	0.34829	0.017875
0.0291545	34.3	0.0204909	-0.440965	0.348163	0.0178151
0.0290698	34.4	0.020439	-0.440967	0.348034	0.0177556
0.0289855	34.5	0.0203874	-0.440969	0.347904	0.0176964
0.0289017	34.6	0.0203362	-0.440971	0.347771	0.0176375
0.0288184	34.7	0.0202855	-0.440972	0.347637	0.0175789
0.0287356	34.8	0.0202351	-0.440974	0.347502	0.0175207
0.0286533	34.9	0.0201851	-0.440976	0.347365	0.0174627
0.0285714	35	0.0201355	-0.440977	0.347226	0.0174051
0.02849	35.1	0.0200863	-0.440979	0.347085	0.0173478
0.0284091	35.2	0.0200375	-0.440981	0.346942	0.0172908
0.0283286	35.3	0.0199891	-0.440982	0.346798	0.017234
0.0282486	35.4	0.019941	-0.440984	0.346652	0.0171776
0.028169	35.5	0.0198933	-0.440985	0.346505	0.0171215
0.0280899	35.6	0.019846	-0.440987	0.346356	0.0170657
0.0280112	35.7	0.019799	-0.440988	0.346205	0.0170101
0.027933	35.8	0.0197524	-0.44099	0.346052	0.0169549
0.0278552	35.9	0.0197062	-0.440992	0.345897	0.0168999
0.0277778	36	0.0196603	-0.440993	0.345741	0.0168452
0.0277008	36.1	0.0196148	-0.440995	0.345583	0.0167908
0.0276243	36.2	0.0195696	-0.440996	0.345424	0.0167367
0.0275482	36.3	0.0195248	-0.440998	0.345262	0.0166828
0.0274725	36.4	0.0194803	-0.440999	0.345099	0.0166292
0.0273973	36.5	0.0194362	-0.441001	0.344934	0.0165759
0.0273224	36.6	0.0193924	-0.441002	0.344768	0.0165229
0.027248	36.7	0.019349	-0.441003	0.344599	0.0164701
0.0271739	36.8	0.0193059	-0.441005	0.344429	0.0164176
0.0271003	36.9	0.0192631	-0.441006	0.344257	0.0163653
0.027027	37	0.0192206	-0.441008	0.344083	0.0163133
0.0269542	37.1	0.0191785	-0.441009	0.343908	0.0162616
0.0268817	37.2	0.0191367	-0.44101	0.343731	0.0162101
0.0268097	37.3	0.0190953	-0.441012	0.343552	0.0161588
0.026738	37.4	0.0190541	-0.441013	0.343371	0.0161078
0.0266667	37.5	0.0190133	-0.441015	0.343189	0.0160571
0.0265957	37.6	0.0189728	-0.441016	0.343004	0.0160066
0.0265252	37.7	0.0189326	-0.441017	0.342818	0.0159563
0.026455	37.8	0.0188927	-0.441019	0.342631	0.0159063
0.0263852	37.9	0.0188531	-0.44102	0.342441	0.0158565
0.0263158	38	0.0188138	-0.441021	0.34225	0.015807
0.0262467	38.1	0.0187749	-0.441022	0.342057	0.0157577
0.026178	38.2	0.0187362	-0.441024	0.341862	0.0157086
0.0261097	38.3	0.0186978	-0.441025	0.341665	0.0156598
0.0260417	38.4	0.0186598	-0.441026	0.341467	0.0156112
0.025974	38.5	0.018622	-0.441028	0.341267	0.0155628
0.0259067	38.6	0.0185845	-0.441029	0.341065	0.0155146
0.0258398	38.7	0.0185473	-0.44103	0.340861	0.0154667
0.0257732	38.8	0.0185104	-0.441031	0.340655	0.015419
0.0257069	38.9	0.0184738	-0.441032	0.340448	0.0153715
0.025641	39	0.0184375	-0.441034	0.340239	0.0153242
0.0255754	39.1	0.0184014	-0.441035	0.340028	0.0152771
0.0255102	39.2	0.0183656	-0.441036	0.339816	0.0152303
0.0254453	39.3	0.0183301	-0.441037	0.339602	0.0151836
0.0253807	39.4	0.0182949	-0.441038	0.339386	0.0151372
0.0253165	39.5	0.0182599	-0.44104	0.339168	0.015091
0.0252525	39.6	0.0182252	-0.441041	0.338948	0.015045
0.0251889	39.7	0.0181908	-0.441042	0.338727	0.0149992
0.0251256	39.8	0.0181567	-0.441043	0.338504	0.0149535
0.0250627	39.9	0.0181228	-0.441044	0.338279	0.0149081
0.025	40	0.0180891	-0.441045	0.338052	0.0148629
0.0249377	40.1	0.0180558	-0.441047	0.337824	0.0148179
0.0248756	40.2	0.0180227	-0.441048	0.337594	0.0147731
0.0248139	40.3	0.0179898	-0.441049	0.337362	0.0147285
0.0247525	40.4	0.0179572	-0.44105	0.337129	0.0146841
0.0246914	40.5	0.0179248	-0.441051	0.336893	0.0146399
0.0246305	40.6	0.0178927	-0.441052	0.336656	0.0145958
0.02457	40.7	0.0178609	-0.441053	0.336417	0.014552
0.0245098	40.8	0.0178293	-0.441054	0.336177	0.0145083
0.0244499	40.9	0.0177979	-0.441055	0.335935	0.0144648
0.0243902	41	0.0177668	-0.441056	0.335691	0.0144215
0.0243309	41.1	0.0177359	-0.441057	0.335445	0.0143784
0.0242718	41.2	0.0177052	-0.441058	0.335197	0.0143355
0.0242131	41.3	0.0176748	-0.441059	0.334948	0.0142928
0.0241546	41.4	0.0176446	-0.44106	0.334697	0.0142502
0.0240964	41.5	0.0176146	-0.441061	0.334445	0.0142078
0.0240385	41.6	0.0175849	-0.441062	0.33419	0.0141656
0.0239808	41.7	0.0175554	-0.441063	0.333934	0.0141235
0.0239234	41.8	0.0175261	-0.441065	0.333677	0.0140817
0.0238663	41.9	0.0174971	-0.441065	0.333417	0.01404
0.0238095	42	0.0174682	-0.441066	0.333156	0.0139985
0.023753	42.1	0.0174396	-0.441067	0.332893	0.0139571
0.0236967	42.2	0.0174112	-0.441068	0.332629	0.0139159
0.0236407	42.3	0.017383	-0.441069	0.332363	0.0138749
0.0235849	42.4	0.0173551	-0.44107	0.332095	0.013834
0.0235294	42.5	0.0173273	-0.441071	0.331825	0.0137934
0.0234742	42.6	0.0172998	-0.441072	0.331554	0.0137528
0.0234192	42.7	0.0172724	-0.441073	0.331281	0.0137125
0.0233645	42.8	0.0172453	-0.441074	0.331007	0.0136723
0.02331	42.9	0.0172184	-0.441075	0.33073	0.0136322
0.0232558	43	0.0171916	-0.441076	0.330453	0.0135923
0.0232019	43.1	0.0171651	-0.441077	0.330173	0.0135526
0.0231481	43.2	0.0171388	-0.441078	0.329892	0.013513
0.0230947	43.3	0.0171127	-0.441079	0.329609	0.0134736
0.0230415	43.4	0.0170868	-0.44108	0.329325	0.0134343
0.0229885	43.5	0.017061	-0.441081	0.329039	0.0133952
0.0229358	43.6	0.0170355	-0.441081	0.328751	0.0133563
0.0228833	43.7	0.0170101	-0.441082	0.328462	0.0133175
0.0228311	43.8	0.016985	-0.441083	0.328171	0.0132788
0.022779	43.9	0.01696	-0.441084	0.327878	0.0132403
0.0227273	44	0.0169352	-0.441085	0.327584	0.0132019
0.0226757	44.1	0.0169106	-0.441086	0.327288	0.0131637
0.0226244	44.2	0.0168862	-0.441087	0.326991	0.0131256
0.0225734	44.3	0.016862	-0.441088	0.326692	0.0130877
0.0225225	44.4	0.0168379	-0.441088	0.326391	0.0130499
0.0224719	44.5	0.016814	-0.441089	0.326089	0.0130122
0.0224215	44.6	0.0167903	-0.44109	0.325786	0.0129747
0.0223714	44.7	0.0167668	-0.441091	0.32548	0.0129373
0.0223214	44.8	0.0167435	-0.441092	0.325174	0.0129001
0.0222717	44.9	0.0167203	-0.441093	0.324865	0.012863
0.0222222	45	0.0166973	-0.441093	0.324555	0.0128261
0.0221729	45.1	0.0166744	-0.441094	0.324244	0.0127892
0.0221239	45.2	0.0166518	-0.441095	0.323931	0.0127526
0.0220751	45.3	0.0166293	-0.441096	0.323617	0.012716
0.0220264	45.4	0.0166069	-0.441097	0.323301	0.0126796
0.021978	45.5	0.0165847	-0.441098	0.322983	0.0126433
0.0219298	45.6	0.0165627	-0.441098	0.322664	0.0126071
0.0218818	45.7	0.0165409	-0.441099	0.322343	0.0125711
0.0218341	45.8	0.0165192	-0.4411	0.322021	0.0125352
0.0217865	45.9	0.0164976	-0.441101	0.321698	0.0124995
0.0217391	46	0.0164762	-0.441101	0.321373	0.0124638
0.021692	46.1	0.016455	-0.441102	0.321046	0.0124283
0.021645	46.2	0.0164339	-0.441103	0.320718	0.0123929
0.0215983	46.3	0.016413	-0.441104	0.320389	0.0123576
0.0215517	46.4	0.0163922	-0.441104	0.320058	0.0123225
0.0215054	46.5	0.0163716	-0.441105	0.319726	0.0122875
0.0214592	46.6	0.0163511	-0.441106	0.319392	0.0122526
0.0214133	46.7	0.0163307	-0.441107	0.319056	0.0122178
0.0213675	46.8	0.0163105	-0.441107	0.31872	0.0121832
0.021322	46.9	0.0162905	-0.441108	0.318382	0.0121486
0.0212766	47	0.0162706	-0.441109	0.318042	0.0121142
0.0212314	47.1	0.0162508	-0.44111	0.317701	0.0120799
0.0211864	47.2	0.0162312	-0.44111	0.317359	0.0120458
0.0211416	47.3	0.0162117	-0.441111	0.317015	0.0120117
0.021097	47.4	0.0161923	-0.441112	0.31667	0.0119778
0.0210526	47.5	0.0161731	-0.441113	0.316323	0.0119439
0.0210084	47.6	0.016154	-0.441113	0.315976	0.0119102
0.0209644	47.7	0.0161351	-0.441114	0.315626	0.0118766
0.0209205	47.8	0.0161163	-0.441115	0.315276	0.0118432
0.0208768	47.9	0.0160976	-0.441115	0.314924	0.0118098
0.0208333	48	0.016079	-0.441116	0.31457	0.0117765
0.02079	48.1	0.0160606	-0.441117	0.314216	0.0117434
0.0207469	48.2	0.0160423	-0.441117	0.31386	0.0117103
0.0207039	48.3	0.0160241	-0.441118	0.313502	0.0116774
0.0206612	48.4	0.016006	-0.441119	0.313144	0.0116446
0.0206186	48.5	0.0159881	-0.441119	0.312784	0.0116119
0.0205761	48.6	0.0159703	-0.44112	0.312422	0.0115793
0.0205339	48.7	0.0159526	-0.441121	0.31206	0.0115468
0.0204918	48.8	0.015935	-0.441121	0.311696	0.0115144
0.0204499	48.9	0.0159175	-0.441122	0.311331	0.0114821
0.0204082	49	0.0159002	-0.441123	0.310965	0.0114499
0.0203666	49.1	0.015883	-0.441123	0.310597	0.0114179
0.0203252	49.2	0.0158659	-0.441124	0.310228	0.0113859
0.020284	49.3	0.0158489	-0.441125	0.309858	0.011354
0.0202429	49.4	0.015832	-0.441125	0.309486	0.0113223
0.020202	49.5	0.0158152	-0.441126	0.309114	0.0112906
0.0201613	49.6	0.0157985	-0.441127	0.30874	0.0112591
0.0201207	49.7	0.015782	-0.441127	0.308365	0.0112276
0.0200803	49.8	0.0157655	-0.441128	0.307988	0.0111962
0.0200401	49.9	0.0157492	-0.441129	0.307611	0.011165
0.02	50	0.015733	-0.441129	0.307232	0.0111338
0.0199601	50.1	0.0157168	-0.44113	0.306852	0.0111028
0.0199203	50.2	0.0157008	-0.44113	0.306471	0.0110718
0.0198807	50.3	0.0156849	-0.441131	0.306089	0.0110409
0.0198413	50.4	0.0156691	-0.441132	0.305706	0.0110102
0.019802	50.5	0.0156534	-0.441132	0.305321	0.0109795
0.0197628	50.6	0.0156377	-0.441133	0.304935	0.0109489
0.0197239	50.7	0.0156222	-0.441133	0.304549	0.0109184
0.019685	50.8	0.0156068	-0.441134	0.304161	0.010888
0.0196464	50.9	0.0155915	-0.441135	0.303771	0.0108577
0.0196078	51	0.0155762	-0.441135	0.303381	0.0108275
0.0195695	51.1	0.0155611	-0.441136	0.30299	0.0107974
0.0195312	51.2	0.015546	-0.441136	0.302597	0.0107674
0.0194932	51.3	0.0155311	-0.441137	0.302204	0.0107375
0.0194553	51.4	0.0155162	-0.441138	0.301809	0.0107077
0.0194175	51.5	0.0155014	-0.441138	0.301414	0.0106779
0.0193798	51.6	0.0154868	-0.441139	0.301017	0.0106483
0.0193424	51.7	0.0154722	-0.441139	0.300619	0.0106187
0.019305	51.8	0.0154576	-0.44114	0.30022	0.0105893
0.0192678	51.9	0.0154432	-0.44114	0.29982	0.0105599
0.0192308	52	0.0154289	-0.441141	0.299419	0.0105306
0.0191939	52.1	0.0154146	-0.441142	0.299017	0.0105014
0.0191571	52.2	0.0154005	-0.441142	0.298614	0.0104723
0.0191205	52.3	0.0153864	-0.441143	0.29821	0.0104432
0.019084	52.4	0.0153724	-0.441143	0.297805	0.0104143
0.0190476	52.5	0.0153584	-0.441144	0.297399	0.0103854
0.0190114	52.6	0.0153446	-0.441144	0.296993	0.0103567
0.0189753	52.7	0.0153308	-0.441145	0.296585	0.010328
0.0189394	52.8	0.0153171	-0.441145	0.296176	0.0102994
0.0189036	52.9	0.0153035	-0.441146	0.295766	0.0102709
0.0188679	53	0.01529	-0.441147	0.295355	0.0102424
0.0188324	53.1	0.0152765	-0.441147	0.294943	0.0102141
0.018797	53.2	0.0152632	-0.441148	0.29453	0.0101858
0.0187617	53.3	0.0152498	-0.441148	0.294117	0.0101577
0.0187266	53.4	0.0152366	-0.441149	0.293702	0.0101296
0.0186916	53.5	0.0152234	-0.441149	0.293287	0.0101015
0.0186567	53.6	0.0152103	-0.44115	0.29287	0.0100736
0.018622	53.7	0.0151973	-0.44115	0.292453	0.0100457
0.0185874	53.8	0.0151844	-0.441151	0.292035	0.010018
0.0185529	53.9	0.0151715	-0.441151	0.291616	0.00999028
0.0185185	54	0.0151587	-0.441152	0.291196	0.00996267
0.0184843	54.1	0.0151459	-0.441152	0.290775	0.00993513
0.0184502	54.2	0.0151332	-0.441153	0.290354	0.00990768
0.0184162	54.3	0.0151206	-0.441153	0.289931	0.0098803
0.0183824	54.4	0.0151081	-0.441154	0.289508	0.00985301
0.0183486	54.5	0.0150956	-0.441154	0.289084	0.00982579
0.018315	54.6	0.0150831	-0.441155	0.288659	0.00979864
0.0182815	54.7	0.0150708	-0.441155	0.288233	0.00977158
0.0182482	54.8	0.0150585	-0.441156	0.287806	0.00974459
0.0182149	54.9	0.0150462	-0.441156	0.287379	0.00971768
0.0181818	55	0.0150341	-0.441157	0.286951	0.00969085
0.0181488	55.1	0.0150219	-0.441157	0.286522	0.00966409
0.0181159	55.2	0.0150099	-0.441158	0.286092	0.00963741
0.0180832	55.3	0.0149979	-0.441158	0.285662	0.0096108
0.0180505	55.4	0.0149859	-0.441159	0.28523	0.00958427
0.018018	55.5	0.014974	-0.441159	0.284798	0.00955781
0.0179856	55.6	0.0149622	-0.44116	0.284366	0.00953142
0.0179533	55.7	0.0149504	-0.44116	0.283932	0.00950511
0.0179211	55.8	0.0149387	-0.441161	0.283498	0.00947887
0.0178891	55.9	0.014927	-0.441161	0.283063	0.00945271
0.0178571	56	0.0149154	-0.441161	0.282628	0.00942662
0.0178253	56.1	0.0149039	-0.441162	0.282191	0.0094006
0.0177936	56.2	0.0148924	-0.441162	0.281754	0.00937465
0.017762	56.3	0.0148809	-0.441163	0.281317	0.00934878
0.0177305	56.4	0.0148695	-0.441163	0.280878	0.00932297
0.0176991	56.5	0.0148581	-0.441164	0.280439	0.00929724
0.0176678	56.6	0.0148468	-0.441164	0.279999	0.00927158
0.0176367	56.7	0.0148356	-0.441165	0.279559	0.00924599
0.0176056	56.8	0.0148244	-0.441165	0.279118	0.00922047
0.0175747	56.9	0.0148132	-0.441166	0.278677	0.00919502
0.0175439	57	0.0148021	-0.441166	0.278234	0.00916964
0.0175131	57.1	0.014791	-0.441166	0.277791	0.00914433
0.0174825	57.2	0.01478	-0.441167	0.277348	0.00911909
0.017452	57.3	0.014769	-0.441167	0.276904	0.00909391
0.0174216	57.4	0.0147581	-0.441168	0.276459	0.00906881
0.0173913	57.5	0.0147472	-0.441168	0.276014	0.00904377
0.0173611	57.6	0.0147363	-0.441169	0.275568	0.0090188
0.017331	57.7	0.0147255	-0.441169	0.275122	0.0089939
0.017301	57.8	0.0147148	-0.44117	0.274675	0.00896907
0.0172712	57.9	0.014704	-0.44117	0.274227	0.0089443
0.0172414	58	0.0146934	-0.44117	0.273779	0.0089196
0.0172117	58.1	0.0146827	-0.441171	0.27333	0.00889497
0.0171821	58.2	0.0146721	-0.441171	0.272881	0.0088704
0.0171527	58.3	0.0146616	-0.441172	0.272432	0.0088459
0.0171233	58.4	0.014651	-0.441172	0.271981	0.00882147
0.017094	58.5	0.0146406	-0.441172	0.271531	0.0087971
0.0170648	58.6	0.0146301	-0.441173	0.271079	0.00877279
0.0170358	58.7	0.0146197	-0.441173	0.270628	0.00874855
0.0170068	58.8	0.0146094	-0.441174	0.270175	0.00872438
0.0169779	58.9	0.014599	-0.441174	0.269723	0.00870027
0.0169492	59	0.0145887	-0.441175	0.26927	0.00867622
0.0169205	59.1	0.0145785	-0.441175	0.268816	0.00865224
0.0168919	59.2	0.0145682	-0.441175	0.268362	0.00862833
0.0168634	59.3	0.014558	-0.441176	0.267907	0.00860447
0.016835	59.4	0.0145479	-0.441176	0.267452	0.00858068
0.0168067	59.5	0.0145378	-0.441177	0.266997	0.00855695
0.0167785	59.6	0.0145277	-0.441177	0.266541	0.00853329
0.0167504	59.7	0.0145176	-0.441177	0.266085	0.00850968
0.0167224	59.8	0.0145076	-0.441178	0.265628	0.00848614
0.0166945	59.9	0.0144976	-0.441178	0.265171	0.00846267
0.0166667	60	0.0144876	-0.441179	0.264714	0.00843925
0.0166389	60.1	0.0144777	-0.441179	0.264256	0.00841589
0.0166113	60.2	0.0144678	-0.441179	0.263798	0.0083926
0.0165837	60.3	0.0144579	-0.44118	0.263339	0.00836937
0.0165563	60.4	0.0144481	-0.44118	0.26288	0.0083462
0.0165289	60.5	0.0144383	-0.44118	0.262421	0.00832309
0.0165017	60.6	0.0144285	-0.441181	0.261961	0.00830004
0.0164745	60.7	0.0144188	-0.441181	0.261501	0.00827705
0.0164474	60.8	0.014409	-0.441182	0.261041	0.00825412
0.0164204	60.9	0.0143993	-0.441182	0.26058	0.00823125
0.0163934	61	0.0143897	-0.441182	0.260119	0.00820844
0.0163666	61.1	0.01438	-0.441183	0.259658	0.00818569
0.0163399	61.2	0.0143704	-0.441183	0.259196	0.008163
0.0163132	61.3	0.0143608	-0.441183	0.258734	0.00814037
0.0162866	61.4	0.0143512	-0.441184	0.258272	0.00811779
0.0162602	61.5	0.0143417	-0.441184	0.257809	0.00809528
0.0162338	61.6	0.0143322	-0.441185	0.257347	0.00807282
0.0162075	61.7	0.0143227	-0.441185	0.256884	0.00805042
0.0161812	61.8	0.0143132	-0.441185	0.25642	0.00802808
0.0161551	61.9	0.0143038	-0.441186	0.255957	0.0080058
0.016129	62	0.0142943	-0.441186	0.255493	0.00798358
0.0161031	62.1	0.0142849	-0.441186	0.255029	0.00796141
0.0160772	62.2	0.0142756	-0.441187	0.254564	0.0079393
0.0160514	62.3	0.0142662	-0.441187	0.2541	0.00791725
0.0160256	62.4	0.0142569	-0.441187	0.253635	0.00789525
0.016	62.5	0.0142476	-0.441188	0.25317	0.00787331
0.0159744	62.6	0.0142383	-0.441188	0.252705	0.00785143
0.015949	62.7	0.014229	-0.441188	0.252239	0.0078296
0.0159236	62.8	0.0142198	-0.441189	0.251774	0.00780783
0.0158983	62.9	0.0142106	-0.441189	0.251308	0.00778612
0.015873	63	0.0142013	-0.44119	0.250842	0.00776446
0.0158479	63.1	0.0141922	-0.44119	0.250376	0.00774286
0.0158228	63.2	0.014183	-0.44119	0.249909	0.00772131
0.0157978	63.3	0.0141738	-0.441191	0.249443	0.00769982
0.0157729	63.4	0.0141647	-0.441191	0.248976	0.00767838
0.015748	63.5	0.0141556	-0.441191	0.248509	0.007657
0.0157233	63.6	0.0141465	-0.441192	0.248042	0.00763567
0.0156986	63.7	0.0141374	-0.441192	0.247575	0.0076144
0.015674	63.8	0.0141284	-0.441192	0.247108	0.00759318
0.0156495	63.9	0.0141193	-0.441193	0.246641	0.00757201
0.015625	64	0.0141103	-0.441193	0.246173	0.0075509
0.0156006	64.1	0.0141013	-0.441193	0.245706	0.00752985
0.0155763	64.2	0.0140923	-0.441194	0.245238	0.00750884
0.0155521	64.3	0.0140834	-0.441194	0.24477	0.0074879
0.015528	64.4	0.0140744	-0.441194	0.244302	0.007467
0.0155039	64.5	0.0140655	-0.441194	0.243834	0.00744616
0.0154799	64.6	0.0140565	-0.441195	0.243366	0.00742537
0.015456	64.7	0.0140476	-0.441195	0.242898	0.00740463
0.0154321	64.8	0.0140387	-0.441195	0.24243	0.00738395
0.0154083	64.9	0.0140299	-0.441196	0.241962	0.00736331
0.0153846	65	0.014021	-0.441196	0.241493	0.00734274
0.015361	65.1	0.0140121	-0.441196	0.241025	0.00732221
0.0153374	65.2	0.0140033	-0.441197	0.240557	0.00730173
0.0153139	65.3	0.0139945	-0.441197	0.240088	0.00728131
0.0152905	65.4	0.0139857	-0.441197	0.23962	0.00726094
0.0152672	65.5	0.0139769	-0.441198	0.239151	0.00724062
0.0152439	65.6	0.0139681	-0.441198	0.238683	0.00722035
0.0152207	65.7	0.0139593	-0.441198	0.238214	0.00720014
0.0151976	65.8	0.0139506	-0.441199	0.237746	0.00717997
0.0151745	65.9	0.0139418	-0.441199	0.237277	0.00715986
0.0151515	66	0.0139331	-0.441199	0.236809	0.0071398
0.0151286	66.1	0.0139244	-0.441199	0.23634	0.00711978
0.0151057	66.2	0.0139157	-0.4412	0.235872	0.00709982
0.015083	66.3	0.013907	-0.4412	0.235403	0.00707991
0.0150602	66.4	0.0138983	-0.4412	0.234935	0.00706005
0.0150376	66.5	0.0138896	-0.441201	0.234466	0.00704024
0.015015	66.6	0.013881	-0.441201	0.233998	0.00702048
0.0149925	66.7	0.0138723	-0.441201	0.23353	0.00700077
0.0149701	66.8	0.0138637	-0.441202	0.233061	0.00698111
0.0149477	66.9	0.0138551	-0.441202	0.232593	0.00696149
0.0149254	67	0.0138464	-0.441202	0.232125	0.00694193
0.0149031	67.1	0.0138378	-0.441202	0.231657	0.00692242
0.014881	67.2	0.0138292	-0.441203	0.231189	0.00690296
0.0148588	67.3	0.0138207	-0.441203	0.230721	0.00688354
0.0148368	67.4	0.0138121	-0.441203	0.230253	0.00686418
0.0148148	67.5	0.0138035	-0.441204	0.229785	0.00684486
0.0147929	67.6	0.013795	-0.441204	0.229318	0.00682559
0.014771	67.7	0.0137864	-0.441204	0.22885	0.00680637
0.0147493	67.8	0.0137779	-0.441204	0.228382	0.0067872
0.0147275	67.9	0.0137693	-0.441205	0.227915	0.00676808
0.0147059	68	0.0137608	-0.441205	0.227448	0.00674901
0.0146843	68.1	0.0137523	-0.441205	0.226981	0.00672998
0.0146628	68.2	0.0137438	-0.441206	0.226514	0.006711
0.0146413	68.3	0.0137353	-0.441206	0.226047	0.00669207
0.0146199	68.4	0.0137268	-0.441206	0.22558	0.00667319
0.0145985	68.5	0.0137183	-0.441206	0.225114	0.00665435
0.0145773	68.6	0.0137099	-0.441207	0.224647	0.00663557
0.014556	68.7	0.0137014	-0.441207	0.224181	0.00661683
0.0145349	68.8	0.0136929	-0.441207	0.223715	0.00659813
0.0145138	68.9	0.0136845	-0.441207	0.223249	0.00657949
0.0144928	69	0.0136761	-0.441208	0.222783	0.00656089
0.0144718	69.1	0.0136676	-0.441208	0.222318	0.00654234
0.0144509	69.2	0.0136592	-0.441208	0.221852	0.00652383
0.01443	69.3	0.0136508	-0.441209	0.221387	0.00650537
0.0144092	69.4	0.0136424	-0.441209	0.220922	0.00648696
0.0143885	69.5	0.013634	-0.441209	0.220457	0.00646859
0.0143678	69.6	0.0136256	-0.441209	0.219992	0.00645027
0.0143472	69.7	0.0136172	-0.44121	0.219528	0.006432
0.0143266	69.8	0.0136088	-0.44121	0.219064	0.00641377
0.0143062	69.9	0.0136004	-0.44121	0.2186	0.00639559
0.0142857	70	0.0135921	-0.44121	0.218136	0.00637745
0.0142653	70.1	0.0135837	-0.441211	0.217672	0.00635936
0.014245	70.2	0.0135753	-0.441211	0.217209	0.00634131
0.0142248	70.3	0.013567	-0.441211	0.216746	0.00632331
0.0142045	70.4	0.0135586	-0.441211	0.216283	0.00630536
0.0141844	70.5	0.0135503	-0.441212	0.21582	0.00628745
0.0141643	70.6	0.013542	-0.441212	0.215358	0.00626959
0.0141443	70.7	0.0135336	-0.441212	0.214896	0.00625177
0.0141243	70.8	0.0135253	-0.441212	0.214434	0.00623399
0.0141044	70.9	0.013517	-0.441213	0.213972	0.00621626
0.0140845	71	0.0135087	-0.441213	0.213511	0.00619858
0.0140647	71.1	0.0135004	-0.441213	0.21305	0.00618094
0.0140449	71.2	0.0134921	-0.441213	0.212589	0.00616334
0.0140252	71.3	0.0134838	-0.441214	0.212128	0.00614579
0.0140056	71.4	0.0134755	-0.441214	0.211668	0.00612828
0.013986	71.5	0.0134672	-0.441214	0.211208	0.00611082
0.0139665	71.6	0.0134589	-0.441214	0.210748	0.0060934
0.013947	71.7	0.0134507	-0.441215	0.210289	0.00607602
0.0139276	71.8	0.0134424	-0.441215	0.20983	0.00605869
0.0139082	71.9	0.0134341	-0.441215	0.209371	0.0060414
0.0138889	72	0.0134259	-0.441215	0.208912	0.00602416
0.0138696	72.1	0.0134176	-0.441216	0.208454	0.00600696
0.0138504	72.2	0.0134094	-0.441216	0.207996	0.0059898
0.0138313	72.3	0.0134011	-0.441216	0.207539	0.00597269
0.0138122	72.4	0.0133929	-0.441216	0.207082	0.00595561
0.0137931	72.5	0.0133847	-0.441217	0.206625	0.00593859
0.0137741	72.6	0.0133764	-0.441217	0.206168	0.0059216
0.0137552	72.7	0.0133682	-0.441217	0.205712	0.00590466
0.0137363	72.8	0.01336	-0.441217	0.205256	0.00588776
0.0137174	72.9	0.0133518	-0.441218	0.2048	0.0058709
0.0136986	73	0.0133436	-0.441218	0.204345	0.00585409
0.0136799	73.1	0.0133354	-0.441218	0.20389	0.00583732
0.0136612	73.2	0.0133272	-0.441218	0.203436	0.00582059
0.0136426	73.3	0.013319	-0.441218	0.202982	0.0058039
0.013624	73.4	0.0133108	-0.441219	0.202528	0.00578725
0.0136054	73.5	0.0133026	-0.441219	0.202075	0.00577065
0.013587	73.6	0.0132944	-0.441219	0.201622	0.00575409
0.0135685	73.7	0.0132862	-0.441219	0.201169	0.00573757
0.0135501	73.8	0.0132781	-0.44122	0.200717	0.00572109
0.0135318	73.9	0.0132699	-0.44122	0.200265	0.00570466
0.0135135	74	0.0132617	-0.44122	0.199813	0.00568826
0.0134953	74.1	0.0132536	-0.44122	0.199362	0.00567191
0.0134771	74.2	0.0132454	-0.44122	0.198911	0.0056556
0.013459	74.3	0.0132372	-0.441221	0.198461	0.00563933
0.0134409	74.4	0.0132291	-0.441221	0.198011	0.0056231
0.0134228	74.5	0.013221	-0.441221	0.197561	0.00560691
0.0134048	74.6	0.0132128	-0.441221	0.197112	0.00559076
0.0133869	74.7	0.0132047	-0.441222	0.196664	0.00557466
0.013369	74.8	0.0131965	-0.441222	0.196215	0.00555859
0.0133511	74.9	0.0131884	-0.441222	0.195767	0.00554257
0.0133333	75	0.0131803	-0.441222	0.19532	0.00552659
0.0133156	75.1	0.0131722	-0.441222	0.194873	0.00551064
0.0132979	75.2	0.0131641	-0.441223	0.194426	0.00549474
0.0132802	75.3	0.0131559	-0.441223	0.19398	0.00547888
0.0132626	75.4	0.0131478	-0.441223	0.193534	0.00546306
0.013245	75.5	0.0131397	-0.441223	0.193089	0.00544727
0.0132275	75.6	0.0131316	-0.441223	0.192644	0.00543153
0.01321	75.7	0.0131235	-0.441224	0.1922	0.00541583
0.0131926	75.8	0.0131154	-0.441224	0.191756	0.00540017
0.0131752	75.9	0.0131074	-0.441224	0.191312	0.00538455
0.0131579	76	0.0130993	-0.441224	0.190869	0.00536897
0.0131406	76.1	0.0130912	-0.441224	0.190426	0.00535342
0.0131234	76.2	0.0130831	-0.441225	0.189984	0.00533792
0.0131062	76.3	0.0130751	-0.441225	0.189543	0.00532246
0.013089	76.4	0.013067	-0.441225	0.189101	0.00530703
0.0130719	76.5	0.0130589	-0.441225	0.188661	0.00529165
0.0130548	76.6	0.0130509	-0.441225	0.18822	0.0052763
0.0130378	76.7	0.0130428	-0.441226	0.18778	0.005261
0.0130208	76.8	0.0130348	-0.441226	0.187341	0.00524573
0.0130039	76.9	0.0130267	-0.441226	0.186902	0.0052305
0.012987	77	0.0130187	-0.441226	0.186464	0.00521531
0.0129702	77.1	0.0130106	-0.441226	0.186026	0.00520016
0.0129534	77.2	0.0130026	-0.441227	0.185589	0.00518505
0.0129366	77.3	0.0129946	-0.441227	0.185152	0.00516998
0.0129199	77.4	0.0129866	-0.441227	0.184715	0.00515494
0.0129032	77.5	0.0129785	-0.441227	0.184279	0.00513995
0.0128866	77.6	0.0129705	-0.441227	0.183844	0.00512499
0.01287	77.7	0.0129625	-0.441228	0.183409	0.00511007
0.0128535	77.8	0.0129545	-0.441228	0.182974	0.00509519
0.012837	77.9	0.0129465	-0.441228	0.182541	0.00508035
0.0128205	78	0.0129385	-0.441228	0.182107	0.00506554
0.0128041	78.1	0.0129305	-0.441228	0.181674	0.00505077
0.0127877	78.2	0.0129225	-0.441229	0.181242	0.00503604
0.0127714	78.3	0.0129146	-0.441229	0.18081	0.00502135
0.0127551	78.4	0.0129066	-0.441229	0.180379	0.0050067
0.0127389	78.5	0.0128986	-0.441229	0.179948	0.00499208
0.0127226	78.6	0.0128906	-0.441229	0.179518	0.0049775
0.0127065	78.7	0.0128827	-0.441229	0.179088	0.00496296
0.0126904	78.8	0.0128747	-0.44123	0.178659	0.00494846
0.0126743	78.9	0.0128668	-0.44123	0.17823	0.00493399
0.0126582	79	0.0128588	-0.44123	0.177802	0.00491956
0.0126422	79.1	0.0128509	-0.44123	0.177374	0.00490517
0.0126263	79.2	0.0128429	-0.44123	0.176947	0.00489082
0.0126103	79.3	0.012835	-0.441231	0.17652	0.0048765
0.0125945	79.4	0.0128271	-0.441231	0.176094	0.00486222
0.0125786	79.5	0.0128192	-0.441231	0.175669	0.00484797
0.0125628	79.6	0.0128112	-0.441231	0.175244	0.00483377
0.0125471	79.7	0.0128033	-0.441231	0.17482	0.0048196
0.0125313	79.8	0.0127954	-0.441231	0.174396	0.00480546
0.0125156	79.9	0.0127875	-0.441232	0.173973	0.00479136
0.0125	80	0.0127796	-0.441232	0.17355	0.0047773
0.0124844	80.1	0.0127717	-0.441232	0.173128	0.00476328
0.0124688	80.2	0.0127638	-0.441232	0.172706	0.00474929
0.0124533	80.3	0.012756	-0.441232	0.172285	0.00473534
0.0124378	80.4	0.0127481	-0.441233	0.171865	0.00472142
0.0124224	80.5	0.0127402	-0.441233	0.171445	0.00470754
0.0124069	80.6	0.0127324	-0.441233	0.171026	0.0046937
0.0123916	80.7	0.0127245	-0.441233	0.170607	0.00467989
0.0123762	80.8	0.0127167	-0.441233	0.170189	0.00466611
0.0123609	80.9	0.0127088	-0.441233	0.169771	0.00465238
0.0123457	81	0.012701	-0.441234	0.169354	0.00463868
0.0123305	81.1	0.0126931	-0.441234	0.168938	0.00462501
0.0123153	81.2	0.0126853	-0.441234	0.168522	0.00461138
0.0123001	81.3	0.0126775	-0.441234	0.168107	0.00459779
0.012285	81.4	0.0126697	-0.441234	0.167692	0.00458423
0.0122699	81.5	0.0126619	-0.441234	0.167278	0.0045707
0.0122549	81.6	0.0126541	-0.441235	0.166865	0.00455721
0.0122399	81.7	0.0126463	-0.441235	0.166452	0.00454376
0.0122249	81.8	0.0126385	-0.441235	0.16604	0.00453034
0.01221	81.9	0.0126307	-0.441235	0.165628	0.00451696
0.0121951	82	0.0126229	-0.441235	0.165217	0.00450361
0.0121803	82.1	0.0126151	-0.441235	0.164806	0.00449029
0.0121655	82.2	0.0126074	-0.441236	0.164397	0.00447701
0.0121507	82.3	0.0125996	-0.441236	0.163987	0.00446377
0.0121359	82.4	0.0125919	-0.441236	0.163579	0.00445056
0.0121212	82.5	0.0125841	-0.441236	0.16317	0.00443738
0.0121065	82.6	0.0125764	-0.441236	0.162763	0.00442424
0.0120919	82.7	0.0125687	-0.441236	0.162356	0.00441114
0.0120773	82.8	0.0125609	-0.441236	0.16195	0.00439806
0.0120627	82.9	0.0125532	-0.441237	0.161544	0.00438502
0.0120482	83	0.0125455	-0.441237	0.161139	0.00437202
0.0120337	83.1	0.0125378	-0.441237	0.160735	0.00435905
0.0120192	83.2	0.0125301	-0.441237	0.160331	0.00434611
0.0120048	83.3	0.0125224	-0.441237	0.159928	0.00433321
0.0119904	83.4	0.0125148	-0.441237	0.159525	0.00432034
0.011976	83.5	0.0125071	-0.441238	0.159123	0.00430751
0.0119617	83.6	0.0124994	-0.441238	0.158722	0.00429471
0.0119474	83.7	0.0124918	-0.441238	0.158321	0.00428194
0.0119332	83.8	0.0124841	-0.441238	0.157921	0.00426921
0.011919	83.9	0.0124765	-0.441238	0.157522	0.00425651
0.0119048	84	0.0124688	-0.441238	0.157123	0.00424384
0.0118906	84.1	0.0124612	-0.441238	0.156725	0.00423121
0.0118765	84.2	0.0124536	-0.441239	0.156327	0.00421861
0.0118624	84.3	0.012446	-0.441239	0.155931	0.00420604
0.0118483	84.4	0.0124384	-0.441239	0.155534	0.00419351
0.0118343	84.5	0.0124308	-0.441239	0.155139	0.00418101
0.0118203	84.6	0.0124232	-0.441239	0.154744	0.00416854
0.0118064	84.7	0.0124156	-0.441239	0.154349	0.00415611
0.0117925	84.8	0.0124081	-0.44124	0.153956	0.00414371
0.0117786	84.9	0.0124005	-0.44124	0.153562	0.00413134
0.0117647	85	0.012393	-0.44124	0.15317	0.004119
0.0117509	85.1	0.0123854	-0.44124	0.152778	0.0041067
0.0117371	85.2	0.0123779	-0.44124	0.152387	0.00409443
0.0117233	85.3	0.0123704	-0.44124	0.151997	0.00408219
0.0117096	85.4	0.0123628	-0.44124	0.151607	0.00406998
0.0116959	85.5	0.0123553	-0.441241	0.151217	0.00405781
0.0116822	85.6	0.0123478	-0.441241	0.150829	0.00404567
0.0116686	85.7	0.0123403	-0.441241	0.150441	0.00403356
0.011655	85.8	0.0123329	-0.441241	0.150054	0.00402148
0.0116414	85.9	0.0123254	-0.441241	0.149667	0.00400944
0.0116279	86	0.0123179	-0.441241	0.149281	0.00399743
0.0116144	86.1	0.0123105	-0.441241	0.148896	0.00398544
0.0116009	86.2	0.012303	-0.441242	0.148511	0.0039735
0.0115875	86.3	0.0122956	-0.441242	0.148127	0.00396158
0.0115741	86.4	0.0122882	-0.441242	0.147744	0.00394969
0.0115607	86.5	0.0122808	-0.441242	0.147361	0.00393784
0.0115473	86.6	0.0122734	-0.441242	0.146979	0.00392602
0.011534	86.7	0.012266	-0.441242	0.146598	0.00391423
0.0115207	86.8	0.0122586	-0.441242	0.146217	0.00390247
0.0115075	86.9	0.0122512	-0.441242	0.145837	0.00389074
0.0114943	87	0.0122438	-0.441243	0.145458	0.00387904
0.0114811	87.1	0.0122365	-0.441243	0.145079	0.00386738
0.0114679	87.2	0.0122291	-0.441243	0.144701	0.00385575
0.0114548	87.3	0.0122218	-0.441243	0.144323	0.00384414
0.0114416	87.4	0.0122145	-0.441243	0.143947	0.00383257
0.0114286	87.5	0.0122072	-0.441243	0.143571	0.00382103
0.0114155	87.6	0.0121999	-0.441243	0.143195	0.00380952
0.0114025	87.7	0.0121926	-0.441244	0.14282	0.00379804
0.0113895	87.8	0.0121853	-0.441244	0.142446	0.00378659
0.0113766	87.9	0.012178	-0.441244	0.142073	0.00377518
0.0113636	88	0.0121708	-0.441244	0.1417	0.00376379
0.0113507	88.1	0.0121635	-0.441244	0.141328	0.00375243
0.0113379	88.2	0.0121563	-0.441244	0.140957	0.00374111
0.011325	88.3	0.0121491	-0.441244	0.140586	0.00372981
0.0113122	88.4	0.0121418	-0.441244	0.140216	0.00371855
0.0112994	88.5	0.0121346	-0.441245	0.139847	0.00370732
0.0112867	88.6	0.0121274	-0.441245	0.139478	0.00369611
0.011274	88.7	0.0121203	-0.441245	0.13911	0.00368494
0.0112613	88.8	0.0121131	-0.441245	0.138743	0.00367379
0.0112486	88.9	0.0121059	-0.441245	0.138376	0.00366268
0.011236	89	0.0120988	-0.441245	0.13801	0.0036516
0.0112233	89.1	0.0120917	-0.441245	0.137645	0.00364054
0.0112108	89.2	0.0120845	-0.441245	0.13728	0.00362952
0.0111982	89.3	0.0120774	-0.441246	0.136916	0.00361853
0.0111857	89.4	0.0120703	-0.441246	0.136553	0.00360756
0.0111732	89.5	0.0120632	-0.441246	0.13619	0.00359663
0.0111607	89.6	0.0120562	-0.441246	0.135828	0.00358572
0.0111483	89.7	0.0120491	-0.441246	0.135467	0.00357485
0.0111359	89.8	0.012042	-0.441246	0.135106	0.003564
0.0111235	89.9	0.012035	-0.441246	0.134746	0.00355318
0.0111111	90	0.012028	-0.441246	0.134387	0.0035424
0.0110988	90.1	0.012021	-0.441247	0.134028	0.00353164
0.0110865	90.2	0.012014	-0.441247	0.133671	0.00352091
0.0110742	90.3	0.012007	-0.441247	0.133313	0.00351021
0.0110619	90.4	0.012	-0.441247	0.132957	0.00349954
0.0110497	90.5	0.011993	-0.441247	0.132601	0.0034889
0.0110375	90.6	0.0119861	-0.441247	0.132246	0.00347829
0.0110254	90.7	0.0119792	-0.441247	0.131892	0.0034677
0.0110132	90.8	0.0119722	-0.441247	0.131538	0.00345715
0.0110011	90.9	0.0119653	-0.441247	0.131185	0.00344662
0.010989	91	0.0119584	-0.441248	0.130832	0.00343613
0.0109769	91.1	0.0119515	-0.441248	0.130481	0.00342566
0.0109649	91.2	0.0119447	-0.441248	0.13013	0.00341522
0.0109529	91.3	0.0119378	-0.441248	0.129779	0.00340481
0.0109409	91.4	0.011931	-0.441248	0.12943	0.00339442
0.010929	91.5	0.0119241	-0.441248	0.129081	0.00338407
0.010917	91.6	0.0119173	-0.441248	0.128732	0.00337374
0.0109051	91.7	0.0119105	-0.441248	0.128385	0.00336344
0.0108932	91.8	0.0119037	-0.441249	0.128038	0.00335317
0.0108814	91.9	0.011897	-0.441249	0.127691	0.00334293
0.0108696	92	0.0118902	-0.441249	0.127346	0.00333272
0.0108578	92.1	0.0118834	-0.441249	0.127001	0.00332253
0.010846	92.2	0.0118767	-0.441249	0.126657	0.00331237
0.0108342	92.3	0.01187	-0.441249	0.126313	0.00330225
0.0108225	92.4	0.0118633	-0.441249	0.125971	0.00329214
0.0108108	92.5	0.0118566	-0.441249	0.125628	0.00328207
0.0107991	92.6	0.0118499	-0.441249	0.125287	0.00327202
0.0107875	92.7	0.0118433	-0.441249	0.124946	0.003262
0.0107759	92.8	0.0118366	-0.44125	0.124606	0.00325201
0.0107643	92.9	0.01183	-0.44125	0.124267	0.00324205
0.0107527	93	0.0118234	-0.44125	0.123928	0.00323211
0.0107411	93.1	0.0118168	-0.44125	0.12359	0.0032222
0.0107296	93.2	0.0118102	-0.44125	0.123253	0.00321232
0.0107181	93.3	0.0118036	-0.44125	0.122916	0.00320247
0.0107066	93.4	0.011797	-0.44125	0.12258	0.00319264
0.0106952	93.5	0.0117905	-0.44125	0.122245	0.00318284
0.0106838	93.6	0.011784	-0.44125	0.12191	0.00317307
0.0106724	93.7	0.0117774	-0.441251	0.121577	0.00316332
0.010661	93.8	0.0117709	-0.441251	0.121243	0.0031536
0.0106496	93.9	0.0117645	-0.441251	0.120911	0.00314391
0.0106383	94	0.011758	-0.441251	0.120579	0.00313425
0.010627	94.1	0.0117515	-0.441251	0.120248	0.00312461
0.0106157	94.2	0.0117451	-0.441251	0.119917	0.00311499
0.0106045	94.3	0.0117387	-0.441251	0.119588	0.00310541
0.0105932	94.4	0.0117323	-0.441251	0.119259	0.00309585
0.010582	94.5	0.0117259	-0.441251	0.11893	0.00308632
0.0105708	94.6	0.0117195	-0.441251	0.118603	0.00307681
0.0105597	94.7	0.0117131	-0.441252	0.118276	0.00306733
0.0105485	94.8	0.0117068	-0.441252	0.117949	0.00305788
0.0105374	94.9	0.0117005	-0.441252	0.117624	0.00304846
0.0105263	95	0.0116942	-0.441252	0.117299	0.00303906
0.0105152	95.1	0.0116879	-0.441252	0.116974	0.00302968
0.0105042	95.2	0.0116816	-0.441252	0.116651	0.00302033
0.0104932	95.3	0.0116753	-0.441252	0.116328	0.00301101
0.0104822	95.4	0.0116691	-0.441252	0.116006	0.00300172
0.0104712	95.5	0.0116628	-0.441252	0.115684	0.00299245
0.0104603	95.6	0.0116566	-0.441252	0.115363	0.0029832
0.0104493	95.7	0.0116504	-0.441253	0.115043	0.00297398
0.0104384	95.8	0.0116443	-0.441253	0.114724	0.00296479
0.0104275	95.9	0.0116381	-0.441253	0.114405	0.00295562
0.0104167	96	0.0116319	-0.441253	0.114087	0.00294648
0.0104058	96.1	0.0116258	-0.441253	0.113769	0.00293737
0.010395	96.2	0.0116197	-0.441253	0.113453	0.00292828
0.0103842	96.3	0.0116136	-0.441253	0.113137	0.00291921
0.0103734	96.4	0.0116075	-0.441253	0.112821	0.00291017
0.0103627	96.5	0.0116014	-0.441253	0.112506	0.00290116
0.010352	96.6	0.0115954	-0.441253	0.112192	0.00289217
0.0103413	96.7	0.0115894	-0.441253	0.111879	0.00288321
0.0103306	96.8	0.0115833	-0.441254	0.111566	0.00287427
0.0103199	96.9	0.0115773	-0.441254	0.111255	0.00286536
0.0103093	97	0.0115714	-0.441254	0.110943	0.00285647
0.0102987	97.1	0.0115654	-0.441254	0.110633	0.0028476
0.0102881	97.2	0.0115595	-0.441254	0.110323	0.00283877
0.0102775	97.3	0.0115535	-0.441254	0.110013	0.00282995
0.0102669	97.4	0.0115476	-0.441254	0.109705	0.00282116
0.0102564	97.5	0.0115417	-0.441254	0.109397	0.0028124
0.0102459	97.6	0.0115358	-0.441254	0.10909	0.00280366
0.0102354	97.7	0.01153	-0.441254	0.108783	0.00279495
0.0102249	97.8	0.0115241	-0.441254	0.108477	0.00278626
0.0102145	97.9	0.0115183	-0.441255	0.108172	0.00277759
0.0102041	98	0.0115125	-0.441255	0.107868	0.00276895
0.0101937	98.1	0.0115067	-0.441255	0.107564	0.00276033
0.0101833	98.2	0.0115009	-0.441255	0.107261	0.00275174
0.0101729	98.3	0.0114952	-0.441255	0.106958	0.00274317
0.0101626	98.4	0.0114894	-0.441255	0.106657	0.00273463
0.0101523	98.5	0.0114837	-0.441255	0.106355	0.00272611
0.010142	98.6	0.011478	-0.441255	0.106055	0.00271761
0.0101317	98.7	0.0114723	-0.441255	0.105755	0.00270914
0.0101215	98.8	0.0114667	-0.441255	0.105456	0.0027007
0.0101112	98.9	0.011461	-0.441255	0.105158	0.00269227
0.010101	99	0.0114554	-0.441256	0.10486	0.00268387
0.0100908	99.1	0.0114498	-0.441256	0.104563	0.0026755
0.0100806	99.2	0.0114442	-0.441256	0.104266	0.00266715
0.0100705	99.3	0.0114386	-0.441256	0.103971	0.00265882
0.0100604	99.4	0.011433	-0.441256	0.103676	0.00265051
0.0100503	99.5	0.0114275	-0.441256	0.103381	0.00264223
0.0100402	99.6	0.011422	-0.441256	0.103087	0.00263398
0.0100301	99.7	0.0114165	-0.441256	0.102794	0.00262574
0.01002	99.8	0.011411	-0.441256	0.102502	0.00261753
0.01001	99.9	0.0114055	-0.441256	0.10221	0.00260934
0.01	100	0.0114001	-0.441256	0.101919	0.00260118
