#T	β	c	e	chi	s
100	0.01	0.000136843	-0.346987	0.0197397	0.693079
50	0.02	0.000549673	-0.3607	0.0389632	0.692873
33.3333	0.03	0.00124151	-0.374469	0.057677	0.692529
25	0.04	0.00221481	-0.388288	0.0758877	0.692045
20	0.05	0.0034714	-0.402153	0.0936023	0.691421
16.6667	0.06	0.00501255	-0.416058	0.110828	0.690656
14.2857	0.07	0.00683888	-0.429998	0.127571	0.68975
12.5	0.08	0.0089504	-0.44397	0.143839	0.688702
11.1111	0.09	0.0113465	-0.457967	0.15964	0.687513
10	0.1	0.014026	-0.471984	0.17498	0.686181
9.09091	0.11	0.0169869	-0.486017	0.189868	0.684707
8.33333	0.12	0.0202269	-0.50006	0.204311	0.683093
7.69231	0.13	0.0237428	-0.514108	0.218317	0.681336
7.14286	0.14	0.0275309	-0.528156	0.231893	0.67944
6.66667	0.15	0.0315871	-0.542199	0.245047	0.677404
6.25	0.16	0.0359064	-0.556232	0.257788	0.675229
5.88235	0.17	0.0404835	-0.570249	0.270123	0.672916
5.55556	0.18	0.0453125	-0.584246	0.28206	0.670466
5.26316	0.19	0.0503869	-0.598218	0.293607	0.667882
5	0.2	0.0556998	-0.61216	0.304772	0.665163
3.33333	0.3	0.12014	-0.748891	0.397201	0.631028
2.5	0.4	0.19839	-0.877888	0.460167	0.585959
2	0.5	0.280346	-0.996092	0.500925	0.532866
1.66667	0.6	0.357373	-1.10183	0.525616	0.474817
1.42857	0.7	0.423659	-1.19466	0.539116	0.414587
1.25	0.8	0.47632	-1.27501	0.545108	0.354419
1.11111	0.9	0.514777	-1.3439	0.546274	0.29596
1	1	0.539936	-1.40256	0.544527	0.24031
0.909091	1.1	0.553486	-1.45232	0.541203	0.188129
0.833333	1.2	0.557402	-1.49445	0.537229	0.139739
0.769231	1.3	0.553642	-1.5301	0.533241	0.0952262
0.714286	1.4	0.543986	-1.56028	0.52967	0.054519
0.666667	1.5	0.529972	-1.58588	0.526802	0.0174446
0.625	1.6	0.512878	-1.60762	0.524824	-0.0162269
0.588235	1.7	0.493739	-1.62614	0.523848	-0.0467537
0.555556	1.8	0.473372	-1.64195	0.523935	-0.0744027
0.526316	1.9	0.452407	-1.65549	0.525111	-0.0994365
0.5	2	0.431322	-1.66712	0.527374	-0.122105
0.47619	2.1	0.410467	-1.67714	0.530705	-0.142644
0.454545	2.2	0.390094	-1.68581	0.535073	-0.161266
0.434783	2.3	0.370375	-1.69333	0.540437	-0.178169
0.416667	2.4	0.351422	-1.69987	0.54675	-0.193528
0.4	2.5	0.333302	-1.70557	0.553963	-0.207504
0.384615	2.6	0.316048	-1.71057	0.562025	-0.220237
0.37037	2.7	0.299667	-1.71496	0.570882	-0.231855
0.357143	2.8	0.284148	-1.71882	0.580483	-0.24247
0.344828	2.9	0.26947	-1.72223	0.590777	-0.252183
0.333333	3	0.255603	-1.72524	0.601715	-0.261082
0.322581	3.1	0.242512	-1.72792	0.613248	-0.269248
0.3125	3.2	0.23016	-1.7303	0.625333	-0.276751
0.30303	3.3	0.218509	-1.73243	0.637925	-0.283653
0.294118	3.4	0.207522	-1.73433	0.650986	-0.290011
0.285714	3.5	0.19716	-1.73603	0.664477	-0.295876
0.277778	3.6	0.18739	-1.73755	0.678363	-0.301292
0.27027	3.7	0.178176	-1.73893	0.692612	-0.306299
0.263158	3.8	0.169487	-1.74016	0.707194	-0.310934
0.25641	3.9	0.161292	-1.74128	0.72208	-0.31523
0.25	4	0.153564	-1.74229	0.737246	-0.319215
0.243902	4.1	0.146274	-1.7432	0.752667	-0.322916
0.238095	4.2	0.139399	-1.74403	0.768323	-0.326358
0.232558	4.3	0.132914	-1.74478	0.784193	-0.329561
0.227273	4.4	0.126797	-1.74547	0.800259	-0.332546
0.222222	4.5	0.121028	-1.7461	0.816504	-0.33533
0.217391	4.6	0.115586	-1.74667	0.832915	-0.33793
0.212766	4.7	0.110453	-1.74719	0.849476	-0.340361
0.208333	4.8	0.105611	-1.74767	0.866175	-0.342635
0.204082	4.9	0.101044	-1.74811	0.883001	-0.344765
0.2	5	0.0967363	-1.74851	0.899942	-0.346763
0.196078	5.1	0.0926726	-1.74888	0.91699	-0.348638
0.192308	5.2	0.0888391	-1.74923	0.934136	-0.3504
0.188679	5.3	0.0852225	-1.74954	0.951371	-0.352057
0.185185	5.4	0.0818102	-1.74983	0.968688	-0.353618
0.181818	5.5	0.0785902	-1.7501	0.986081	-0.35509
0.178571	5.6	0.0755513	-1.75035	1.00354	-0.356478
0.175439	5.7	0.0726827	-1.75059	1.02107	-0.35779
0.172414	5.8	0.0699744	-1.7508	1.03865	-0.35903
0.169492	5.9	0.0674167	-1.751	1.05629	-0.360204
0.166667	6	0.0650007	-1.75119	1.07398	-0.361317
0.163934	6.1	0.0627176	-1.75136	1.09171	-0.362372
0.16129	6.2	0.0605596	-1.75153	1.10948	-0.363374
0.15873	6.3	0.0585188	-1.75168	1.12729	-0.364327
0.15625	6.4	0.0565882	-1.75182	1.14514	-0.365233
0.153846	6.5	0.0547609	-1.75196	1.16302	-0.366096
0.151515	6.6	0.0530305	-1.75208	1.18093	-0.366919
0.149254	6.7	0.051391	-1.7522	1.19887	-0.367704
0.147059	6.8	0.0498367	-1.75231	1.21683	-0.368454
0.144928	6.9	0.0483623	-1.75242	1.23481	-0.369171
0.142857	7	0.0469626	-1.75251	1.25282	-0.369856
0.140845	7.1	0.0456331	-1.75261	1.27085	-0.370513
0.138889	7.2	0.0443693	-1.7527	1.28889	-0.371142
0.136986	7.3	0.043167	-1.75278	1.30695	-0.371746
0.135135	7.4	0.0420223	-1.75286	1.32503	-0.372325
0.133333	7.5	0.0409316	-1.75293	1.34312	-0.372882
0.131579	7.6	0.0398915	-1.753	1.36122	-0.373417
0.12987	7.7	0.0388986	-1.75307	1.37934	-0.373932
0.128205	7.8	0.0379501	-1.75313	1.39747	-0.374428
0.126582	7.9	0.0370431	-1.7532	1.4156	-0.374906
0.125	8	0.0361749	-1.75325	1.43375	-0.375366
0.123457	8.1	0.0353433	-1.75331	1.4519	-0.37581
0.121951	8.2	0.0345457	-1.75336	1.47006	-0.376239
0.120482	8.3	0.0337802	-1.75341	1.48823	-0.376653
0.119048	8.4	0.0330447	-1.75346	1.50641	-0.377053
0.117647	8.5	0.0323373	-1.7535	1.52459	-0.37744
0.116279	8.6	0.0316563	-1.75355	1.54278	-0.377814
0.114943	8.7	0.0310001	-1.75359	1.56097	-0.378176
0.113636	8.8	0.0303674	-1.75363	1.57917	-0.378527
0.11236	8.9	0.0297562	-1.75367	1.59737	-0.378866
0.111111	9	0.0291657	-1.75371	1.61557	-0.379195
0.10989	9.1	0.0285945	-1.75374	1.63378	-0.379515
0.108696	9.2	0.0280415	-1.75377	1.65199	-0.379824
0.107527	9.3	0.0275057	-1.75381	1.6702	-0.380124
0.106383	9.4	0.026986	-1.75384	1.68842	-0.380415
0.105263	9.5	0.0264816	-1.75387	1.70663	-0.380698
0.104167	9.6	0.0259917	-1.7539	1.72485	-0.380973
0.103093	9.7	0.0255153	-1.75392	1.74307	-0.38124
0.102041	9.8	0.0250518	-1.75395	1.7613	-0.381499
0.10101	9.9	0.0246005	-1.75398	1.77952	-0.381751
0.1	10	0.0241608	-1.754	1.79775	-0.381996
0.0990099	10.1	0.023732	-1.75403	1.81597	-0.382234
0.0980392	10.2	0.0233137	-1.75405	1.8342	-0.382466
0.0970874	10.3	0.0229053	-1.75407	1.85242	-0.382691
0.0961538	10.4	0.0225063	-1.75409	1.87065	-0.38291
0.0952381	10.5	0.0221163	-1.75411	1.88888	-0.383124
0.0943396	10.6	0.0217349	-1.75413	1.90711	-0.383332
0.0934579	10.7	0.0213618	-1.75415	1.92534	-0.383534
0.0925926	10.8	0.0209965	-1.75417	1.94356	-0.383731
0.0917431	10.9	0.0206387	-1.75419	1.96179	-0.383923
0.0909091	11	0.0202882	-1.7542	1.98002	-0.384109
0.0900901	11.1	0.0199446	-1.75422	1.99825	-0.384291
0.0892857	11.2	0.0196077	-1.75424	2.01647	-0.384469
0.0884956	11.3	0.0192772	-1.75425	2.0347	-0.384641
0.0877193	11.4	0.0189529	-1.75427	2.05292	-0.38481
0.0869565	11.5	0.0186346	-1.75428	2.07115	-0.384974
0.0862069	11.6	0.0183221	-1.75429	2.08937	-0.385133
0.0854701	11.7	0.0180152	-1.75431	2.10759	-0.385289
0.0847458	11.8	0.0177137	-1.75432	2.12582	-0.385441
0.0840336	11.9	0.0174174	-1.75433	2.14404	-0.385589
0.0833333	12	0.0171263	-1.75434	2.16226	-0.385734
0.0826446	12.1	0.0168401	-1.75436	2.18048	-0.385875
0.0819672	12.2	0.0165587	-1.75437	2.1987	-0.386012
0.0813008	12.3	0.0162821	-1.75438	2.21691	-0.386146
0.0806452	12.4	0.01601	-1.75439	2.23513	-0.386276
0.08	12.5	0.0157424	-1.7544	2.25334	-0.386404
0.0793651	12.6	0.0154791	-1.75441	2.27156	-0.386528
0.0787402	12.7	0.0152201	-1.75442	2.28977	-0.386649
0.078125	12.8	0.0149653	-1.75443	2.30798	-0.386767
0.0775194	12.9	0.0147145	-1.75444	2.32619	-0.386883
0.0769231	13	0.0144678	-1.75445	2.3444	-0.386995
0.0763359	13.1	0.0142249	-1.75445	2.36261	-0.387105
0.0757576	13.2	0.0139859	-1.75446	2.38081	-0.387212
0.075188	13.3	0.0137506	-1.75447	2.39902	-0.387317
0.0746269	13.4	0.0135191	-1.75448	2.41722	-0.387419
0.0740741	13.5	0.0132911	-1.75449	2.43542	-0.387518
0.0735294	13.6	0.0130668	-1.75449	2.45363	-0.387615
0.0729927	13.7	0.0128459	-1.7545	2.47182	-0.38771
0.0724638	13.8	0.0126285	-1.75451	2.49002	-0.387803
0.0719424	13.9	0.0124144	-1.75451	2.50822	-0.387893
0.0714286	14	0.0122037	-1.75452	2.52641	-0.387981
0.070922	14.1	0.0119962	-1.75453	2.54461	-0.388067
0.0704225	14.2	0.011792	-1.75453	2.5628	-0.388151
0.0699301	14.3	0.011591	-1.75454	2.58099	-0.388233
0.0694444	14.4	0.0113931	-1.75454	2.59918	-0.388312
0.0689655	14.5	0.0111983	-1.75455	2.61737	-0.38839
0.0684932	14.6	0.0110065	-1.75455	2.63556	-0.388467
0.0680272	14.7	0.0108177	-1.75456	2.65374	-0.388541
0.0675676	14.8	0.0106318	-1.75456	2.67193	-0.388613
0.0671141	14.9	0.0104489	-1.75457	2.69011	-0.388684
0.0666667	15	0.0102688	-1.75457	2.70829	-0.388753
0.0662252	15.1	0.0100916	-1.75458	2.72647	-0.388821
0.0657895	15.2	0.00991711	-1.75458	2.74465	-0.388887
0.0653595	15.3	0.0097454	-1.75459	2.76283	-0.388951
0.0649351	15.4	0.0095764	-1.75459	2.78101	-0.389014
0.0645161	15.5	0.00941006	-1.75459	2.79918	-0.389075
0.0641026	15.6	0.00924637	-1.7546	2.81736	-0.389135
0.0636943	15.7	0.00908527	-1.7546	2.83553	-0.389193
0.0632911	15.8	0.00892674	-1.7546	2.8537	-0.38925
0.0628931	15.9	0.00877074	-1.75461	2.87187	-0.389306
0.0625	16	0.00861724	-1.75461	2.89004	-0.38936
0.0621118	16.1	0.0084662	-1.75462	2.90821	-0.389413
0.0617284	16.2	0.00831758	-1.75462	2.92637	-0.389465
0.0613497	16.3	0.00817137	-1.75462	2.94454	-0.389515
0.0609756	16.4	0.00802751	-1.75462	2.9627	-0.389564
0.0606061	16.5	0.00788599	-1.75463	2.98086	-0.389613
0.060241	16.6	0.00774676	-1.75463	2.99902	-0.38966
0.0598802	16.7	0.0076098	-1.75463	3.01718	-0.389705
0.0595238	16.8	0.00747508	-1.75464	3.03534	-0.38975
0.0591716	16.9	0.00734256	-1.75464	3.0535	-0.389794
0.0588235	17	0.00721222	-1.75464	3.07166	-0.389837
0.0584795	17.1	0.00708402	-1.75464	3.08981	-0.389878
0.0581395	17.2	0.00695794	-1.75465	3.10797	-0.389919
0.0578035	17.3	0.00683394	-1.75465	3.12612	-0.389959
0.0574713	17.4	0.006712	-1.75465	3.14427	-0.389998
0.0571429	17.5	0.00659208	-1.75465	3.16242	-0.390035
0.0568182	17.6	0.00647417	-1.75465	3.18057	-0.390072
0.0564972	17.7	0.00635822	-1.75466	3.19872	-0.390108
0.0561798	17.8	0.00624422	-1.75466	3.21687	-0.390144
0.0558659	17.9	0.00613213	-1.75466	3.23502	-0.390178
0.0555556	18	0.00602193	-1.75466	3.25316	-0.390212
0.0552486	18.1	0.00591359	-1.75466	3.27131	-0.390244
0.0549451	18.2	0.00580708	-1.75467	3.28945	-0.390277
0.0546448	18.3	0.00570237	-1.75467	3.3076	-0.390308
0.0543478	18.4	0.00559945	-1.75467	3.32574	-0.390338
0.0540541	18.5	0.00549827	-1.75467	3.34388	-0.390368
0.0537634	18.6	0.00539883	-1.75467	3.36202	-0.390397
0.0534759	18.7	0.00530109	-1.75467	3.38016	-0.390426
0.0531915	18.8	0.00520502	-1.75468	3.3983	-0.390453
0.0529101	18.9	0.00511061	-1.75468	3.41643	-0.39048
0.0526316	19	0.00501783	-1.75468	3.43457	-0.390507
0.052356	19.1	0.00492665	-1.75468	3.45271	-0.390533
0.0520833	19.2	0.00483705	-1.75468	3.47084	-0.390558
0.0518135	19.3	0.00474901	-1.75468	3.48897	-0.390582
0.0515464	19.4	0.00466249	-1.75468	3.50711	-0.390606
0.0512821	19.5	0.00457749	-1.75468	3.52524	-0.39063
0.0510204	19.6	0.00449398	-1.75469	3.54337	-0.390653
0.0507614	19.7	0.00441192	-1.75469	3.5615	-0.390675
0.0505051	19.8	0.00433131	-1.75469	3.57963	-0.390697
0.0502513	19.9	0.00425212	-1.75469	3.59776	-0.390718
0.05	20	0.00417433	-1.75469	3.61589	-0.390739
0.0497512	20.1	0.00409791	-1.75469	3.63402	-0.39076
0.049505	20.2	0.00402285	-1.75469	3.65214	-0.390779
0.0492611	20.3	0.00394912	-1.75469	3.67027	-0.390799
0.0490196	20.4	0.00387671	-1.75469	3.6884	-0.390818
0.0487805	20.5	0.00380559	-1.75469	3.70652	-0.390836
0.0485437	20.6	0.00373574	-1.7547	3.72464	-0.390854
0.0483092	20.7	0.00366715	-1.7547	3.74277	-0.390872
0.0480769	20.8	0.00359979	-1.7547	3.76089	-0.390889
0.0478469	20.9	0.00353364	-1.7547	3.77901	-0.390906
0.047619	21	0.00346868	-1.7547	3.79713	-0.390922
0.0473934	21.1	0.00340491	-1.7547	3.81525	-0.390938
0.0471698	21.2	0.00334229	-1.7547	3.83337	-0.390954
0.0469484	21.3	0.0032808	-1.7547	3.85149	-0.390969
0.046729	21.4	0.00322044	-1.7547	3.86961	-0.390984
0.0465116	21.5	0.00316118	-1.7547	3.88773	-0.390998
0.0462963	21.6	0.003103	-1.7547	3.90585	-0.391013
0.0460829	21.7	0.00304589	-1.7547	3.92396	-0.391026
0.0458716	21.8	0.00298983	-1.7547	3.94208	-0.39104
0.0456621	21.9	0.0029348	-1.75471	3.9602	-0.391053
0.0454545	22	0.00288079	-1.75471	3.97831	-0.391066
0.0452489	22.1	0.00282777	-1.75471	3.99643	-0.391079
0.045045	22.2	0.00277573	-1.75471	4.01454	-0.391091
0.044843	22.3	0.00272466	-1.75471	4.03266	-0.391103
0.0446429	22.4	0.00267454	-1.75471	4.05077	-0.391115
0.0444444	22.5	0.00262535	-1.75471	4.06888	-0.391126
0.0442478	22.6	0.00257708	-1.75471	4.08699	-0.391137
0.0440529	22.7	0.00252971	-1.75471	4.10511	-0.391148
0.0438596	22.8	0.00248323	-1.75471	4.12322	-0.391159
0.0436681	22.9	0.00243762	-1.75471	4.14133	-0.391169
0.0434783	23	0.00239286	-1.75471	4.15944	-0.39118
0.04329	23.1	0.00234895	-1.75471	4.17755	-0.391189
0.0431034	23.2	0.00230587	-1.75471	4.19566	-0.391199
0.0429185	23.3	0.0022636	-1.75471	4.21377	-0.391209
0.042735	23.4	0.00222213	-1.75471	4.23188	-0.391218
0.0425532	23.5	0.00218145	-1.75471	4.24998	-0.391227
0.0423729	23.6	0.00214154	-1.75471	4.26809	-0.391236
0.0421941	23.7	0.00210239	-1.75471	4.2862	-0.391244
0.0420168	23.8	0.00206399	-1.75471	4.30431	-0.391253
0.041841	23.9	0.00202632	-1.75471	4.32241	-0.391261
0.0416667	24	0.00198937	-1.75471	4.34052	-0.391269
0.0414938	24.1	0.00195313	-1.75471	4.35863	-0.391277
0.0413223	24.2	0.00191759	-1.75472	4.37673	-0.391284
0.0411523	24.3	0.00188273	-1.75472	4.39484	-0.391292
0.0409836	24.4	0.00184854	-1.75472	4.41294	-0.391299
0.0408163	24.5	0.00181502	-1.75472	4.43105	-0.391306
0.0406504	24.6	0.00178214	-1.75472	4.44915	-0.391313
0.0404858	24.7	0.0017499	-1.75472	4.46725	-0.39132
0.0403226	24.8	0.00171829	-1.75472	4.48536	-0.391326
0.0401606	24.9	0.00168729	-1.75472	4.50346	-0.391333
0.04	25	0.00165689	-1.75472	4.52156	-0.391339
0.0398406	25.1	0.00162709	-1.75472	4.53967	-0.391345
0.0396825	25.2	0.00159788	-1.75472	4.55777	-0.391351
0.0395257	25.3	0.00156924	-1.75472	4.57587	-0.391357
0.0393701	25.4	0.00154115	-1.75472	4.59397	-0.391363
0.0392157	25.5	0.00151363	-1.75472	4.61207	-0.391369
0.0390625	25.6	0.00148664	-1.75472	4.63018	-0.391374
0.0389105	25.7	0.00146019	-1.75472	4.64828	-0.391379
0.0387597	25.8	0.00143426	-1.75472	4.66638	-0.391384
0.03861	25.9	0.00140885	-1.75472	4.68448	-0.39139
0.0384615	26	0.00138394	-1.75472	4.70258	-0.391395
0.0383142	26.1	0.00135953	-1.75472	4.72068	-0.391399
0.0381679	26.2	0.0013356	-1.75472	4.73878	-0.391404
0.0380228	26.3	0.00131215	-1.75472	4.75688	-0.391409
0.0378788	26.4	0.00128917	-1.75472	4.77498	-0.391413
0.0377358	26.5	0.00126666	-1.75472	4.79308	-0.391418
0.037594	26.6	0.00124459	-1.75472	4.81117	-0.391422
0.0374532	26.7	0.00122297	-1.75472	4.82927	-0.391426
0.0373134	26.8	0.00120179	-1.75472	4.84737	-0.39143
0.0371747	26.9	0.00118104	-1.75472	4.86547	-0.391434
0.037037	27	0.0011607	-1.75472	4.88357	-0.391438
0.0369004	27.1	0.00114078	-1.75472	4.90167	-0.391442
0.0367647	27.2	0.00112127	-1.75472	4.91976	-0.391446
0.03663	27.3	0.00110215	-1.75472	4.93786	-0.391449
0.0364964	27.4	0.00108342	-1.75472	4.95596	-0.391453
0.0363636	27.5	0.00106508	-1.75472	4.97406	-0.391456
0.0362319	27.6	0.00104711	-1.75472	4.99215	-0.39146
0.0361011	27.7	0.00102952	-1.75472	5.01025	-0.391463
0.0359712	27.8	0.00101228	-1.75472	5.02835	-0.391466
0.0358423	27.9	0.000995406	-1.75472	5.04644	-0.391469
0.0357143	28	0.000978878	-1.75472	5.06454	-0.391472
0.0355872	28.1	0.000962693	-1.75472	5.08263	-0.391475
0.035461	28.2	0.000946844	-1.75472	5.10073	-0.391478
0.0353357	28.3	0.000931325	-1.75472	5.11883	-0.391481
0.0352113	28.4	0.000916132	-1.75472	5.13692	-0.391484
0.0350877	28.5	0.000901256	-1.75472	5.15502	-0.391487
0.034965	28.6	0.000886693	-1.75472	5.17311	-0.391489
0.0348432	28.7	0.000872437	-1.75472	5.19121	-0.391492
0.0347222	28.8	0.00085848	-1.75472	5.2093	-0.391495
0.0346021	28.9	0.000844821	-1.75472	5.2274	-0.391497
0.0344828	29	0.000831451	-1.75472	5.24549	-0.391499
0.0343643	29.1	0.000818364	-1.75472	5.26359	-0.391502
0.0342466	29.2	0.000805558	-1.75472	5.28168	-0.391504
0.0341297	29.3	0.000793025	-1.75472	5.29978	-0.391506
0.0340136	29.4	0.000780761	-1.75472	5.31787	-0.391509
0.0338983	29.5	0.000768761	-1.75472	5.33597	-0.391511
0.0337838	29.6	0.000757019	-1.75472	5.35406	-0.391513
0.03367	29.7	0.000745532	-1.75472	5.37215	-0.391515
0.033557	29.8	0.000734294	-1.75472	5.39025	-0.391517
0.0334448	29.9	0.000723301	-1.75472	5.40834	-0.391519
0.0333333	30	0.000712548	-1.75472	5.42643	-0.391521
0.0332226	30.1	0.000702029	-1.75472	5.44453	-0.391523
0.0331126	30.2	0.000691742	-1.75472	5.46262	-0.391524
0.0330033	30.3	0.000681683	-1.75472	5.48072	-0.391526
0.0328947	30.4	0.000671845	-1.75472	5.49881	-0.391528
0.0327869	30.5	0.000662224	-1.75472	5.5169	-0.39153
0.0326797	30.6	0.000652818	-1.75472	5.535	-0.391531
0.0325733	30.7	0.000643622	-1.75472	5.55309	-0.391533
0.0324675	30.8	0.000634631	-1.75472	5.57118	-0.391534
0.0323625	30.9	0.000625844	-1.75472	5.58927	-0.391536
0.0322581	31	0.000617253	-1.75472	5.60737	-0.391538
0.0321543	31.1	0.000608857	-1.75472	5.62546	-0.391539
0.0320513	31.2	0.000600652	-1.75472	5.64355	-0.39154
0.0319489	31.3	0.000592634	-1.75472	5.66164	-0.391542
0.0318471	31.4	0.000584799	-1.75472	5.67974	-0.391543
0.031746	31.5	0.000577142	-1.75472	5.69783	-0.391544
0.0316456	31.6	0.000569664	-1.75473	5.71592	-0.391546
0.0315457	31.7	0.000562358	-1.75473	5.73401	-0.391547
0.0314465	31.8	0.000555222	-1.75473	5.75211	-0.391548
0.031348	31.9	0.00054825	-1.75473	5.7702	-0.39155
0.03125	32	0.000541442	-1.75473	5.78829	-0.391551
0.0311526	32.1	0.000534796	-1.75473	5.80638	-0.391552
0.0310559	32.2	0.000528305	-1.75473	5.82447	-0.391553
0.0309598	32.3	0.000521968	-1.75473	5.84257	-0.391554
0.0308642	32.4	0.000515781	-1.75473	5.86066	-0.391555
0.0307692	32.5	0.000509744	-1.75473	5.87875	-0.391556
0.0306748	32.6	0.00050385	-1.75473	5.89684	-0.391557
0.030581	32.7	0.0004981	-1.75473	5.91493	-0.391558
0.0304878	32.8	0.000492489	-1.75473	5.93302	-0.391559
0.0303951	32.9	0.000487013	-1.75473	5.95112	-0.39156
0.030303	33	0.000481673	-1.75473	5.96921	-0.391561
0.0302115	33.1	0.000476464	-1.75473	5.9873	-0.391562
0.0301205	33.2	0.000471384	-1.75473	6.00539	-0.391563
0.03003	33.3	0.00046643	-1.75473	6.02348	-0.391564
0.0299401	33.4	0.000461599	-1.75473	6.04157	-0.391565
0.0298507	33.5	0.000456891	-1.75473	6.05966	-0.391565
0.0297619	33.6	0.000452304	-1.75473	6.07776	-0.391566
0.0296736	33.7	0.000447831	-1.75473	6.09585	-0.391567
0.0295858	33.8	0.000443474	-1.75473	6.11394	-0.391568
0.0294985	33.9	0.00043923	-1.75473	6.13203	-0.391568
0.0294118	34	0.000435096	-1.75473	6.15012	-0.391569
0.0293255	34.1	0.00043107	-1.75473	6.16821	-0.39157
0.0292398	34.2	0.000427152	-1.75473	6.1863	-0.391571
0.0291545	34.3	0.000423336	-1.75473	6.20439	-0.391571
0.0290698	34.4	0.000419622	-1.75473	6.22248	-0.391572
0.0289855	34.5	0.000416008	-1.75473	6.24057	-0.391573
0.0289017	34.6	0.000412494	-1.75473	6.25866	-0.391573
0.0288184	34.7	0.000409074	-1.75473	6.27676	-0.391574
0.0287356	34.8	0.00040575	-1.75473	6.29485	-0.391574
0.0286533	34.9	0.000402517	-1.75473	6.31294	-0.391575
0.0285714	35	0.000399376	-1.75473	6.33103	-0.391576
0.02849	35.1	0.000396323	-1.75473	6.34912	-0.391576
0.0284091	35.2	0.000393358	-1.75473	6.36721	-0.391577
0.0283286	35.3	0.000390479	-1.75473	6.3853	-0.391577
0.0282486	35.4	0.000387683	-1.75473	6.40339	-0.391578
0.028169	35.5	0.00038497	-1.75473	6.42148	-0.391578
0.0280899	35.6	0.000382337	-1.75473	6.43957	-0.391579
0.0280112	35.7	0.000379784	-1.75473	6.45766	-0.391579
0.027933	35.8	0.000377308	-1.75473	6.47575	-0.39158
0.0278552	35.9	0.000374909	-1.75473	6.49384	-0.39158
0.0277778	36	0.000372585	-1.75473	6.51193	-0.391581
0.0277008	36.1	0.000370336	-1.75473	6.53002	-0.391581
0.0276243	36.2	0.000368157	-1.75473	6.54811	-0.391582
0.0275482	36.3	0.00036605	-1.75473	6.5662	-0.391582
0.0274725	36.4	0.000364011	-1.75473	6.58429	-0.391582
0.0273973	36.5	0.000362041	-1.75473	6.60238	-0.391583
0.0273224	36.6	0.000360138	-1.75473	6.62047	-0.391583
0.027248	36.7	0.000358301	-1.75473	6.63856	-0.391584
0.0271739	36.8	0.000356529	-1.75473	6.65665	-0.391584
0.0271003	36.9	0.00035482	-1.75473	6.67474	-0.391584
0.027027	37	0.000353172	-1.75473	6.69283	-0.391585
0.0269542	37.1	0.000351586	-1.75473	6.71092	-0.391585
0.0268817	37.2	0.000350059	-1.75473	6.72901	-0.391585
0.0268097	37.3	0.000348591	-1.75473	6.7471	-0.391586
0.026738	37.4	0.000347181	-1.75473	6.76519	-0.391586
0.0266667	37.5	0.000345826	-1.75473	6.78328	-0.391586
0.0265957	37.6	0.000344527	-1.75473	6.80137	-0.391587
0.0265252	37.7	0.000343281	-1.75473	6.81946	-0.391587
0.026455	37.8	0.000342088	-1.75473	6.83755	-0.391587
0.0263852	37.9	0.000340949	-1.75473	6.85564	-0.391588
0.0263158	38	0.000339859	-1.75473	6.87373	-0.391588
0.0262467	38.1	0.000338822	-1.75473	6.89182	-0.391588
0.026178	38.2	0.000337831	-1.75473	6.90991	-0.391588
0.0261097	38.3	0.00033689	-1.75473	6.928	-0.391589
0.0260417	38.4	0.000335994	-1.75473	6.94609	-0.391589
0.025974	38.5	0.000335146	-1.75473	6.96418	-0.391589
0.0259067	38.6	0.000334343	-1.75473	6.98227	-0.391589
0.0258398	38.7	0.000333585	-1.75473	7.00036	-0.39159
0.0257732	38.8	0.00033287	-1.75473	7.01845	-0.39159
0.0257069	38.9	0.000332197	-1.75473	7.03654	-0.39159
0.025641	39	0.000331567	-1.75473	7.05463	-0.39159
0.0255754	39.1	0.000330978	-1.75473	7.07272	-0.39159
0.0255102	39.2	0.000330431	-1.75473	7.09081	-0.391591
0.0254453	39.3	0.000329923	-1.75473	7.1089	-0.391591
0.0253807	39.4	0.000329451	-1.75473	7.12698	-0.391591
0.0253165	39.5	0.000329019	-1.75473	7.14507	-0.391591
0.0252525	39.6	0.000328625	-1.75473	7.16316	-0.391591
0.0251889	39.7	0.000328267	-1.75473	7.18125	-0.391592
0.0251256	39.8	0.000327944	-1.75473	7.19934	-0.391592
0.0250627	39.9	0.000327658	-1.75473	7.21743	-0.391592
0.025	40	0.000327406	-1.75473	7.23552	-0.391592
0.0249377	40.1	0.000327188	-1.75473	7.25361	-0.391592
0.0248756	40.2	0.000327003	-1.75473	7.2717	-0.391593
0.0248139	40.3	0.00032685	-1.75473	7.28979	-0.391593
0.0247525	40.4	0.000326729	-1.75473	7.30788	-0.391593
0.0246914	40.5	0.000326641	-1.75473	7.32597	-0.391593
0.0246305	40.6	0.000326582	-1.75473	7.34406	-0.391593
0.02457	40.7	0.000326554	-1.75473	7.36215	-0.391593
0.0245098	40.8	0.000326554	-1.75473	7.38024	-0.391593
0.0244499	40.9	0.000326585	-1.75473	7.39833	-0.391594
0.0243902	41	0.000326643	-1.75473	7.41642	-0.391594
0.0243309	41.1	0.00032673	-1.75473	7.4345	-0.391594
0.0242718	41.2	0.000326844	-1.75473	7.45259	-0.391594
0.0242131	41.3	0.000326985	-1.75473	7.47068	-0.391594
0.0241546	41.4	0.000327151	-1.75473	7.48877	-0.391594
0.0240964	41.5	0.000327342	-1.75473	7.50686	-0.391594
0.0240385	41.6	0.000327559	-1.75473	7.52495	-0.391594
0.0239808	41.7	0.000327802	-1.75473	7.54304	-0.391595
0.0239234	41.8	0.000328066	-1.75473	7.56113	-0.391595
0.0238663	41.9	0.000328359	-1.75473	7.57922	-0.391595
0.0238095	42	0.000328668	-1.75473	7.59731	-0.391595
0.023753	42.1	0.000329006	-1.75473	7.6154	-0.391595
0.0236967	42.2	0.000329362	-1.75473	7.63349	-0.391595
0.0236407	42.3	0.000329739	-1.75473	7.65158	-0.391595
0.0235849	42.4	0.00033014	-1.75473	7.66967	-0.391595
0.0235294	42.5	0.000330561	-1.75473	7.68775	-0.391595
0.0234742	42.6	0.000331002	-1.75473	7.70584	-0.391595
0.0234192	42.7	0.000331463	-1.75473	7.72393	-0.391596
0.0233645	42.8	0.000331942	-1.75473	7.74202	-0.391596
0.02331	42.9	0.000332443	-1.75473	7.76011	-0.391596
0.0232558	43	0.000332959	-1.75473	7.7782	-0.391596
0.0232019	43.1	0.000333497	-1.75473	7.79629	-0.391596
0.0231481	43.2	0.000334052	-1.75473	7.81438	-0.391596
0.0230947	43.3	0.000334626	-1.75473	7.83247	-0.391596
0.0230415	43.4	0.000335218	-1.75473	7.85056	-0.391596
0.0229885	43.5	0.000335828	-1.75473	7.86865	-0.391596
0.0229358	43.6	0.000336456	-1.75473	7.88673	-0.391596
0.0228833	43.7	0.000337101	-1.75473	7.90482	-0.391596
0.0228311	43.8	0.000337764	-1.75473	7.92291	-0.391596
0.022779	43.9	0.000338443	-1.75473	7.941	-0.391597
0.0227273	44	0.000339138	-1.75473	7.95909	-0.391597
0.0226757	44.1	0.000339853	-1.75473	7.97718	-0.391597
0.0226244	44.2	0.000340582	-1.75473	7.99527	-0.391597
0.0225734	44.3	0.000341328	-1.75473	8.01336	-0.391597
0.0225225	44.4	0.00034209	-1.75473	8.03145	-0.391597
0.0224719	44.5	0.000342865	-1.75473	8.04954	-0.391597
0.0224215	44.6	0.000343657	-1.75473	8.06762	-0.391597
0.0223714	44.7	0.000344462	-1.75473	8.08571	-0.391597
0.0223214	44.8	0.000345283	-1.75473	8.1038	-0.391597
0.0222717	44.9	0.000346119	-1.75473	8.12189	-0.391597
0.0222222	45	0.000346967	-1.75473	8.13998	-0.391597
0.0221729	45.1	0.000347828	-1.75473	8.15807	-0.391597
0.0221239	45.2	0.000348707	-1.75473	8.17616	-0.391597
0.0220751	45.3	0.000349595	-1.75473	8.19425	-0.391597
0.0220264	45.4	0.000350497	-1.75473	8.21234	-0.391597
0.021978	45.5	0.000351412	-1.75473	8.23042	-0.391597
0.0219298	45.6	0.000352339	-1.75473	8.24851	-0.391597
0.0218818	45.7	0.000353282	-1.75473	8.2666	-0.391597
0.0218341	45.8	0.000354231	-1.75473	8.28469	-0.391598
0.0217865	45.9	0.000355194	-1.75473	8.30278	-0.391598
0.0217391	46	0.000356169	-1.75473	8.32087	-0.391598
0.021692	46.1	0.000357156	-1.75473	8.33896	-0.391598
0.021645	46.2	0.000358153	-1.75473	8.35705	-0.391598
0.0215983	46.3	0.000359162	-1.75473	8.37514	-0.391598
0.0215517	46.4	0.000360183	-1.75473	8.39322	-0.391598
0.0215054	46.5	0.00036121	-1.75473	8.41131	-0.391598
0.0214592	46.6	0.000362251	-1.75473	8.4294	-0.391598
0.0214133	46.7	0.000363301	-1.75473	8.44749	-0.391598
0.0213675	46.8	0.000364361	-1.75473	8.46558	-0.391598
0.021322	46.9	0.00036543	-1.75473	8.48367	-0.391598
0.0212766	47	0.000366511	-1.75473	8.50176	-0.391598
0.0212314	47.1	0.000367597	-1.75473	8.51985	-0.391598
0.0211864	47.2	0.000368694	-1.75473	8.53794	-0.391598
0.0211416	47.3	0.000369799	-1.75473	8.55603	-0.391598
0.021097	47.4	0.000370914	-1.75473	8.57411	-0.391598
0.0210526	47.5	0.000372036	-1.75473	8.5922	-0.391598
0.0210084	47.6	0.000373166	-1.75473	8.61029	-0.391598
0.0209644	47.7	0.000374307	-1.75473	8.62838	-0.391598
0.0209205	47.8	0.000375452	-1.75473	8.64647	-0.391598
0.0208768	47.9	0.000376606	-1.75473	8.66456	-0.391598
0.0208333	48	0.000377767	-1.75473	8.68265	-0.391598
0.02079	48.1	0.000378938	-1.75473	8.70074	-0.391598
0.0207469	48.2	0.000380113	-1.75473	8.71883	-0.391598
0.0207039	48.3	0.000381298	-1.75473	8.73691	-0.391598
0.0206612	48.4	0.00038249	-1.75473	8.755	-0.391598
0.0206186	48.5	0.000383686	-1.75473	8.77309	-0.391598
0.0205761	48.6	0.000384891	-1.75473	8.79118	-0.391598
0.0205339	48.7	0.0003861	-1.75473	8.80927	-0.391598
0.0204918	48.8	0.000387315	-1.75473	8.82736	-0.391598
0.0204499	48.9	0.000388537	-1.75473	8.84545	-0.391598
0.0204082	49	0.000389767	-1.75473	8.86354	-0.391598
0.0203666	49.1	0.000391001	-1.75473	8.88163	-0.391599
0.0203252	49.2	0.000392242	-1.75473	8.89971	-0.391599
0.020284	49.3	0.000393487	-1.75473	8.9178	-0.391599
0.0202429	49.4	0.00039474	-1.75473	8.93589	-0.391599
0.020202	49.5	0.000395998	-1.75473	8.95398	-0.391599
0.0201613	49.6	0.000397261	-1.75473	8.97207	-0.391599
0.0201207	49.7	0.000398529	-1.75473	8.99016	-0.391599
0.0200803	49.8	0.000399806	-1.75473	9.00825	-0.391599
0.0200401	49.9	0.000401086	-1.75473	9.02634	-0.391599
0.02	50	0.000402373	-1.75473	9.04443	-0.391599
0.0199601	50.1	0.000403663	-1.75473	9.06251	-0.391599
0.0199203	50.2	0.000404966	-1.75473	9.0806	-0.391599
0.0198807	50.3	0.000406269	-1.75473	9.09869	-0.391599
0.0198413	50.4	0.000407581	-1.75473	9.11678	-0.391599
0.019802	50.5	0.000408899	-1.75473	9.13487	-0.391599
0.0197628	50.6	0.000410221	-1.75473	9.15296	-0.391599
0.0197239	50.7	0.000411551	-1.75473	9.17105	-0.391599
0.019685	50.8	0.000412887	-1.75473	9.18914	-0.391599
0.0196464	50.9	0.000414228	-1.75473	9.20722	-0.391599
0.0196078	51	0.000415573	-1.75473	9.22531	-0.391599
0.0195695	51.1	0.000416925	-1.75473	9.2434	-0.391599
0.0195312	51.2	0.000418282	-1.75473	9.26149	-0.391599
0.0194932	51.3	0.000419646	-1.75473	9.27958	-0.391599
0.0194553	51.4	0.000421014	-1.75473	9.29767	-0.391599
0.0194175	51.5	0.000422387	-1.75473	9.31576	-0.391599
0.0193798	51.6	0.000423765	-1.75473	9.33385	-0.391599
0.0193424	51.7	0.000425149	-1.75473	9.35194	-0.391599
0.019305	51.8	0.000426536	-1.75473	9.37002	-0.391599
0.0192678	51.9	0.00042793	-1.75473	9.38811	-0.391599
0.0192308	52	0.000429324	-1.75473	9.4062	-0.391599
0.0191939	52.1	0.000430727	-1.75473	9.42429	-0.391599
0.0191571	52.2	0.00043213	-1.75473	9.44238	-0.391599
0.0191205	52.3	0.000433542	-1.75473	9.46047	-0.391599
0.019084	52.4	0.000434958	-1.75473	9.47856	-0.391599
0.0190476	52.5	0.00043638	-1.75473	9.49665	-0.391599
0.0190114	52.6	0.000437807	-1.75473	9.51473	-0.391599
0.0189753	52.7	0.000439239	-1.75473	9.53282	-0.391599
0.0189394	52.8	0.000440677	-1.75473	9.55091	-0.391599
0.0189036	52.9	0.000442122	-1.75473	9.569	-0.391599
0.0188679	53	0.00044357	-1.75473	9.58709	-0.391599
0.0188324	53.1	0.000445025	-1.75473	9.60518	-0.391599
0.018797	53.2	0.000446481	-1.75473	9.62327	-0.391599
0.0187617	53.3	0.000447945	-1.75473	9.64136	-0.391599
0.0187266	53.4	0.000449411	-1.75473	9.65944	-0.391599
0.0186916	53.5	0.000450879	-1.75473	9.67753	-0.391599
0.0186567	53.6	0.000452355	-1.75473	9.69562	-0.391599
0.018622	53.7	0.000453838	-1.75473	9.71371	-0.391599
0.0185874	53.8	0.000455318	-1.75473	9.7318	-0.391599
0.0185529	53.9	0.000456805	-1.75473	9.74989	-0.391599
0.0185185	54	0.000458294	-1.75473	9.76798	-0.391599
0.0184843	54.1	0.000459787	-1.75473	9.78607	-0.391599
0.0184502	54.2	0.000461282	-1.75473	9.80415	-0.391599
0.0184162	54.3	0.000462781	-1.75473	9.82224	-0.391599
0.0183824	54.4	0.000464285	-1.75473	9.84033	-0.391599
0.0183486	54.5	0.000465789	-1.75473	9.85842	-0.391599
0.018315	54.6	0.000467297	-1.75473	9.87651	-0.391599
0.0182815	54.7	0.000468807	-1.75473	9.8946	-0.391599
0.0182482	54.8	0.000470321	-1.75473	9.91269	-0.391599
0.0182149	54.9	0.000471838	-1.75473	9.93078	-0.391599
0.0181818	55	0.000473354	-1.75473	9.94886	-0.391599
0.0181488	55.1	0.000474872	-1.75473	9.96695	-0.391599
0.0181159	55.2	0.000476393	-1.75473	9.98504	-0.391599
0.0180832	55.3	0.000477916	-1.75473	10.0031	-0.391599
0.0180505	55.4	0.000479439	-1.75473	10.0212	-0.391599
0.018018	55.5	0.000480963	-1.75473	10.0393	-0.391599
0.0179856	55.6	0.000482488	-1.75473	10.0574	-0.391599
0.0179533	55.7	0.000484018	-1.75473	10.0755	-0.391599
0.0179211	55.8	0.000485548	-1.75473	10.0936	-0.391599
0.0178891	55.9	0.000487082	-1.75473	10.1117	-0.391599
0.0178571	56	0.000488613	-1.75473	10.1298	-0.391599
0.0178253	56.1	0.000490152	-1.75473	10.1478	-0.391599
0.0177936	56.2	0.000491692	-1.75473	10.1659	-0.391599
0.017762	56.3	0.000493231	-1.75473	10.184	-0.391599
0.0177305	56.4	0.000494773	-1.75473	10.2021	-0.391599
0.0176991	56.5	0.000496314	-1.75473	10.2202	-0.391599
0.0176678	56.6	0.000497859	-1.75473	10.2383	-0.391599
0.0176367	56.7	0.000499401	-1.75473	10.2564	-0.391599
0.0176056	56.8	0.000500951	-1.75473	10.2745	-0.391599
0.0175747	56.9	0.000502506	-1.75473	10.2925	-0.391599
0.0175439	57	0.000504058	-1.75473	10.3106	-0.391599
0.0175131	57.1	0.000505619	-1.75473	10.3287	-0.391599
0.0174825	57.2	0.000507184	-1.75473	10.3468	-0.391599
0.017452	57.3	0.000508752	-1.75473	10.3649	-0.391599
0.0174216	57.4	0.000510323	-1.75473	10.383	-0.391599
0.0173913	57.5	0.0005119	-1.75473	10.4011	-0.391599
0.0173611	57.6	0.000513479	-1.75473	10.4192	-0.391599
0.017331	57.7	0.000515063	-1.75473	10.4373	-0.391599
0.017301	57.8	0.000516648	-1.75473	10.4553	-0.391599
0.0172712	57.9	0.000518237	-1.75473	10.4734	-0.391599
0.0172414	58	0.000519833	-1.75473	10.4915	-0.391599
0.0172117	58.1	0.000521428	-1.75473	10.5096	-0.391599
0.0171821	58.2	0.000523027	-1.75473	10.5277	-0.391599
0.0171527	58.3	0.000524627	-1.75473	10.5458	-0.391599
0.0171233	58.4	0.00052623	-1.75473	10.5639	-0.391599
0.017094	58.5	0.000527836	-1.75473	10.582	-0.391599
0.0170648	58.6	0.00052944	-1.75473	10.6001	-0.391599
0.0170358	58.7	0.000531044	-1.75473	10.6181	-0.391599
0.0170068	58.8	0.00053265	-1.75473	10.6362	-0.391599
0.0169779	58.9	0.000534257	-1.75473	10.6543	-0.391599
0.0169492	59	0.000535866	-1.75473	10.6724	-0.391599
0.0169205	59.1	0.000537481	-1.75473	10.6905	-0.391599
0.0168919	59.2	0.000539096	-1.75473	10.7086	-0.391599
0.0168634	59.3	0.000540719	-1.75473	10.7267	-0.391599
0.016835	59.4	0.000542349	-1.75473	10.7448	-0.391599
0.0168067	59.5	0.000543979	-1.75473	10.7629	-0.391599
0.0167785	59.6	0.000545617	-1.75473	10.7809	-0.391599
0.0167504	59.7	0.000547257	-1.75473	10.799	-0.391599
0.0167224	59.8	0.000548901	-1.75473	10.8171	-0.391599
0.0166945	59.9	0.000550549	-1.75473	10.8352	-0.391599
0.0166667	60	0.000552199	-1.75473	10.8533	-0.391599
0.0166389	60.1	0.000553852	-1.75473	10.8714	-0.391599
0.0166113	60.2	0.00055551	-1.75473	10.8895	-0.391599
0.0165837	60.3	0.000557169	-1.75473	10.9076	-0.391599
0.0165563	60.4	0.000558828	-1.75473	10.9257	-0.391599
0.0165289	60.5	0.000560494	-1.75473	10.9437	-0.391599
0.0165017	60.6	0.000562163	-1.75473	10.9618	-0.391599
0.0164745	60.7	0.00056383	-1.75473	10.9799	-0.391599
0.0164474	60.8	0.0005655	-1.75473	10.998	-0.391599
0.0164204	60.9	0.000567176	-1.75473	11.0161	-0.391599
0.0163934	61	0.000568846	-1.75473	11.0342	-0.391599
0.0163666	61.1	0.00057052	-1.75473	11.0523	-0.391599
0.0163399	61.2	0.000572196	-1.75473	11.0704	-0.391599
0.0163132	61.3	0.00057387	-1.75473	11.0884	-0.391599
0.0162866	61.4	0.000575548	-1.75473	11.1065	-0.391599
0.0162602	61.5	0.000577226	-1.75473	11.1246	-0.391599
0.0162338	61.6	0.000578907	-1.75473	11.1427	-0.391599
0.0162075	61.7	0.000580591	-1.75473	11.1608	-0.391599
0.0161812	61.8	0.000582278	-1.75473	11.1789	-0.391599
0.0161551	61.9	0.000583965	-1.75473	11.197	-0.391599
0.016129	62	0.000585656	-1.75473	11.2151	-0.391599
0.0161031	62.1	0.00058735	-1.75473	11.2332	-0.391599
0.0160772	62.2	0.000589046	-1.75473	11.2512	-0.391599
0.0160514	62.3	0.000590743	-1.75473	11.2693	-0.391599
0.0160256	62.4	0.000592442	-1.75473	11.2874	-0.391599
0.016	62.5	0.000594149	-1.75473	11.3055	-0.391599
0.0159744	62.6	0.00059585	-1.75473	11.3236	-0.391599
0.015949	62.7	0.000597558	-1.75473	11.3417	-0.391599
0.0159236	62.8	0.000599267	-1.75473	11.3598	-0.391599
0.0158983	62.9	0.000600984	-1.75473	11.3779	-0.391599
0.015873	63	0.0006027	-1.75473	11.396	-0.391599
0.0158479	63.1	0.000604417	-1.75473	11.414	-0.391599
0.0158228	63.2	0.000606137	-1.75473	11.4321	-0.391599
0.0157978	63.3	0.000607859	-1.75473	11.4502	-0.391599
0.0157729	63.4	0.000609582	-1.75473	11.4683	-0.391599
0.015748	63.5	0.000611305	-1.75473	11.4864	-0.391599
0.0157233	63.6	0.000613028	-1.75473	11.5045	-0.391599
0.0156986	63.7	0.000614757	-1.75473	11.5226	-0.391599
0.015674	63.8	0.000616481	-1.75473	11.5407	-0.391599
0.0156495	63.9	0.000618202	-1.75473	11.5588	-0.391599
0.015625	64	0.000619925	-1.75473	11.5768	-0.391599
0.0156006	64.1	0.00062165	-1.75473	11.5949	-0.391599
0.0155763	64.2	0.000623374	-1.75473	11.613	-0.391599
0.0155521	64.3	0.000625098	-1.75473	11.6311	-0.391599
0.015528	64.4	0.000626824	-1.75473	11.6492	-0.391599
0.0155039	64.5	0.000628547	-1.75473	11.6673	-0.391599
0.0154799	64.6	0.000630276	-1.75473	11.6854	-0.391599
0.015456	64.7	0.000632007	-1.75473	11.7035	-0.391599
0.0154321	64.8	0.000633739	-1.75473	11.7215	-0.391599
0.0154083	64.9	0.000635473	-1.75473	11.7396	-0.391599
0.0153846	65	0.000637204	-1.75473	11.7577	-0.391599
0.015361	65.1	0.00063894	-1.75473	11.7758	-0.391599
0.0153374	65.2	0.000640678	-1.75473	11.7939	-0.391599
0.0153139	65.3	0.000642419	-1.75473	11.812	-0.391599
0.0152905	65.4	0.000644157	-1.75473	11.8301	-0.391599
0.0152672	65.5	0.00064591	-1.75473	11.8482	-0.391599
0.0152439	65.6	0.000647659	-1.75473	11.8663	-0.391599
0.0152207	65.7	0.000649406	-1.75473	11.8843	-0.391599
0.0151976	65.8	0.000651161	-1.75473	11.9024	-0.391599
0.0151745	65.9	0.000652913	-1.75473	11.9205	-0.391599
0.0151515	66	0.000654667	-1.75473	11.9386	-0.391599
0.0151286	66.1	0.000656426	-1.75473	11.9567	-0.391599
0.0151057	66.2	0.000658185	-1.75473	11.9748	-0.391599
0.015083	66.3	0.000659938	-1.75473	11.9929	-0.391599
0.0150602	66.4	0.000661699	-1.75473	12.011	-0.391599
0.0150376	66.5	0.000663461	-1.75473	12.0291	-0.391599
0.015015	66.6	0.00066522	-1.75473	12.0471	-0.391599
0.0149925	66.7	0.000666985	-1.75473	12.0652	-0.391599
0.0149701	66.8	0.000668753	-1.75473	12.0833	-0.391599
0.0149477	66.9	0.000670521	-1.75473	12.1014	-0.391599
0.0149254	67	0.000672287	-1.75473	12.1195	-0.391599
0.0149031	67.1	0.000674058	-1.75473	12.1376	-0.391599
0.014881	67.2	0.00067583	-1.75473	12.1557	-0.391599
0.0148588	67.3	0.000677605	-1.75473	12.1738	-0.391599
0.0148368	67.4	0.000679381	-1.75473	12.1918	-0.391599
0.0148148	67.5	0.000681161	-1.75473	12.2099	-0.391599
0.0147929	67.6	0.000682945	-1.75473	12.228	-0.391599
0.014771	67.7	0.000684725	-1.75473	12.2461	-0.391599
0.0147493	67.8	0.000686506	-1.75473	12.2642	-0.391599
0.0147275	67.9	0.000688287	-1.75473	12.2823	-0.391599
0.0147059	68	0.000690074	-1.75473	12.3004	-0.391599
0.0146843	68.1	0.000691861	-1.75473	12.3185	-0.391599
0.0146628	68.2	0.000693656	-1.75473	12.3366	-0.391599
0.0146413	68.3	0.000695444	-1.75473	12.3546	-0.391599
0.0146199	68.4	0.000697241	-1.75473	12.3727	-0.391599
0.0145985	68.5	0.000699038	-1.75473	12.3908	-0.391599
0.0145773	68.6	0.000700833	-1.75473	12.4089	-0.391599
0.014556	68.7	0.00070263	-1.75473	12.427	-0.391599
0.0145349	68.8	0.000704432	-1.75473	12.4451	-0.391599
0.0145138	68.9	0.000706231	-1.75473	12.4632	-0.391599
0.0144928	69	0.000708027	-1.75473	12.4813	-0.391599
0.0144718	69.1	0.000709828	-1.75473	12.4993	-0.391599
0.0144509	69.2	0.000711625	-1.75473	12.5174	-0.391599
0.01443	69.3	0.000713422	-1.75473	12.5355	-0.391599
0.0144092	69.4	0.000715221	-1.75473	12.5536	-0.391599
0.0143885	69.5	0.000717023	-1.75473	12.5717	-0.391599
0.0143678	69.6	0.000718828	-1.75473	12.5898	-0.391599
0.0143472	69.7	0.000720634	-1.75473	12.6079	-0.391599
0.0143266	69.8	0.00072244	-1.75473	12.626	-0.391599
0.0143062	69.9	0.000724252	-1.75473	12.6441	-0.391599
0.0142857	70	0.000726067	-1.75473	12.6621	-0.391599
0.0142653	70.1	0.000727884	-1.75473	12.6802	-0.391599
0.014245	70.2	0.000729703	-1.75473	12.6983	-0.391599
0.0142248	70.3	0.000731524	-1.75473	12.7164	-0.391599
0.0142045	70.4	0.000733354	-1.75473	12.7345	-0.391599
0.0141844	70.5	0.000735183	-1.75473	12.7526	-0.391599
0.0141643	70.6	0.000737016	-1.75473	12.7707	-0.391599
0.0141443	70.7	0.00073885	-1.75473	12.7888	-0.391599
0.0141243	70.8	0.00074068	-1.75473	12.8069	-0.391599
0.0141044	70.9	0.000742525	-1.75473	12.8249	-0.391599
0.0140845	71	0.000744355	-1.75473	12.843	-0.391599
0.0140647	71.1	0.000746193	-1.75473	12.8611	-0.391599
0.0140449	71.2	0.000748028	-1.75473	12.8792	-0.391599
0.0140252	71.3	0.00074986	-1.75473	12.8973	-0.391599
0.0140056	71.4	0.00075169	-1.75473	12.9154	-0.391599
0.013986	71.5	0.000753508	-1.75473	12.9335	-0.391599
0.0139665	71.6	0.000755327	-1.75473	12.9516	-0.391599
0.013947	71.7	0.000757137	-1.75473	12.9696	-0.391599
0.0139276	71.8	0.000758936	-1.75473	12.9877	-0.391599
0.0139082	71.9	0.000760727	-1.75473	13.0058	-0.391599
0.0138889	72	0.000762513	-1.75473	13.0239	-0.391599
0.0138696	72.1	0.000764281	-1.75473	13.042	-0.391599
0.0138504	72.2	0.000766048	-1.75473	13.0601	-0.391599
0.0138313	72.3	0.000767809	-1.75473	13.0782	-0.391599
0.0138122	72.4	0.00076957	-1.75473	13.0963	-0.391599
0.0137931	72.5	0.000771323	-1.75473	13.1144	-0.391599
0.0137741	72.6	0.000773081	-1.75473	13.1324	-0.391599
0.0137552	72.7	0.000774837	-1.75473	13.1505	-0.391599
0.0137363	72.8	0.00077659	-1.75473	13.1686	-0.391599
0.0137174	72.9	0.000778344	-1.75473	13.1867	-0.391599
0.0136986	73	0.00078009	-1.75473	13.2048	-0.391599
0.0136799	73.1	0.000781861	-1.75473	13.2229	-0.391599
0.0136612	73.2	0.000783633	-1.75473	13.241	-0.391599
0.0136426	73.3	0.00078542	-1.75473	13.2591	-0.391599
0.013624	73.4	0.000787227	-1.75473	13.2772	-0.391599
0.0136054	73.5	0.000789045	-1.75473	13.2952	-0.391599
0.013587	73.6	0.000790874	-1.75473	13.3133	-0.391599
0.0135685	73.7	0.000792722	-1.75473	13.3314	-0.391599
0.0135501	73.8	0.000794576	-1.75473	13.3495	-0.391599
0.0135318	73.9	0.00079643	-1.75473	13.3676	-0.391599
0.0135135	74	0.000798301	-1.75473	13.3857	-0.391599
0.0134953	74.1	0.000800161	-1.75473	13.4038	-0.391599
0.0134771	74.2	0.00080203	-1.75473	13.4219	-0.391599
0.013459	74.3	0.000803889	-1.75473	13.4399	-0.391599
0.0134409	74.4	0.00080575	-1.75473	13.458	-0.391599
0.0134228	74.5	0.000807599	-1.75473	13.4761	-0.391599
0.0134048	74.6	0.000809434	-1.75473	13.4942	-0.391599
0.0133869	74.7	0.000811271	-1.75473	13.5123	-0.391599
0.013369	74.8	0.000813102	-1.75473	13.5304	-0.391599
0.0133511	74.9	0.000814935	-1.75473	13.5485	-0.391599
0.0133333	75	0.000816775	-1.75473	13.5666	-0.391599
0.0133156	75.1	0.00081862	-1.75473	13.5847	-0.391599
0.0132979	75.2	0.000820478	-1.75473	13.6027	-0.391599
0.0132802	75.3	0.000822342	-1.75473	13.6208	-0.391599
0.0132626	75.4	0.000824217	-1.75473	13.6389	-0.391599
0.013245	75.5	0.000826091	-1.75473	13.657	-0.391599
0.0132275	75.6	0.000827971	-1.75473	13.6751	-0.391599
0.01321	75.7	0.000829839	-1.75473	13.6932	-0.391599
0.0131926	75.8	0.000831698	-1.75473	13.7113	-0.391599
0.0131752	75.9	0.000833556	-1.75473	13.7294	-0.391599
0.0131579	76	0.000835396	-1.75473	13.7475	-0.391599
0.0131406	76.1	0.000837227	-1.75473	13.7655	-0.391599
0.0131234	76.2	0.000839051	-1.75473	13.7836	-0.391599
0.0131062	76.3	0.00084087	-1.75473	13.8017	-0.391599
0.013089	76.4	0.000842689	-1.75473	13.8198	-0.391599
0.0130719	76.5	0.000844499	-1.75473	13.8379	-0.391599
0.0130548	76.6	0.000846332	-1.75473	13.856	-0.391599
0.0130378	76.7	0.000848165	-1.75473	13.8741	-0.391599
0.0130208	76.8	0.000850001	-1.75473	13.8922	-0.391599
0.0130039	76.9	0.000851845	-1.75473	13.9102	-0.391599
0.012987	77	0.000853702	-1.75473	13.9283	-0.391599
0.0129702	77.1	0.000855563	-1.75473	13.9464	-0.391599
0.0129534	77.2	0.000857426	-1.75473	13.9645	-0.391599
0.0129366	77.3	0.00085929	-1.75473	13.9826	-0.391599
0.0129199	77.4	0.000861149	-1.75473	14.0007	-0.391599
0.0129032	77.5	0.000863015	-1.75473	14.0188	-0.391599
0.0128866	77.6	0.000864885	-1.75473	14.0369	-0.391599
0.01287	77.7	0.000866746	-1.75473	14.055	-0.391599
0.0128535	77.8	0.000868617	-1.75473	14.073	-0.391599
0.012837	77.9	0.000870498	-1.75473	14.0911	-0.391599
0.0128205	78	0.000872383	-1.75473	14.1092	-0.391599
0.0128041	78.1	0.00087427	-1.75473	14.1273	-0.391599
0.0127877	78.2	0.000876162	-1.75473	14.1454	-0.391599
0.0127714	78.3	0.000878057	-1.75473	14.1635	-0.3916
0.0127551	78.4	0.000879956	-1.75473	14.1816	-0.3916
0.0127389	78.5	0.000881861	-1.75473	14.1997	-0.3916
0.0127226	78.6	0.000883754	-1.75473	14.2178	-0.3916
0.0127065	78.7	0.000885647	-1.75473	14.2358	-0.3916
0.0126904	78.8	0.000887528	-1.75473	14.2539	-0.3916
0.0126743	78.9	0.000889408	-1.75473	14.272	-0.3916
0.0126582	79	0.000891278	-1.75473	14.2901	-0.3916
0.0126422	79.1	0.000893138	-1.75473	14.3082	-0.3916
0.0126263	79.2	0.000894985	-1.75473	14.3263	-0.3916
0.0126103	79.3	0.000896833	-1.75473	14.3444	-0.3916
0.0125945	79.4	0.000898668	-1.75473	14.3625	-0.3916
0.0125786	79.5	0.000900491	-1.75473	14.3806	-0.3916
0.0125628	79.6	0.000902317	-1.75473	14.3986	-0.3916
0.0125471	79.7	0.000904139	-1.75473	14.4167	-0.3916
0.0125313	79.8	0.000905967	-1.75473	14.4348	-0.3916
0.0125156	79.9	0.000907795	-1.75473	14.4529	-0.3916
0.0125	80	0.00090963	-1.75473	14.471	-0.3916
0.0124844	80.1	0.000911472	-1.75473	14.4891	-0.3916
0.0124688	80.2	0.000913312	-1.75473	14.5072	-0.3916
0.0124533	80.3	0.00091516	-1.75473	14.5253	-0.3916
0.0124378	80.4	0.000917004	-1.75473	14.5433	-0.3916
0.0124224	80.5	0.000918851	-1.75473	14.5614	-0.3916
0.0124069	80.6	0.000920697	-1.75473	14.5795	-0.3916
0.0123916	80.7	0.000922539	-1.75473	14.5976	-0.3916
0.0123762	80.8	0.000924382	-1.75473	14.6157	-0.3916
0.0123609	80.9	0.000926232	-1.75473	14.6338	-0.3916
0.0123457	81	0.000928079	-1.75473	14.6519	-0.3916
0.0123305	81.1	0.000929915	-1.75473	14.67	-0.3916
0.0123153	81.2	0.000931745	-1.75473	14.6881	-0.3916
0.0123001	81.3	0.000933556	-1.75473	14.7061	-0.3916
0.012285	81.4	0.000935356	-1.75473	14.7242	-0.3916
0.0122699	81.5	0.000937151	-1.75473	14.7423	-0.3916
0.0122549	81.6	0.000938939	-1.75473	14.7604	-0.3916
0.0122399	81.7	0.000940721	-1.75473	14.7785	-0.3916
0.0122249	81.8	0.000942514	-1.75473	14.7966	-0.3916
0.01221	81.9	0.000944312	-1.75473	14.8147	-0.3916
0.0121951	82	0.000946143	-1.75473	14.8328	-0.3916
0.0121803	82.1	0.000947987	-1.75473	14.8509	-0.3916
0.0121655	82.2	0.000949849	-1.75473	14.8689	-0.3916
0.0121507	82.3	0.000951742	-1.75473	14.887	-0.3916
0.0121359	82.4	0.000953638	-1.75473	14.9051	-0.3916
0.0121212	82.5	0.000955566	-1.75473	14.9232	-0.3916
0.0121065	82.6	0.000957504	-1.75473	14.9413	-0.3916
0.0120919	82.7	0.000959446	-1.75473	14.9594	-0.3916
0.0120773	82.8	0.000961403	-1.75473	14.9775	-0.3916
0.0120627	82.9	0.000963356	-1.75473	14.9956	-0.3916
0.0120482	83	0.00096533	-1.75473	15.0136	-0.3916
0.0120337	83.1	0.000967297	-1.75473	15.0317	-0.3916
0.0120192	83.2	0.00096928	-1.75473	15.0498	-0.3916
0.0120048	83.3	0.000971273	-1.75473	15.0679	-0.3916
0.0119904	83.4	0.000973253	-1.75473	15.086	-0.3916
0.011976	83.5	0.000975247	-1.75473	15.1041	-0.3916
0.0119617	83.6	0.000977241	-1.75473	15.1222	-0.3916
0.0119474	83.7	0.000979231	-1.75473	15.1403	-0.3916
0.0119332	83.8	0.000981229	-1.75473	15.1584	-0.3916
0.011919	83.9	0.000983222	-1.75473	15.1764	-0.3916
0.0119048	84	0.00098521	-1.75473	15.1945	-0.3916
0.0118906	84.1	0.000987195	-1.75473	15.2126	-0.3916
0.0118765	84.2	0.000989172	-1.75473	15.2307	-0.3916
0.0118624	84.3	0.000991143	-1.75473	15.2488	-0.3916
0.0118483	84.4	0.000993101	-1.75473	15.2669	-0.3916
0.0118343	84.5	0.00099505	-1.75473	15.285	-0.3916
0.0118203	84.6	0.000997007	-1.75473	15.3031	-0.3916
0.0118064	84.7	0.000998953	-1.75473	15.3212	-0.3916
0.0117925	84.8	0.00100092	-1.75473	15.3392	-0.3916
0.0117786	84.9	0.00100286	-1.75473	15.3573	-0.3916
0.0117647	85	0.00100482	-1.75473	15.3754	-0.3916
0.0117509	85.1	0.00100676	-1.75473	15.3935	-0.3916
0.0117371	85.2	0.00100869	-1.75473	15.4116	-0.3916
0.0117233	85.3	0.00101061	-1.75473	15.4297	-0.3916
0.0117096	85.4	0.00101253	-1.75473	15.4478	-0.3916
0.0116959	85.5	0.00101447	-1.75473	15.4659	-0.3916
0.0116822	85.6	0.00101642	-1.75473	15.4839	-0.3916
0.0116686	85.7	0.00101839	-1.75473	15.502	-0.3916
0.011655	85.8	0.00102039	-1.75473	15.5201	-0.3916
0.0116414	85.9	0.00102239	-1.75473	15.5382	-0.3916
0.0116279	86	0.0010244	-1.75473	15.5563	-0.3916
0.0116144	86.1	0.00102641	-1.75473	15.5744	-0.3916
0.0116009	86.2	0.00102841	-1.75473	15.5925	-0.3916
0.0115875	86.3	0.0010304	-1.75473	15.6106	-0.3916
0.0115741	86.4	0.0010324	-1.75473	15.6287	-0.3916
0.0115607	86.5	0.0010344	-1.75473	15.6467	-0.3916
0.0115473	86.6	0.0010364	-1.75473	15.6648	-0.3916
0.011534	86.7	0.0010384	-1.75473	15.6829	-0.3916
0.0115207	86.8	0.0010404	-1.75473	15.701	-0.3916
0.0115075	86.9	0.00104241	-1.75473	15.7191	-0.3916
0.0114943	87	0.00104441	-1.75473	15.7372	-0.3916
0.0114811	87.1	0.00104641	-1.75473	15.7553	-0.3916
0.0114679	87.2	0.00104842	-1.75473	15.7734	-0.3916
0.0114548	87.3	0.00105045	-1.75473	15.7914	-0.3916
0.0114416	87.4	0.00105248	-1.75473	15.8095	-0.3916
0.0114286	87.5	0.00105455	-1.75473	15.8276	-0.3916
0.0114155	87.6	0.00105663	-1.75473	15.8457	-0.3916
0.0114025	87.7	0.00105873	-1.75473	15.8638	-0.3916
0.0113895	87.8	0.00106084	-1.75473	15.8819	-0.3916
0.0113766	87.9	0.00106294	-1.75473	15.9	-0.3916
0.0113636	88	0.00106503	-1.75473	15.9181	-0.3916
0.0113507	88.1	0.00106711	-1.75473	15.9362	-0.3916
0.0113379	88.2	0.00106916	-1.75473	15.9542	-0.3916
0.011325	88.3	0.00107121	-1.75473	15.9723	-0.3916
0.0113122	88.4	0.00107325	-1.75473	15.9904	-0.3916
0.0112994	88.5	0.00107531	-1.75473	16.0085	-0.3916
0.0112867	88.6	0.0010774	-1.75473	16.0266	-0.3916
0.011274	88.7	0.00107949	-1.75473	16.0447	-0.3916
0.0112613	88.8	0.00108158	-1.75473	16.0628	-0.3916
0.0112486	88.9	0.00108368	-1.75473	16.0809	-0.3916
0.011236	89	0.00108578	-1.75473	16.0989	-0.3916
0.0112233	89.1	0.00108787	-1.75473	16.117	-0.3916
0.0112108	89.2	0.00108994	-1.75473	16.1351	-0.3916
0.0111982	89.3	0.00109199	-1.75473	16.1532	-0.3916
0.0111857	89.4	0.00109404	-1.75473	16.1713	-0.3916
0.0111732	89.5	0.00109607	-1.75473	16.1894	-0.3916
0.0111607	89.6	0.00109809	-1.75473	16.2075	-0.3916
0.0111483	89.7	0.00110012	-1.75473	16.2256	-0.3916
0.0111359	89.8	0.00110213	-1.75473	16.2437	-0.3916
0.0111235	89.9	0.00110414	-1.75473	16.2617	-0.3916
0.0111111	90	0.00110616	-1.75473	16.2798	-0.3916
0.0110988	90.1	0.00110816	-1.75473	16.2979	-0.3916
0.0110865	90.2	0.00111018	-1.75473	16.316	-0.3916
0.0110742	90.3	0.00111221	-1.75473	16.3341	-0.3916
0.0110619	90.4	0.00111427	-1.75473	16.3522	-0.3916
0.0110497	90.5	0.00111636	-1.75473	16.3703	-0.3916
0.0110375	90.6	0.00111847	-1.75473	16.3884	-0.3916
0.0110254	90.7	0.00112062	-1.75473	16.4064	-0.3916
0.0110132	90.8	0.00112279	-1.75473	16.4245	-0.3916
0.0110011	90.9	0.00112498	-1.75473	16.4426	-0.3916
0.010989	91	0.0011272	-1.75473	16.4607	-0.3916
0.0109769	91.1	0.0011294	-1.75473	16.4788	-0.3916
0.0109649	91.2	0.00113162	-1.75473	16.4969	-0.3916
0.0109529	91.3	0.00113382	-1.75473	16.515	-0.3916
0.0109409	91.4	0.00113602	-1.75473	16.5331	-0.3916
0.010929	91.5	0.00113821	-1.75473	16.5512	-0.3916
0.010917	91.6	0.0011404	-1.75473	16.5692	-0.3916
0.0109051	91.7	0.00114258	-1.75473	16.5873	-0.3916
0.0108932	91.8	0.00114479	-1.75473	16.6054	-0.3916
0.0108814	91.9	0.00114701	-1.75473	16.6235	-0.3916
0.0108696	92	0.00114925	-1.75473	16.6416	-0.3916
0.0108578	92.1	0.0011515	-1.75473	16.6597	-0.3916
0.010846	92.2	0.00115377	-1.75473	16.6778	-0.3916
0.0108342	92.3	0.00115604	-1.75473	16.6959	-0.3916
0.0108225	92.4	0.00115831	-1.75473	16.7139	-0.3916
0.0108108	92.5	0.0011606	-1.75473	16.732	-0.3916
0.0107991	92.6	0.0011629	-1.75473	16.7501	-0.3916
0.0107875	92.7	0.0011652	-1.75473	16.7682	-0.3916
0.0107759	92.8	0.0011675	-1.75473	16.7863	-0.3916
0.0107643	92.9	0.0011698	-1.75473	16.8044	-0.3916
0.0107527	93	0.00117211	-1.75473	16.8225	-0.3916
0.0107411	93.1	0.00117442	-1.75473	16.8406	-0.3916
0.0107296	93.2	0.00117673	-1.75473	16.8587	-0.3916
0.0107181	93.3	0.00117905	-1.75473	16.8767	-0.3916
0.0107066	93.4	0.00118137	-1.75473	16.8948	-0.3916
0.0106952	93.5	0.00118368	-1.75473	16.9129	-0.3916
0.0106838	93.6	0.001186	-1.75473	16.931	-0.3916
0.0106724	93.7	0.00118832	-1.75473	16.9491	-0.3916
0.010661	93.8	0.00119065	-1.75473	16.9672	-0.3916
0.0106496	93.9	0.00119298	-1.75473	16.9853	-0.3916
0.0106383	94	0.00119529	-1.75473	17.0034	-0.3916
0.010627	94.1	0.00119762	-1.75473	17.0215	-0.3916
0.0106157	94.2	0.00119995	-1.75473	17.0395	-0.3916
0.0106045	94.3	0.00120227	-1.75473	17.0576	-0.3916
0.0105932	94.4	0.00120461	-1.75473	17.0757	-0.3916
0.010582	94.5	0.00120694	-1.75473	17.0938	-0.3916
0.0105708	94.6	0.00120927	-1.75473	17.1119	-0.3916
0.0105597	94.7	0.0012116	-1.75473	17.13	-0.3916
0.0105485	94.8	0.00121393	-1.75473	17.1481	-0.3916
0.0105374	94.9	0.00121626	-1.75473	17.1662	-0.3916
0.0105263	95	0.00121859	-1.75473	17.1842	-0.3916
0.0105152	95.1	0.00122093	-1.75473	17.2023	-0.3916
0.0105042	95.2	0.00122325	-1.75473	17.2204	-0.3916
0.0104932	95.3	0.00122558	-1.75473	17.2385	-0.3916
0.0104822	95.4	0.00122791	-1.75473	17.2566	-0.3916
0.0104712	95.5	0.00123025	-1.75473	17.2747	-0.3916
0.0104603	95.6	0.00123259	-1.75473	17.2928	-0.3916
0.0104493	95.7	0.00123493	-1.75473	17.3109	-0.3916
0.0104384	95.8	0.00123726	-1.75473	17.329	-0.3916
0.0104275	95.9	0.00123961	-1.75473	17.347	-0.3916
0.0104167	96	0.00124196	-1.75473	17.3651	-0.3916
0.0104058	96.1	0.00124431	-1.75473	17.3832	-0.3916
0.010395	96.2	0.00124666	-1.75473	17.4013	-0.3916
0.0103842	96.3	0.00124902	-1.75473	17.4194	-0.3916
0.0103734	96.4	0.00125138	-1.75473	17.4375	-0.3916
0.0103627	96.5	0.00125374	-1.75473	17.4556	-0.3916
0.010352	96.6	0.0012561	-1.75473	17.4737	-0.3916
0.0103413	96.7	0.00125848	-1.75473	17.4918	-0.3916
0.0103306	96.8	0.00126085	-1.75473	17.5098	-0.3916
0.0103199	96.9	0.00126321	-1.75473	17.5279	-0.3916
0.0103093	97	0.00126559	-1.75473	17.546	-0.3916
0.0102987	97.1	0.00126797	-1.75473	17.5641	-0.3916
0.0102881	97.2	0.00127035	-1.75473	17.5822	-0.3916
0.0102775	97.3	0.00127272	-1.75473	17.6003	-0.3916
0.0102669	97.4	0.00127511	-1.75473	17.6184	-0.3916
0.0102564	97.5	0.00127749	-1.75473	17.6365	-0.3916
0.0102459	97.6	0.00127988	-1.75473	17.6546	-0.3916
0.0102354	97.7	0.00128225	-1.75473	17.6726	-0.3916
0.0102249	97.8	0.00128464	-1.75473	17.6907	-0.3916
0.0102145	97.9	0.00128703	-1.75473	17.7088	-0.3916
0.0102041	98	0.00128941	-1.75473	17.7269	-0.3916
0.0101937	98.1	0.0012918	-1.75473	17.745	-0.3916
0.0101833	98.2	0.0012942	-1.75473	17.7631	-0.3916
0.0101729	98.3	0.0012966	-1.75473	17.7812	-0.3916
0.0101626	98.4	0.00129898	-1.75473	17.7993	-0.3916
0.0101523	98.5	0.00130138	-1.75473	17.8173	-0.3916
0.010142	98.6	0.00130377	-1.75473	17.8354	-0.3916
0.0101317	98.7	0.00130618	-1.75473	17.8535	-0.3916
0.0101215	98.8	0.00130857	-1.75473	17.8716	-0.3916
0.0101112	98.9	0.00131097	-1.75473	17.8897	-0.3916
0.010101	99	0.00131337	-1.75473	17.9078	-0.3916
0.0100908	99.1	0.00131577	-1.75473	17.9259	-0.3916
0.0100806	99.2	0.00131818	-1.75473	17.944	-0.3916
0.0100705	99.3	0.00132059	-1.75473	17.9621	-0.3916
0.0100604	99.4	0.00132299	-1.75473	17.9801	-0.3916
0.0100503	99.5	0.0013254	-1.75473	17.9982	-0.3916
0.0100402	99.6	0.0013278	-1.75473	18.0163	-0.3916
0.0100301	99.7	0.00133021	-1.75473	18.0344	-0.3916
0.01002	99.8	0.00133262	-1.75473	18.0525	-0.3916
0.01001	99.9	0.00133503	-1.75473	18.0706	-0.3916
0.01	100	0.00133744	-1.75473	18.0887	-0.3916
