    0.02250000     0.00000075    -0.00000000     0.00005293
    0.04500000     0.00000084     0.00000000     0.00005831
    0.06750000     0.00000098     0.00000001     0.00006778
    0.09000000     0.00000134     0.00000001     0.00009240
    0.11250000     0.00000174    -0.00000001     0.00011946
    0.13500000     0.00000215     0.00000000     0.00014738
    0.15750000     0.00000358    -0.00000000     0.00024434
    0.18000000     0.00000942     0.00000000     0.00063854
    0.20250000     0.00051286     0.07407408     0.07407603
    0.22500000     0.00051325     0.07407407     0.07407810
    0.24750000     0.00294718     0.04938271     0.18603605
    0.27000000     0.00421094     0.04938272     0.27448221
    0.29250000     0.00600159     0.02469136     0.41218611
    0.31500000     0.00729303     0.02469136     0.50410633
    0.33750000     0.00850627     0.02469136     0.59071213
    0.36000000     0.00959263     0.02469136     0.66853049
    0.38250000     0.01055276     0.02469136     0.73757918
    0.40500000     0.01140334     0.02469136     0.79901733
    0.42750000     0.01216341     0.02469135     0.85418097
    0.45000000     0.01284911     0.02469135     0.90420172
    0.47250000     0.01347395     0.02469136     0.95003193
    0.49500000     0.01404919     0.02469136     0.99248969
    0.51750000     0.01458370     0.02469135     1.03221338
    0.54000000     0.01508426     0.02469135     1.06965913
    0.56250000     0.01555759     0.02469132     1.10529874
    0.58500000     0.01611278    -0.00000000     1.15743931
    0.60750000     0.01654201     0.00000000     1.19033966
    0.63000000     0.01695691    -0.00000000     1.22236624
    0.65250000     0.01736034     0.00000000     1.25372746
    0.67500000     0.01775501    -0.00000000     1.28462175
    0.69750000     0.01814256     0.00000000     1.31516966
    0.72000000     0.01852531     0.00000000     1.34554164
    0.74250000     0.01890478    -0.00000000     1.37583563
    0.76500000     0.01928196     0.00000000     1.40597368
    0.78750000     0.01965725     0.00000001     1.43651049
    0.81000000     0.02003525     0.00000000     1.46742517
    0.83250000     0.02041546     0.00000000     1.49869107
    0.85500000     0.02079862    -0.00000000     1.53039567
    0.87750000     0.02118567    -0.00000000     1.56262613
    0.90000000     0.02157800    -0.00000000     1.59553469
    0.92250000     0.02197604    -0.00000000     1.62913820
    0.94500000     0.02238089     0.00000000     1.66355512
    0.96750000     0.02279345    -0.00000000     1.69895117
    0.99000000     0.02321481     0.00000000     1.73548614
    1.01250000     0.02364535    -0.00000000     1.77307904
    1.03500000     0.02408619    -0.00000000     1.81196045
    1.05750000     0.02453821    -0.00000000     1.85230214
    1.08000000     0.02500232     0.00000000     1.89405714
    1.10250000     0.02547946    -0.00000000     1.93733930
    1.12500000     0.02597085    -0.00000000     1.98231670
    1.14750000     0.02647701     0.00000000     2.02903038
    1.17000000     0.02699926    -0.00000000     2.07766979
    1.19250000     0.02786538     0.00000000     2.16643957
    1.21500000     0.02842679    -0.00000000     2.22062869
    1.23750000     0.02900797    -0.00000000     2.27734851
    1.26000000     0.02961007    -0.00000000     2.33676984
    1.28250000     0.03023475    -0.00000000     2.39920297
    1.30500000     0.03088304    -0.00000000     2.46477135
    1.32750000     0.03155705    -0.00000000     2.53390980
    1.35000000     0.03225799    -0.00000000     2.60677285
    1.37250000     0.03298825     0.00000000     2.68389205
    1.39500000     0.03374956     0.00000000     2.76558591
    1.41750000     0.03454410     0.00000000     2.85231023
    1.44000000     0.03537424    -0.00000000     2.94459552
    1.46250000     0.03624252    -0.00000000     3.04303020
    1.48500000     0.03715224    -0.00000000     3.14863591
    1.50750000     0.03810586    -0.00000001     3.26194480
    1.53000000     0.03910689     0.00000000     3.38409291
    1.55250000     0.04015889     0.00000000     3.51625206
    1.57500000     0.04126569     0.00000000     3.65970114
    1.59750000     0.04243176    -0.00000000     3.81633131
    1.62000000     0.04366184    -0.00000000     3.98846982
    1.64250000     0.04496111    -0.00000000     4.17875478
    1.66500000     0.04633526     0.00000000     4.39081307
    1.68750000     0.04779042     0.00000000     4.62993820
    1.71000000     0.04933325    -0.00000000     4.90257622
    1.73250000     0.05097061     0.00000000     5.21887848
    1.75500000     0.05270942    -0.00000000     5.59387051
    1.77750000     0.05455580    -0.00000000     6.05175224
    1.80000000     0.05651393     0.00000000     6.63234763
    1.82250000     0.05858578     0.00000000     7.39536544
    1.84500000     0.06078441     0.00000000     8.86101772
    1.86750000     0.06296483    -0.00000000    10.71808156
    1.89000000     0.06519269    -0.00000000    13.54492402
    1.91250000     0.06739313     0.00000000    17.97919402
    1.93500000     0.06952758    -0.00000000    24.44492616
    1.95750000     0.07164099    -0.00000000    33.01463674
    1.98000000     0.07383349    -0.00000000    42.54808400
    2.00250000     0.07913706    -0.00000000    51.90525328
    2.02500000     0.09131478     0.00000000    60.55699744
    2.04750000     0.10196123     0.00000000    68.60716453
    2.07000000     0.11148861     0.00000000    76.17025124
    2.09250000     0.12021340    -0.00000000    83.32312511
    2.11500000     0.12833525    -0.00000000    90.15474486
    2.13750000     0.13597845     0.00000000    96.77989315
    2.16000000     0.14322362     0.00000000   103.21771026
    2.18250000     0.15012681     0.00000000   109.43652340
    2.20500000     0.15672943    -0.00000000   115.44641621
    2.22750000     0.16306350     0.00000000   121.30637888
    2.25000000     0.16915457    -0.00000000   127.04309409
