    0.81000000     0.00002359     0.02523810     0.02524707
    1.35000000     0.00002596     0.02491916     0.02494647
    1.48500000     0.00000013    -0.02469136     0.02474500
    1.62000000     0.00039778    -0.00000000     0.28772527
    1.89000000     0.00082979     0.00000000     0.60104390
    2.02500000     0.00104455    -0.00000000     0.75757317
    2.16000000     0.00124665    -0.00000000     0.90544262
    2.70000000     0.00195923    -0.00000000     1.43281177
    3.24000000    2.6448081150960145E-003  0.0000   1.9521530208161457
    3.64500000  3.2495738935275076E-003 0.0000  2.4230156951824942 
    4.05000000     0.00401378     0.00000000     3.03637314
    4.45500000  5.0634568134254876E-003 0.0000 3.8998469134965523
    4.86000000     0.00678934     0.00000000     5.43252784
