    0.02700000     0.00000830    -0.00000000     0.01006913
    0.08100000     0.00000841    -0.00000000     0.01019745
    0.16200000     0.00000856     0.00000000     0.01037518
    0.27000000     0.00000880     0.00000000     0.01066169
    0.81000000     0.00001055    -0.00000000     0.01217945
    1.08000000     0.00001121     0.00000000     0.01331639
    1.35000000     0.00001273    -0.00000000     0.01446354
    1.48500000     0.00001280    -0.00000000     0.01519286
    1.62000000     0.00001360    -0.00000001     0.01570180
    1.75500000     0.00001428    -0.00000000     0.01645313
    1.89000000     0.00001507     0.00000000     0.01723293
    2.02500000     0.00001562    -0.00000000     0.01828930
    2.16000000     0.00001650     0.00000000     0.01917483
    2.29500000     0.00001750    -0.00000000     0.02054110
    2.34900000     0.00046998     0.00000000     0.36706951
    2.43000000     0.00058397    -0.00000000     0.45612483347661137
    2.56500000     0.00077068    -0.00000000     0.60237846
    2.70000000     0.00096657     0.00000000     0.75639081
    3.37500000     0.00194184    -0.00000000     1.53327937
    4.05000000     0.00314376     0.00000000     2.52235485 
    4.86000000     0.00579070     0.00000000     4.87584907
    5.40000000     1.06949760     0.00000        10.255224496944022
