    0.02550000     0.00000340    -0.02467166     0.02468528
    0.05100000     0.00030238     0.00000000     0.02587535
    0.07650000     0.00030928    -0.00000000     0.02646209
    0.10200000     0.00031652     0.00000000     0.02707768
    0.12750000     0.00032414     0.00000001     0.02772455
    0.15300000     0.00033235     0.00000000     0.02842108
    0.17850000     0.00034077    -0.00000000     0.02913632
    0.20400000     0.00034965     0.00000000     0.02989014
    0.22950000     0.00035901    -0.00000000     0.03068565
    0.25500000     0.00036891    -0.00000000     0.03152632
    0.28050000     0.00037939     0.00000000     0.03241607
    0.30600000     0.00039050    -0.00000000     0.03335931
    0.33150000     0.00040229     0.00000000     0.03436103
    0.35700000     0.00041484     0.00000000     0.03542693
    0.38250000     0.00042797    -0.00000000     0.03654350
    0.40800000     0.00044225    -0.00000000     0.03775748
    0.43350000     0.00045729     0.00000000     0.03903684
    0.45900000     0.00047368    -0.00000000     0.04043029
    0.48450000     0.00049106     0.00000000     0.04191007
    0.51000000     0.00050982     0.00000001     0.04350782
    0.53550000     0.00053036    -0.00000001     0.04525784
    0.56100000     0.00055239    -0.00000000     0.04713717
    0.58650000     0.00057612     0.00000000     0.04916312
    0.61200000     0.00060234     0.00000000     0.05140274
    0.63750000     0.00063085    -0.00000000     0.05383846
    0.66300000     0.00066229     0.00000001     0.05652457
    0.68850000     0.00069712     0.00000000     0.05950034
    0.71400000     0.00073592     0.00000000     0.06281446
    0.73950000     0.00077911    -0.00000000     0.06650443
    0.76500000     0.00082783    -0.00000000     0.07067407
    0.79050000     0.00088319     0.00000000     0.07541522
    0.81600000     0.00094606    -0.00000000     0.08079879
    0.84150000     0.00101907     0.00000000     0.08705187
    0.86700000     0.00110385     0.00000000     0.09431195
    0.89250000     0.00120393     0.00000000     0.10288276
    0.91800000     0.00132409     0.00000000     0.11317276
    0.94350000     0.00147008     0.00000000     0.12569030
    0.96900000     0.00165099    -0.00000000     0.14120278
    0.99450000     0.00188010    -0.00000000     0.16085041
    1.02000000     0.00217735     0.00000000     0.18635692
    1.04550000     0.00257100    -0.00000000     0.22016173
    1.07100000     0.00310024     0.00000000     0.26563168
    1.09650000     0.00380449    -0.00000000     0.32618835
    1.12200000     0.00469503     0.00000000     0.40286757
    1.14750000     0.00572756    -0.00000000     0.49196031
    1.17300000     0.00682373     0.00000000     0.58681814
    1.19850000     0.00792148    -0.00000000     0.68215864
    1.22400000     0.00899135     0.00000001     0.77547606
    1.24950000     0.01002554    -0.00000000     0.86611411
    1.27500000     0.01102439     0.00000000     0.95411489
    1.30050000     0.01199274    -0.00000000     1.03991223
    1.32600000     0.01293573    -0.00000000     1.12396481
    1.35150000     0.01385861    -0.00000000     1.20674827
    1.37700000     0.01476623     0.00000000     1.28871551
    1.40250000     0.01566263     0.00000000     1.37041788
    1.42800000     0.01654605    -0.00000000     1.45117150
    1.45350000     0.01743378    -0.00000000     1.53304286
    1.47900000     0.01832189    -0.00000000     1.61586438
    1.50450000     0.01921431     0.00000000     1.69983574
    1.53000000     0.02011416    -0.00000001     1.78545613
    1.55550000     0.02102496    -0.00000000     1.87304818
    1.58100000     0.02195002     0.00000000     1.96285972
    1.60650000     0.02289273    -0.00000000     2.05536790
    1.63200000     0.02385658     0.00000000     2.15117836
    1.65750000     0.02484524     0.00000000     2.25080751
    1.68300000     0.02586255    -0.00000000     2.35452965
    1.70850000     0.02691261    -0.00000000     2.46287291
    1.73400000     0.02799979    -0.00000000     2.57679504
    1.75950000     0.02912913    -0.00000000     2.69714212
    1.78500000     0.03030547    -0.00000000     2.82417374
    1.81050000     0.03153448    -0.00000000     2.95866513
    1.83600000     0.03282266    -0.00000000     3.10149820
    1.86150000     0.03417663     0.00000000     3.25443615
    1.88700000     0.03560413    -0.00000000     3.41860117
    1.91250000     0.03711410     0.00000000     3.59529458
    1.93800000     0.03871691     0.00000000     3.78518762
    1.96350000     0.04042418     0.00000000     3.98918781
    1.98900000     0.04224844     0.00000001     4.20795954
    2.01450000     0.04420437     0.00000000     4.44206815
    2.04000000     0.04631086     0.00000000     4.69206003
    2.06550000     0.04859170     0.00000000     4.95782052
    2.09100000     0.05107264    -0.00000000     5.24041679
    2.11650000     0.05379421     0.00000000     5.52853766
    2.14200000     0.05681383     0.00000000     5.82066291
    2.16750000     0.06022425    -0.00000000     6.22996050
    2.19300000     0.06419105     0.00000000     8.25194843
    2.21850000     0.06902444    -0.00000000    12.73867389
    2.24400000     0.07524189     0.00000000    20.91516727
    2.26950000     0.08334141     0.00000000    34.29610363
    2.29500000     0.09307050    -0.00000000    51.80592260
    2.32050000     0.10318614     0.00000000    69.00485616
    2.34600000     0.11251664    -0.00000000    82.74161695
    2.37150000     0.12078155    -0.00000000    93.21119730
    2.39700000     0.12799209     0.00000000   101.07040805
    2.42250000     0.13415407     0.00000000   103.19592832
    2.44800000     0.12857289    -0.00000000   105.17845523
    2.47350000     0.14341760    -0.00000000   106.83642450
    2.49900000     0.15088040     0.00000000   108.75368836
    2.52450000     0.15758418    -0.00000000   115.45995559
    2.55000000     0.16390966     0.00000000   121.63417906
