    0.01875000     0.00000262    -0.02469109     0.02470173
    0.03750000     0.00001149    -0.02469126     0.02474310
    0.05625000     0.00000010    -0.02469133     0.02469133
    0.07500000     0.00000000    -0.02469135     0.02469135
    0.09375000     0.00000010    -0.02469136     0.02469235
    0.11250000     0.00000020    -0.02469135     0.02469621
    0.13125000     0.00000030    -0.02469136     0.02470234
    0.15000000     0.00000041    -0.02469136     0.02471058
    0.16875000     0.00000051    -0.02469136     0.02472107
    0.18750000     0.00000062    -0.02469136     0.02473435
    0.20625000     0.00000073    -0.02469136     0.02474968
    0.22500000     0.00000085    -0.02469136     0.02476682
    0.24375000     0.00000115    -0.02469135     0.02481940
    0.26250000     0.00528266    -0.02469136     0.27980632
    0.28125000     0.00746762    -0.00000000     0.36937119
    0.30000000     0.00864808     0.00000000     0.42786360
    0.31875000     0.00975054    -0.00000000     0.48251004
    0.33750000     0.01078613    -0.00000000     0.53388015
    0.35625000     0.01176393    -0.00000000     0.58244108
    0.37500000     0.01269047    -0.00000000     0.62852872
    0.39375000     0.01357039    -0.00000000     0.67238469
    0.41250000     0.01440722     0.00000000     0.71419062
    0.43125000     0.01520473    -0.00000000     0.75413658
    0.45000000     0.01596628     0.00000000     0.79239962
    0.46875000     0.01669526    -0.00000000     0.82914864
    0.48750000     0.01739474    -0.00000000     0.86453848
    0.50625000     0.01806851    -0.00000000     0.89876434
    0.52500000     0.01871918    -0.00000000     0.93195780
    0.54375000     0.01935026     0.00000000     0.96429323
    0.56250000     0.01996403     0.00000000     0.99588726
    0.58125000     0.02056360    -0.00000000     1.02691300
    0.60000000     0.02115112     0.00000000     1.05747414
    0.61875000     0.02172901     0.00000000     1.08770857
    0.63750000     0.02229862     0.00000000     1.11767677
    0.65625000     0.02286200    -0.00000000     1.14746248
    0.67500000     0.02342154     0.00000000     1.17721334
    0.69375000     0.02397991    -0.00000000     1.20704475
    0.71250000     0.02453777    -0.00000000     1.23703846
    0.73125000     0.02509672    -0.00000000     1.26727260
    0.75000000     0.02565789     0.00000000     1.29781466
    0.76875000     0.02622313     0.00000000     1.32877419
    0.78750000     0.02679324     0.00000001     1.36019996
    0.80625000     0.02736976     0.00000000     1.39218327
    0.82500000     0.02795394     0.00000000     1.42480790
    0.84375000     0.02854702    -0.00000000     1.45815945
    0.86250000     0.02915022    -0.00000000     1.49233379
    0.88125000     0.02976480     0.00000000     1.52740669
    0.90000000     0.03039198     0.00000000     1.56346370
    0.91875000     0.03103302     0.00000000     1.60064136
    0.93750000     0.03168947     0.00000000     1.63903653
    0.95625000     0.03236212     0.00000000     1.67870500
    0.97500000     0.03305259     0.00000000     1.71980117
    0.99375000     0.03376226    -0.00000000     1.76246302
    1.01250000     0.03449260     0.00000000     1.80680320
    1.03125000     0.03524537    -0.00000000     1.85306508
    1.05000000     0.03602164     0.00000000     1.90131905
    1.06875000     0.03682360    -0.00000000     1.95177440
    1.08750000     0.03765248     0.00000000     2.00458654
    1.10625000     0.03851064     0.00000000     2.06004646
    1.12500000     0.03939954    -0.00000000     2.11830136
    1.14375000     0.04032176     0.00000000     2.17969476
    1.16250000     0.04127925    -0.00000000     2.24456195
    1.18125000     0.04227410     0.00000000     2.31320157
    1.20000000     0.04330936     0.00000000     2.38622372
    1.21875000     0.04438744    -0.00000000     2.46392669
    1.23750000     0.04551122     0.00000000     2.54685154
    1.25625000     0.04668403    -0.00000000     2.63575664
    1.27500000     0.04790867     0.00000000     2.73154212
    1.29375000     0.04918895     0.00000000     2.83519549
    1.31250000     0.05052996     0.00000000     2.94882363
    1.33125000     0.05193418    -0.00000000     3.07316197
    1.35000000     0.05340615     0.00000000     3.21025432
    1.36875000     0.05495079     0.00000000     3.36296746
    1.38750000     0.05657330     0.00000000     3.53517771
    1.40625000     0.05827934    -0.00000000     3.73207175
    1.42500000     0.06007492     0.00000000     3.96224550
    1.44375000     0.06196658     0.00000000     4.23861401
    1.46250000     0.06396133     0.00000000     4.58381183
    1.48125000     0.06606693    -0.00000000     5.03937244
    1.50000000     0.06829376     0.00000000     5.67199666
    1.51875000     0.07065606     0.00000001     6.64342104
    1.53750000     0.07317544    -0.00000000     8.29095751
    1.55625000     0.07652317    -0.00000000    11.95981169
    1.57500000     0.07908694     0.00000000    17.38681998
    1.59375000     0.08137104     0.00000000    25.07995952
    1.61250000     0.08336704     0.00000000    34.82527012
    1.63125000     0.08530670     0.00000000    45.34994993
    1.65000000     0.08744053     0.00000000    55.22093114
    1.66875000     0.09678147    -0.00000000    64.01141988
    1.68750000     0.10729303     0.00000000    71.94310866
    1.70625000     0.11665162     0.00000001    79.36445375
    1.72500000     0.12522269    -0.00000000    86.40416582
    1.74375000     0.13321158    -0.00000000    93.14756660
    1.76250000     0.14073884     0.00000000    99.64506158
    1.78125000     0.14788030    -0.00000000   105.92494631
    1.80000000     0.15468826    -0.00000000   112.08744693
    1.81875000     0.16120150     0.00000000   118.06664453
    1.83750000     0.16745031     0.00000000   123.86218635
    1.85625000     0.17345907     0.00000000   129.47932988
    1.87500000     0.17924794     0.00000000   134.92307214
