# time       return_probability   rate_function_DMRG     rate_function_Exact
0        1.000000000000006    -1.154631945610156e-16    
0.05        0.7720417178733803    0.005174333834426202    
0.1        0.3544903021759602    0.02074148579456811    
0.15        0.09615891417900853    0.04683506200149256    
0.2        0.01523623779242435    0.08368157246427448    
0.25        0.001387418702557744    0.1316062061362296    
0.3        7.10556979751269e-05    0.1910409301988498    
0.35        1.991270066272172e-06    0.2625347579709797    
0.4        2.951751004268569e-08    0.346765643778383    
0.45        2.221586194387636e-10    0.4445525897442974    
0.5        8.087927523568281e-13    0.5568646737645545    
0.55        1.34687677383501e-15    0.6848197596720221    
0.6000000000000001        9.643144111391033e-19    0.8296573911761339    
0.65        2.784910023600582e-22    0.9926531296103187    
0.7000000000000001        3.070742749844345e-26    1.174905858948966    
0.75        1.264504593474421e-30    1.376857447401184    
0.8        2.068869172819916e-35    1.597269521802212    
0.8500000000000001        1.723246024378517e-40    1.831183879680589    
0.9        1.349419446948964e-45    2.066333094481444    
0.9500000000000001        3.338027070808497e-50    2.278477494292137    
1        1.702688212267798e-53    2.430096032504575    
1.05        1.279974439938623e-54    2.481855098254885    
1.1        3.206765149734735e-53    2.417434944823421    
1.15        9.813475838960957e-50    2.256909962459638    
1.2        4.903675488953707e-45    2.040526883220265    
1.25        6.520754493676305e-40    1.804568272612586    
1.3        7.417459742706149e-35    1.571732832179268    
1.35        4.119053665894086e-30    1.35323858691175    
1.4        8.96421808032533e-26    1.153479430674827    
1.45        7.282636165378638e-22    0.9734275827715542    
1.5        2.270586543084128e-18    0.8125298697350471    
1.55        2.87558969092205e-15    0.669650372636152    
1.6        1.57697976491447e-12    0.5435101927881901    
1.65        3.982132847626808e-10    0.4328806672563818    
1.7        4.892402600301657e-08    0.3366599446364653    
1.75        3.067033169750248e-06    0.2538959971568657    
1.8        0.0001021253653108845    0.1837861885538988    
1.85        0.001867075522653116    0.1256676392779994    
1.9        0.01924986303052973    0.07900502667141629    
1.95        0.1142985717773709    0.04337882407291043    
2        0.3970222546023482    0.01847525885866422    
2.05        0.8155247683043503    0.00407846970915767    
2.1        0.9967556154163457    6.499318021173882e-05    
2.15        0.7261280562379966    0.006400577874175457    
2.2        0.3144391053889637    0.02313929690307215    
2.25        0.08035930740852867    0.05042494715364385    
2.3        0.01197735336949525    0.08849475262889435    
2.35        0.001023763216647443    0.1376854002569239    
2.4        4.907947679519699e-05    0.1984413919684589    
2.45        1.283042383557795e-06    0.2713255287629406    
2.5        1.766737943728717e-08    0.3570309173473887    
2.55        1.229004029181721e-10    0.456392936418781    
2.6        4.111254698217011e-13    0.5703975589526236    
2.65        6.249207504100165e-16    0.7001781366308022    
2.7        4.054906866775666e-19    0.8469837809417234    
2.75        1.054096798691091e-22    1.012083755212029    
2.8        1.041367310035737e-26    1.196533556939857    
2.85        3.848208703090071e-31    1.400650602294259    
2.9        5.742185614668065e-36    1.622904468816448    
2.95        4.570635807759386e-41    1.857726729822051    
3        3.78859438697442e-46    2.091738384031436    
3.05        1.188299761508493e-50    2.299134622721764    
3.1        9.722015909961791e-54    2.441304040531318    
3.15        1.391810751433537e-54    2.480179788468776    
3.2        6.471005358220185e-53    2.403393568891475    
3.25        3.004871926736981e-49    2.234528692193672    
3.3        1.810475699038082e-44    2.014403089276851    
3.35        2.468779938346749e-39    1.777941891004975    
3.4        2.640358998769514e-34    1.546339565390039    
3.45        1.327863373017965e-29    1.329827930656587    
3.5        2.587240478041535e-25    1.132280709392626    
3.55        1.883008949174612e-21    0.9544283190119187    
3.6        5.288882151062352e-18    0.7956184952790255    
3.65        6.077358369386178e-15    0.6546841254413043    
3.7        3.045722421911068e-12    0.5303456598866123    
3.75        7.074713246061806e-10    0.4213864803564903    
3.8        8.041545170753717e-08    0.3267211898761923    
3.85        4.686868033212691e-06    0.2454149199067603    
3.9        0.000145684352822286    0.1766813648730212    
3.95        0.002494588270768284    0.119872631702648    
4        0.02415293125656643    0.07446699058331323    
