0.02000000000000 -0.00368398309662
0.04000000000000 -0.00740342539008
0.06000000000000 -0.01115734742750
0.08000000000000 -0.01494471727540
0.10000000000000 -0.01876445125161
0.12000000000000 -0.02261541482125
0.14000000000000 -0.02649642365788
0.16000000000000 -0.03040624486997
0.18000000000000 -0.03434359839198
0.20000000000000 -0.03830715853841
0.22000000000000 -0.04229555571812
0.24000000000000 -0.04630737830561
0.26000000000000 -0.05034117466438
0.28000000000000 -0.05439547761585
0.30000000000000 -0.05846875453507
0.32000000000000 -0.06255945139547
0.34000000000000 -0.06666598427074
0.36000000000000 -0.07078674205838
0.38000000000000 -0.07492008930683
0.40000000000000 -0.07906436913564
0.42000000000000 -0.08321790623687
0.44000000000000 -0.08737900994583
0.46000000000000 -0.09154597736854
0.48000000000000 -0.09571709655305
0.50000000000000 -0.09989064969141
0.52000000000000 -0.10406491633886
0.54000000000000 -0.10823817663682
0.56000000000000 -0.11240871452613
0.58000000000000 -0.11657482093725
0.60000000000000 -0.12073479694425
0.62000000000000 -0.12488695686970
0.64000000000000 -0.12902964362751
0.66000000000000 -0.13316132635125
0.68000000000000 -0.13728038940662
0.70000000000000 -0.14138524244271
0.72000000000000 -0.14547432303547
0.74000000000000 -0.14954609921303
0.76000000000000 -0.15359908863639
0.78000000000000 -0.15763182173773
0.80000000000000 -0.16164287380828
0.82000000000000 -0.16563085945054
0.84000000000000 -0.16959443440385
0.86000000000000 -0.17353229721569
0.88000000000000 -0.17744319075590
0.90000000000000 -0.18132590357234
0.92000000000000 -0.18517927194340
0.94000000000000 -0.18900219987448
0.96000000000000 -0.19279361700177
0.98000000000000 -0.19655250123709
1.00000000000000 -0.20027788600679
1.02000000000000 -0.20396885531542
1.04000000000000 -0.20762454401265
1.06000000000000 -0.21124413791696
1.08000000000000 -0.21482687380112
1.10000000000000 -0.21837203924494
1.12000000000000 -0.22187897325228
1.14000000000000 -0.22534708366621
1.16000000000000 -0.22877579146978
1.18000000000000 -0.23216458389247
1.20000000000000 -0.23551299646925
1.22000000000000 -0.23882061223099
1.24000000000000 -0.24208706080890
1.26000000000000 -0.24531201746028
1.28000000000000 -0.24849520202293
1.30000000000000 -0.25163637780506
1.32000000000000 -0.25473535041803
1.34000000000000 -0.25779196655861
1.36000000000000 -0.26080611274758
1.38000000000000 -0.26377771403118
1.40000000000000 -0.26670673265163
1.42000000000000 -0.26959316669293
1.44000000000000 -0.27243704870754
1.46000000000000 -0.27523844432963
1.48000000000000 -0.27799745087991
1.50000000000000 -0.28071419596716
1.52000000000000 -0.28338883609099
1.54000000000000 -0.28602155525006
1.56000000000000 -0.28861256355985
1.58000000000000 -0.29116209588370
1.60000000000000 -0.29367041048036
1.62000000000000 -0.29613778767128
1.64000000000000 -0.29856452853037
1.66000000000000 -0.30095095359874
1.68000000000000 -0.30329740162667
1.70000000000000 -0.30560422834478
1.72000000000000 -0.30787180526612
1.74000000000000 -0.31010051852065
1.76000000000000 -0.31229076772336
1.78000000000000 -0.31444296487709
1.80000000000000 -0.31655753331081
1.82000000000000 -0.31863490665409
1.84000000000000 -0.32067552784809
1.86000000000000 -0.32267984819352
1.88000000000000 -0.32464832705960
1.90000000000000 -0.32658142628105
1.92000000000000 -0.32847963098677
1.94000000000000 -0.33034335739010
1.96000000000000 -0.33217308786843
1.98000000000000 -0.33396930820048
2.00000000000000 -0.33573250686673
2.02000000000000 -0.33746317438470
2.04000000000000 -0.33916180267827
2.06000000000000 -0.34082888448040
2.08000000000000 -0.34246491276840
2.10000000000000 -0.34407038097243
2.12000000000000 -0.34564578073859
2.14000000000000 -0.34719160273288
2.16000000000000 -0.34870835096978
2.18000000000000 -0.35019650611308
2.20000000000000 -0.35165655251506
2.22000000000000 -0.35308897204133
2.24000000000000 -0.35449424364452
2.26000000000000 -0.35587284248412
2.28000000000000 -0.35722523958756
2.30000000000000 -0.35855191463634
2.32000000000000 -0.35985332017799
2.34000000000000 -0.36112991407036
2.36000000000000 -0.36238214993478
2.38000000000000 -0.36361047643814
2.40000000000000 -0.36481533712341
2.42000000000000 -0.36599717025717
2.44000000000000 -0.36715640869305
2.46000000000000 -0.36829347975051
2.48000000000000 -0.36940880510806
2.50000000000000 -0.37050280071011
2.52000000000000 -0.37157587668680
2.54000000000000 -0.37262843728604
2.56000000000000 -0.37366088081699
2.58000000000000 -0.37467359960453
2.60000000000000 -0.37566698021664
2.62000000000000 -0.37664140264306
2.64000000000000 -0.37759724135271
2.66000000000000 -0.37853486419189
2.68000000000000 -0.37945464330153
2.70000000000000 -0.38035692575127
2.72000000000000 -0.38124206092139
2.74000000000000 -0.38211039220169
2.76000000000000 -0.38296225749102
2.78000000000000 -0.38379799667304
2.80000000000000 -0.38461792895827
2.82000000000000 -0.38542237408335
2.84000000000000 -0.38621164674291
2.86000000000000 -0.38698605503218
2.88000000000000 -0.38774590168859
2.90000000000000 -0.38849148376093
2.92000000000000 -0.38922309266809
2.94000000000000 -0.38994101483254
2.96000000000000 -0.39064553036306
2.98000000000000 -0.39133691388576
3.00000000000000 -0.39201543494028
3.02000000000000 -0.39268135806198
3.04000000000000 -0.39333494330893
3.06000000000000 -0.39397646479793
3.08000000000000 -0.39460615070091
3.10000000000000 -0.39522424507576
3.12000000000000 -0.39583098710952
3.14000000000000 -0.39642661029933
3.16000000000000 -0.39701134388704
3.18000000000000 -0.39758541241129
3.20000000000000 -0.39814903578463
3.22000000000000 -0.39870242937100
3.24000000000000 -0.39924580406293
3.26000000000000 -0.39977936635891
3.28000000000000 -0.40030331844044
3.30000000000000 -0.40081785824882
3.32000000000000 -0.40132317956156
3.34000000000000 -0.40181947206847
3.36000000000000 -0.40230692144713
3.38000000000000 -0.40278571019047
3.40000000000000 -0.40325601546148
3.42000000000000 -0.40371801145495
3.44000000000000 -0.40417186844687
3.46000000000000 -0.40461775330627
3.48000000000000 -0.40505583418450
3.50000000000000 -0.40548626682846
3.52000000000000 -0.40590920676833
3.54000000000000 -0.40632482044719
3.56000000000000 -0.40673325819865
3.58000000000000 -0.40713465396210
3.60000000000000 -0.40752914989295
3.62000000000000 -0.40791688611887
3.64000000000000 -0.40829800075172
3.66000000000000 -0.40867262691644
3.68000000000000 -0.40904089582786
3.70000000000000 -0.40940293585318
3.72000000000000 -0.40975887257215
3.74000000000000 -0.41010882883621
3.76000000000000 -0.41045292482671
3.78000000000000 -0.41079127811202
3.80000000000000 -0.41112400370369
3.82000000000000 -0.41145121411153
3.84000000000000 -0.41177301939780
3.86000000000000 -0.41208952723028
3.88000000000000 -0.41240084293444
3.90000000000000 -0.41270706954455
3.92000000000000 -0.41300830785385
3.94000000000000 -0.41330465646378
3.96000000000000 -0.41359621183216
3.98000000000000 -0.41388306832051
4.00000000000000 -0.41416531824036
4.02000000000000 -0.41444305189870
4.04000000000000 -0.41471635764240
4.06000000000000 -0.41498532190189
4.08000000000000 -0.41525002950109
4.10000000000000 -0.41551056291822
4.12000000000000 -0.41576700308721
4.14000000000000 -0.41601942945562
4.16000000000000 -0.41626791924971
4.18000000000000 -0.41651254826727
4.20000000000000 -0.41675339067025
4.22000000000000 -0.41699051902156
4.24000000000000 -0.41722400432104
4.26000000000000 -0.41745391604062
4.28000000000000 -0.41768032254447
4.30000000000000 -0.41790329001509
4.32000000000000 -0.41812288354478
4.34000000000000 -0.41833916683121
4.35999999999999 -0.41855220220887
4.37999999999999 -0.41876205067994
4.39999999999999 -0.41896877194437
4.41999999999999 -0.41917242481474
4.43999999999999 -0.41937306651537
4.45999999999999 -0.41957075306191
4.47999999999999 -0.41976553890055
4.49999999999999 -0.41995747840730
4.51999999999999 -0.42014663595596
4.53999999999999 -0.42033305241599
4.55999999999999 -0.42051677777239
4.57999999999999 -0.42069786091793
4.59999999999999 -0.42087635005318
4.61999999999999 -0.42105229236525
4.63999999999999 -0.42122573405082
4.65999999999999 -0.42139672033857
4.67999999999999 -0.42156529551093
4.69999999999999 -0.42173150330587
4.71999999999999 -0.42189538602657
4.73999999999999 -0.42205699279576
4.75999999999999 -0.42221635866094
4.77999999999999 -0.42237352322626
4.79999999999999 -0.42252852551042
4.81999999999999 -0.42268140408405
4.83999999999998 -0.42283219576220
4.85999999999998 -0.42298093713576
4.87999999999998 -0.42312766424521
4.89999999999998 -0.42327241200395
4.91999999999998 -0.42341521480859
4.93999999999998 -0.42355610635640
4.95999999999998 -0.42369511966081
4.97999999999998 -0.42383228706655
4.99999999999998 -0.42396764026442
5.01999999999998 -0.42410121030573
5.03999999999998 -0.42423302761647
5.05999999999998 -0.42436312201106
5.07999999999998 -0.42449152270584
5.09999999999998 -0.42461825833230
5.11999999999998 -0.42474335694989
5.13999999999998 -0.42486684625114
5.15999999999998 -0.42498876023367
5.17999999999998 -0.42510911948282
5.19999999999998 -0.42522794950904
5.21999999999998 -0.42534527584016
5.23999999999998 -0.42546112337405
5.25999999999998 -0.42557551649281
5.27999999999998 -0.42568847890364
5.29999999999997 -0.42580003402053
5.31999999999997 -0.42591020480044
5.33999999999997 -0.42601901393397
5.35999999999997 -0.42612648331288
5.37999999999997 -0.42623263458138
5.39999999999997 -0.42633748896499
5.41999999999997 -0.42644106727957
5.43999999999997 -0.42654338994009
5.45999999999997 -0.42664447696937
5.47999999999997 -0.42674434800639
5.49999999999997 -0.42684302231464
5.51999999999997 -0.42694051879015
5.53999999999997 -0.42703685596938
5.55999999999997 -0.42713205231239
5.57999999999997 -0.42722612539779
5.59999999999997 -0.42731909290003
5.61999999999997 -0.42741097685089
5.63999999999997 -0.42750178972417
5.65999999999997 -0.42759154760706
5.67999999999997 -0.42768026660103
5.69999999999997 -0.42776796263218
5.71999999999997 -0.42785465179845
5.73999999999997 -0.42794034912335
5.75999999999997 -0.42802506978078
5.77999999999996 -0.42810882831245
5.79999999999996 -0.42819163922411
5.81999999999996 -0.42827351675489
5.83999999999996 -0.42835447524453
5.85999999999996 -0.42843452807326
5.87999999999996 -0.42851368921166
5.89999999999996 -0.42859197859556
5.91999999999996 -0.42866940347049
5.93999999999996 -0.42874597563021
5.95999999999996 -0.42882170808521
5.97999999999996 -0.42889661263835
5.99999999999996 -0.42897070579835
6.01999999999996 -0.42904399632010
6.03999999999996 -0.42911649521004
6.05999999999996 -0.42918821385961
6.07999999999996 -0.42925916356693
6.09999999999996 -0.42932935571942
6.11999999999996 -0.42939880055247
6.13999999999996 -0.42946750871104
6.15999999999996 -0.42953549065338
6.17999999999996 -0.42960275682144
6.19999999999996 -0.42966931715586
6.21999999999996 -0.42973518157671
6.23999999999995 -0.42980035983184
6.25999999999995 -0.42986486150037
6.27999999999995 -0.42992869599600
6.29999999999995 -0.42999187257034
6.31999999999995 -0.43005440078284
6.33999999999995 -0.43011629605983
6.35999999999995 -0.43017756115662
6.37999999999995 -0.43023820382718
6.39999999999995 -0.43029823306034
6.41999999999995 -0.43035765719476
6.43999999999995 -0.43041648420868
6.45999999999995 -0.43047472191345
6.47999999999995 -0.43053237824617
6.49999999999995 -0.43058946130196
6.51999999999995 -0.43064597846129
6.53999999999995 -0.43070193727007
6.55999999999995 -0.43075734565997
6.57999999999995 -0.43081221041576
6.59999999999995 -0.43086653876996
6.61999999999995 -0.43092033802008
6.63999999999995 -0.43097361510286
6.65999999999995 -0.43102638498746
6.67999999999995 -0.43107864680762
6.69999999999995 -0.43113040622776
6.71999999999994 -0.43118166975969
6.73999999999994 -0.43123244464633
6.75999999999994 -0.43128273673774
6.77999999999994 -0.43133255183945
6.79999999999994 -0.43138189605225
6.81999999999994 -0.43143077537920
6.83999999999994 -0.43147919572719
6.85999999999994 -0.43152716290873
6.87999999999994 -0.43157468264371
6.89999999999994 -0.43162176083684
6.91999999999994 -0.43166840274848
6.93999999999994 -0.43171461383143
6.95999999999994 -0.43176039945269
6.97999999999994 -0.43180576489508
6.99999999999994 -0.43185071535874
7.01999999999994 -0.43189525596276
7.03999999999994 -0.43193939174663
7.05999999999994 -0.43198312794160
7.07999999999994 -0.43202646915624
7.09999999999994 -0.43206942020054
7.11999999999994 -0.43211198581057
7.13999999999994 -0.43215417367041
7.15999999999994 -0.43219598598899
7.17999999999993 -0.43223742722815
7.19999999999993 -0.43227850175642
7.21999999999993 -0.43231921395136
7.23999999999993 -0.43235956818241
7.25999999999993 -0.43239956864082
7.27999999999993 -0.43243921956298
7.29999999999993 -0.43247852501816
7.31999999999993 -0.43251748906543
7.33999999999993 -0.43255611570356
7.35999999999993 -0.43259440908870
7.37999999999993 -0.43263237768164
7.39999999999993 -0.43267002075516
7.41999999999993 -0.43270734217566
7.43999999999993 -0.43274434554164
7.45999999999993 -0.43278103436945
7.47999999999993 -0.43281741244261
7.49999999999993 -0.43285348326800
7.51999999999993 -0.43288925034137
7.53999999999993 -0.43292471686354
7.55999999999993 -0.43295988644573
7.57999999999993 -0.43299476223973
7.59999999999993 -0.43302934775830
7.61999999999993 -0.43306365122906
7.63999999999993 -0.43309767162624
7.65999999999992 -0.43313141111983
7.67999999999992 -0.43316487304189
7.69999999999992 -0.43319806048236
7.71999999999992 -0.43323097637358
7.73999999999992 -0.43326362402083
7.75999999999992 -0.43329600619123
7.77999999999992 -0.43332812559458
7.79999999999992 -0.43335998510883
7.81999999999992 -0.43339158768783
7.83999999999992 -0.43342293653926
7.85999999999992 -0.43345403577985
7.87999999999992 -0.43348488626817
7.89999999999992 -0.43351549080562
7.91999999999992 -0.43354585185866
7.93999999999992 -0.43357597222789
7.95999999999992 -0.43360585430030
7.97999999999992 -0.43363550083553
7.99999999999992 -0.43366491411808
8.01999999999992 -0.43369409721076
8.03999999999992 -0.43372305592064
8.05999999999992 -0.43375178930237
8.07999999999992 -0.43378029949618
8.09999999999992 -0.43380858892913
8.11999999999992 -0.43383665969273
8.13999999999992 -0.43386451394977
8.15999999999991 -0.43389215415685
8.17999999999991 -0.43391958233317
8.19999999999991 -0.43394680086466
8.21999999999991 -0.43397381197223
8.23999999999991 -0.43400061772349
8.25999999999991 -0.43402722422454
8.27999999999991 -0.43405363040765
8.29999999999991 -0.43407983764228
8.31999999999991 -0.43410584799965
8.33999999999991 -0.43413166297570
8.35999999999991 -0.43415728455532
8.37999999999991 -0.43418271504955
8.39999999999991 -0.43420795602963
8.41999999999991 -0.43423300940357
8.43999999999991 -0.43425787705435
8.45999999999991 -0.43428256084044
8.47999999999991 -0.43430706259616
8.49999999999991 -0.43433138413211
8.51999999999991 -0.43435552723557
8.53999999999991 -0.43437949367091
8.55999999999991 -0.43440328552437
8.57999999999991 -0.43442690424103
8.59999999999991 -0.43445035570479
8.61999999999991 -0.43447363762302
8.63999999999990 -0.43449675139498
8.65999999999990 -0.43451969853824
8.67999999999990 -0.43454248116464
8.69999999999990 -0.43456510049101
8.71999999999990 -0.43458755797593
8.73999999999990 -0.43460985517925
8.75999999999990 -0.43463199364233
8.77999999999990 -0.43465397499316
8.79999999999990 -0.43467580062807
8.81999999999990 -0.43469747214322
8.83999999999990 -0.43471899123245
8.85999999999990 -0.43474035932927
8.87999999999990 -0.43476157833548
8.89999999999990 -0.43478265114747
8.91999999999990 -0.43480357714944
8.93999999999990 -0.43482435754153
8.95999999999990 -0.43484499367927
8.97999999999990 -0.43486548680934
8.99999999999990 -0.43488583900199
9.01999999999990 -0.43490605082179
9.03999999999990 -0.43492612357343
9.05999999999990 -0.43494605869754
9.07999999999990 -0.43496585731324
9.09999999999989 -0.43498552067836
9.11999999999989 -0.43500505003616
9.13999999999989 -0.43502445093162
9.15999999999989 -0.43504372104973
9.17999999999989 -0.43506286136901
9.19999999999989 -0.43508187274615
9.21999999999989 -0.43510075825094
9.23999999999989 -0.43511951751210
9.25999999999989 -0.43513815189805
9.27999999999989 -0.43515666204119
9.29999999999989 -0.43517504900400
9.31999999999989 -0.43519331400796
9.33999999999989 -0.43521145818854
9.35999999999989 -0.43522948233174
9.37999999999989 -0.43524738760339
9.39999999999989 -0.43526517505964
9.41999999999989 -0.43528284592625
9.43999999999989 -0.43530040097093
9.45999999999989 -0.43531784161152
9.47999999999989 -0.43533516856325
9.49999999999989 -0.43535238304181
9.51999999999989 -0.43536948602347
9.53999999999989 -0.43538647932616
9.55999999999989 -0.43540336797388
9.57999999999988 -0.43542014847429
9.59999999999988 -0.43543682106882
9.61999999999988 -0.43545338670305
9.63999999999988 -0.43546984620123
9.65999999999988 -0.43548620069528
9.67999999999988 -0.43550245075366
9.69999999999988 -0.43551859745914
9.71999999999988 -0.43553464176959
9.73999999999988 -0.43555058535599
9.75999999999988 -0.43556642802733
9.77999999999988 -0.43558217065129
9.79999999999988 -0.43559781408564
9.81999999999988 -0.43561335927502
9.83999999999988 -0.43562880695924
9.85999999999988 -0.43564415796671
9.87999999999988 -0.43565941321823
9.89999999999988 -0.43567457342282
9.91999999999988 -0.43568963938096
9.93999999999988 -0.43570461188415
9.95999999999988 -0.43571949171502
9.97999999999988 -0.43573427964750
9.99999999999988 -0.43574897813101
