0.02000000000000 0.00495099992347
0.04000000000000 0.00980400904750
0.06000000000000 0.01455907176520
0.08000000000000 0.01921627391222
0.10000000000000 0.02377574390439
0.12000000000000 0.02823765379629
0.14000000000000 0.03260222025434
0.16000000000000 0.03686970543837
0.18000000000000 0.04104041778579
0.20000000000000 0.04511471269284
0.22000000000000 0.04909299308790
0.24000000000000 0.05297570989212
0.26000000000000 0.05676336236326
0.28000000000000 0.06045644483240
0.30000000000000 0.06405558145419
0.32000000000000 0.06756141079806
0.34000000000000 0.07097461898333
0.36000000000000 0.07429593934234
0.38000000000000 0.07752615195685
0.40000000000000 0.08066608306822
0.42000000000000 0.08371660436243
0.44000000000000 0.08667863213189
0.46000000000000 0.08955312631649
0.48000000000000 0.09234108942712
0.50000000000000 0.09504356535547
0.52000000000000 0.09766163807445
0.54000000000000 0.10019643023438
0.56000000000000 0.10264910166043
0.58000000000000 0.10502084775735
0.60000000000000 0.10731289782812
0.62000000000000 0.10952651331334
0.64000000000000 0.11166285176644
0.66000000000000 0.11372328798285
0.68000000000000 0.11570915599343
0.70000000000000 0.11762181338666
0.72000000000000 0.11946263925965
0.74000000000000 0.12123303214158
0.76000000000000 0.12293202160302
0.78000000000000 0.12456320696840
0.80000000000000 0.12612802464126
0.82000000000000 0.12762792222599
0.84000000000000 0.12906435646318
0.86000000000000 0.13043879118352
0.88000000000000 0.13175269528729
0.90000000000000 0.13300754075620
0.92000000000000 0.13420478068503
0.94000000000000 0.13534552881568
0.96000000000000 0.13643159047287
0.98000000000000 0.13746441990368
1.00000000000000 0.13844547353288
1.02000000000000 0.13937619991115
1.04000000000000 0.14025803810639
1.06000000000000 0.14109241616495
1.08000000000000 0.14188074964590
1.10000000000000 0.14262444023021
1.12000000000000 0.14332485336055
1.14000000000000 0.14398296384676
1.16000000000000 0.14460048849229
1.18000000000000 0.14517875772761
1.20000000000000 0.14571908224871
1.22000000000000 0.14622275210317
1.24000000000000 0.14669103585502
1.26000000000000 0.14712517982747
1.28000000000000 0.14752640742223
1.30000000000000 0.14789591851402
1.32000000000000 0.14823488891827
1.34000000000000 0.14854446993022
1.36000000000000 0.14882578793309
1.38000000000000 0.14907994407304
1.40000000000000 0.14930801399837
1.42000000000000 0.14951104766033
1.44000000000000 0.14969006917294
1.46000000000000 0.14984607672886
1.48000000000000 0.14998004256861
1.50000000000000 0.15009291300023
1.52000000000000 0.15018560846641
1.54000000000000 0.15025902365641
1.56000000000000 0.15031402765954
1.58000000000000 0.15035146415777
1.60000000000000 0.15037215165435
1.62000000000000 0.15037688373579
1.64000000000000 0.15036642936459
1.66000000000000 0.15034153319994
1.68000000000000 0.15030291594396
1.70000000000000 0.15025127471104
1.72000000000000 0.15018728341774
1.74000000000000 0.15011159319122
1.76000000000000 0.15002483279378
1.78000000000000 0.14992760906165
1.80000000000000 0.14982050735586
1.82000000000000 0.14970409202337
1.84000000000000 0.14957890686683
1.86000000000000 0.14944547562103
1.88000000000000 0.14930427439903
1.90000000000000 0.14915581663139
1.92000000000000 0.14900008966922
1.94000000000000 0.14883802241587
1.96000000000000 0.14867004384085
1.98000000000000 0.14849656571440
2.00000000000000 0.14831798309610
2.02000000000000 0.14813467482021
2.04000000000000 0.14794700397717
2.06000000000000 0.14775531839012
2.08000000000000 0.14755995108602
2.10000000000000 0.14736116304870
2.12000000000000 0.14715931229924
2.14000000000000 0.14695469006060
2.16000000000000 0.14674670281600
2.18000000000000 0.14653639627826
2.20000000000000 0.14632405000545
2.22000000000000 0.14610990398960
2.24000000000000 0.14589422172146
2.26000000000000 0.14567722299779
2.28000000000000 0.14545907907520
2.30000000000000 0.14524091048845
2.32000000000000 0.14502200120828
2.34000000000000 0.14480250579626
2.36000000000000 0.14458259335958
2.38000000000000 0.14436242431577
2.40000000000000 0.14414215072869
2.42000000000000 0.14392191663491
2.44000000000000 0.14370185836042
2.46000000000000 0.14348210482758
2.48000000000000 0.14326277785289
2.50000000000000 0.14304399243526
2.52000000000000 0.14282585703534
2.54000000000000 0.14260847384573
2.56000000000000 0.14239193905241
2.58000000000000 0.14217634308760
2.60000000000000 0.14196178502771
2.62000000000000 0.14174832978867
2.64000000000000 0.14153606673659
2.66000000000000 0.14132505038797
2.68000000000000 0.14111564554669
2.70000000000000 0.14090762231923
2.72000000000000 0.14070101378399
2.74000000000000 0.14049586890477
2.76000000000000 0.14029223697274
2.78000000000000 0.14009009877079
2.80000000000000 0.13988955400472
2.82000000000000 0.13969064408459
2.84000000000000 0.13949340246985
2.86000000000000 0.13929786345010
2.88000000000000 0.13910405649535
2.90000000000000 0.13891200830372
2.92000000000000 0.13872174293925
2.94000000000000 0.13853326577816
2.96000000000000 0.13834661198295
2.98000000000000 0.13816179819982
3.00000000000000 0.13797883918579
3.02000000000000 0.13779774841375
3.04000000000000 0.13761852111512
3.06000000000000 0.13744095183924
3.08000000000000 0.13726527342766
3.10000000000000 0.13709148982232
3.12000000000000 0.13691960128326
3.14000000000000 0.13674961474091
3.16000000000000 0.13658153101125
3.18000000000000 0.13641534963225
3.20000000000000 0.13625106892978
3.22000000000000 0.13608868608586
3.24000000000000 0.13592819720502
3.26000000000000 0.13576959737824
3.28000000000000 0.13561288074433
3.30000000000000 0.13545804054860
3.32000000000000 0.13530506919896
3.34000000000000 0.13515395831964
3.36000000000000 0.13500469880233
3.38000000000000 0.13485727243589
3.40000000000000 0.13471167678662
3.42000000000000 0.13456788585323
3.44000000000000 0.13442590260974
3.46000000000000 0.13428569677226
3.48000000000000 0.13414673987412
3.50000000000000 0.13400952563907
3.52000000000000 0.13387404863149
3.54000000000000 0.13374019203719
3.56000000000000 0.13360809170684
3.58000000000000 0.13347768384150
3.60000000000000 0.13334895015452
3.62000000000000 0.13322187544479
3.64000000000000 0.13309644214217
3.66000000000000 0.13297263672348
3.68000000000000 0.13285044337853
3.70000000000000 0.13272984614303
3.72000000000000 0.13261082891777
3.74000000000000 0.13249337548832
3.76000000000000 0.13237746954387
3.78000000000000 0.13226309469502
3.80000000000000 0.13215023449071
3.82000000000000 0.13203887243409
3.84000000000000 0.13192899199767
3.86000000000000 0.13182057663745
3.88000000000000 0.13171360980637
3.90000000000000 0.13160807496691
3.92000000000000 0.13150395560296
3.94000000000000 0.13140123523104
3.96000000000000 0.13129989741074
3.98000000000000 0.13119992575465
4.00000000000000 0.13110130393755
4.02000000000000 0.13100401570509
4.04000000000000 0.13090804488190
4.06000000000000 0.13081337537915
4.08000000000000 0.13071997602235
4.10000000000000 0.13062784573680
4.12000000000000 0.13053696873152
4.14000000000000 0.13044731475519
4.16000000000000 0.13035888263524
4.18000000000000 0.13027165693499
4.20000000000000 0.13018562234419
4.22000000000000 0.13010076368322
4.24000000000000 0.13001706590686
4.26000000000000 0.12993451410780
4.28000000000000 0.12985310897779
4.30000000000000 0.12977282037826
4.32000000000000 0.12969363382261
4.34000000000000 0.12961553497332
4.35999999999999 0.12953850964407
4.37999999999999 0.12946254380156
4.39999999999999 0.12938762356711
4.41999999999999 0.12931375372201
4.43999999999999 0.12924092113194
4.45999999999999 0.12916911474196
4.47999999999999 0.12909830022924
4.49999999999999 0.12902849796753
4.51999999999999 0.12896000326901
4.53999999999999 0.12889246522740
4.55999999999999 0.12882586629556
4.57999999999999 0.12876019122018
4.59999999999999 0.12869542749520
4.61999999999999 0.12863156278043
4.63999999999999 0.12856858490101
4.65999999999999 0.12850648184670
4.67999999999999 0.12844524177114
4.69999999999999 0.12838484818984
4.71999999999999 0.12832528309419
4.73999999999999 0.12826618193153
4.75999999999999 0.12820786980260
4.77999999999999 0.12815034181638
4.79999999999999 0.12809358785706
4.81999999999999 0.12803759859375
4.83999999999998 0.12798237027744
4.85999999999998 0.12792789262966
4.87999999999998 0.12787415040894
4.89999999999998 0.12782113852716
4.91999999999998 0.12776884709411
4.93999999999998 0.12771726633770
4.95999999999998 0.12766638662128
4.97999999999998 0.12761619844633
4.99999999999998 0.12756669245263
5.01999999999998 0.12751785941778
5.03999999999998 0.12746969025624
5.05999999999998 0.12742217601835
5.07999999999998 0.12737530788906
5.09999999999998 0.12732907718672
5.11999999999998 0.12728347536175
5.13999999999998 0.12723848902880
5.15999999999998 0.12719392243667
5.17999999999998 0.12714993838680
5.19999999999998 0.12710653817794
5.21999999999998 0.12706371049350
5.23999999999998 0.12702144737263
5.25999999999998 0.12697974122120
5.27999999999998 0.12693858798553
5.29999999999997 0.12689798032984
5.31999999999997 0.12685791100957
5.33999999999997 0.12681836936454
5.35999999999997 0.12677935170644
5.37999999999997 0.12674085117384
5.39999999999997 0.12670286097180
5.41999999999997 0.12666537440355
5.43999999999997 0.12662838487510
5.45999999999997 0.12659188589567
5.47999999999997 0.12655587107713
5.49999999999997 0.12652033413284
5.51999999999997 0.12648526887655
5.53999999999997 0.12645066922100
5.55999999999997 0.12641652967686
5.57999999999997 0.12638284379377
5.59999999999997 0.12634959595920
5.61999999999997 0.12631663029258
5.63999999999997 0.12628409311149
5.65999999999997 0.12625199012404
5.67999999999997 0.12622031465337
5.69999999999997 0.12618906114267
5.71999999999997 0.12615821811587
5.73999999999997 0.12612777507725
5.75999999999997 0.12609773015655
5.77999999999996 0.12606808593815
5.79999999999996 0.12603883747157
5.81999999999996 0.12600997986202
5.83999999999996 0.12598150910595
5.85999999999996 0.12595341901730
5.87999999999996 0.12592570640897
5.89999999999996 0.12589835749358
5.91999999999996 0.12587137004239
5.93999999999996 0.12584474334206
5.95999999999996 0.12581847003419
5.97999999999996 0.12579254875465
5.99999999999996 0.12576643334053
6.01999999999996 0.12574056710785
6.03999999999996 0.12571502742583
6.05999999999996 0.12568980173329
6.07999999999996 0.12566489722077
6.09999999999996 0.12564029729076
6.11999999999996 0.12561601070487
6.13999999999996 0.12559203362255
6.15999999999996 0.12556836231720
6.17999999999996 0.12554498073502
6.19999999999996 0.12552189745963
6.21999999999996 0.12549910901557
6.23999999999995 0.12547661193326
6.25999999999995 0.12545440278840
6.27999999999995 0.12543247820761
6.29999999999995 0.12541083486944
6.31999999999995 0.12538944767516
6.33999999999995 0.12536815426948
6.35999999999995 0.12534713352797
6.37999999999995 0.12532638536454
6.39999999999995 0.12530590025854
6.41999999999995 0.12528567082466
6.43999999999995 0.12526569654092
6.45999999999995 0.12524598084908
6.47999999999995 0.12522652068841
6.49999999999995 0.12520730601969
6.51999999999995 0.12518834107747
6.53999999999995 0.12516962300750
6.55999999999995 0.12515113439049
6.57999999999995 0.12513288706027
6.59999999999995 0.12511487329149
6.61999999999995 0.12509708240098
6.63999999999995 0.12507951215712
6.65999999999995 0.12506182693439
6.67999999999995 0.12504434976751
6.69999999999995 0.12502709737354
6.71999999999994 0.12501006730058
6.73999999999994 0.12499323041919
6.75999999999994 0.12497660757223
6.77999999999994 0.12496020016948
6.79999999999994 0.12494400574899
6.81999999999994 0.12492802198867
6.83999999999994 0.12491224662254
6.85999999999994 0.12489667742615
6.87999999999994 0.12488131221192
6.89999999999994 0.12486614218404
6.91999999999994 0.12485117192621
6.93999999999994 0.12483639935205
6.95999999999994 0.12482182240698
6.97999999999994 0.12480743906753
6.99999999999994 0.12479324734079
7.01999999999994 0.12477924526386
7.03999999999994 0.12476543090333
7.05999999999994 0.12475180053279
7.07999999999994 0.12473835402173
7.09999999999994 0.12472508952494
7.11999999999994 0.12471200522492
7.13999999999994 0.12469877542566
7.15999999999994 0.12468569809369
7.17999999999993 0.12467277575048
7.19999999999993 0.12466001806566
7.21999999999993 0.12464742355927
7.23999999999993 0.12463498849866
7.25999999999993 0.12462271349934
7.27999999999993 0.12461059464282
7.29999999999993 0.12459863275292
7.31999999999993 0.12458682633829
7.33999999999993 0.12457517391524
7.35999999999993 0.12456367244730
7.37999999999993 0.12455223744644
7.39999999999993 0.12454095133909
7.41999999999993 0.12452980823800
7.43999999999993 0.12451880893685
7.45999999999993 0.12450795423060
7.47999999999993 0.12449723351801
7.49999999999993 0.12448664991084
7.51999999999993 0.12447620497786
7.53999999999993 0.12446590034711
7.55999999999993 0.12445573105626
7.57999999999993 0.12444569947439
7.59999999999993 0.12443580061983
7.61999999999993 0.12442594262181
7.63999999999993 0.12441620281491
7.65999999999992 0.12440659607098
7.67999999999992 0.12439711774957
7.69999999999992 0.12438776785453
7.71999999999992 0.12437853980802
7.73999999999992 0.12436943353867
7.75999999999992 0.12436045050817
7.77999999999992 0.12435159310578
7.79999999999992 0.12434286019999
7.81999999999992 0.12433424531404
7.83999999999992 0.12432574688178
7.85999999999992 0.12431734495846
7.87999999999992 0.12430906195896
7.89999999999992 0.12430089575793
7.91999999999992 0.12429284749331
7.93999999999992 0.12428491392272
7.95999999999992 0.12427709624356
7.97999999999992 0.12426939055930
7.99999999999992 0.12426179878028
8.01999999999992 0.12425422614511
8.03999999999992 0.12424630728958
8.05999999999992 0.12423846089508
8.07999999999992 0.12423071327900
8.09999999999992 0.12422306776794
8.11999999999992 0.12421552918942
8.13999999999992 0.12420809788501
8.15999999999991 0.12420076829989
8.17999999999991 0.12419354436540
8.19999999999991 0.12418642022139
8.21999999999991 0.12417939793039
8.23999999999991 0.12417247369399
8.25999999999991 0.12416555218843
8.27999999999991 0.12415871136519
8.29999999999991 0.12415196402348
8.31999999999991 0.12414530593164
8.33999999999991 0.12413874677330
8.35999999999991 0.12413228564867
8.37999999999991 0.12412591609274
8.39999999999991 0.12411964283432
8.41999999999991 0.12411346500490
8.43999999999991 0.12410738175017
8.45999999999991 0.12410139222947
8.47999999999991 0.12409549561520
8.49999999999991 0.12408969109229
8.51999999999991 0.12408397785770
8.53999999999991 0.12407835511993
8.55999999999991 0.12407281903422
8.57999999999991 0.12406736904992
8.59999999999991 0.12406194869001
8.61999999999991 0.12405660087812
8.63999999999990 0.12405133359940
8.65999999999990 0.12404615420946
8.67999999999990 0.12404104578905
8.69999999999990 0.12403601164029
8.71999999999990 0.12403106121341
8.73999999999990 0.12402619396115
8.75999999999990 0.12402140915895
8.77999999999990 0.12401670137207
8.79999999999990 0.12401207451123
8.81999999999990 0.12400752253688
8.83999999999990 0.12400304439535
8.85999999999990 0.12399862973357
8.87999999999990 0.12399425412951
8.89999999999990 0.12398984938118
8.91999999999990 0.12398550782088
8.93999999999990 0.12398123445493
8.95999999999990 0.12397702989158
8.97999999999990 0.12397289713025
8.99999999999990 0.12396882184321
9.01999999999990 0.12396481703123
9.03999999999990 0.12396088207620
9.05999999999990 0.12395701004366
9.07999999999990 0.12395320658870
9.09999999999989 0.12394947116716
9.11999999999989 0.12394580320271
9.13999999999989 0.12394187944682
9.15999999999989 0.12393797653950
9.17999999999989 0.12393412317442
9.19999999999989 0.12393031570623
9.21999999999989 0.12392646424325
9.23999999999989 0.12392266078321
9.25999999999989 0.12391889812504
9.27999999999989 0.12391519085052
9.29999999999989 0.12391153885705
9.31999999999989 0.12390794398292
9.33999999999989 0.12390440535655
9.35999999999989 0.12390092428384
9.37999999999989 0.12389749837831
9.39999999999989 0.12389412738438
9.41999999999989 0.12389081075539
9.43999999999989 0.12388754943749
9.45999999999989 0.12388433515727
9.47999999999989 0.12388116908441
9.49999999999989 0.12387804935855
9.51999999999989 0.12387497589976
9.53999999999989 0.12387193260309
9.55999999999989 0.12386884041465
9.57999999999988 0.12386578432517
9.59999999999988 0.12386277550539
9.61999999999988 0.12385981302520
9.63999999999988 0.12385689831769
9.65999999999988 0.12385402712521
9.67999999999988 0.12385120482063
9.69999999999988 0.12384843138741
9.71999999999988 0.12384570209097
9.73999999999988 0.12384301302260
9.75999999999988 0.12384037084324
9.77999999999988 0.12383777505136
9.79999999999988 0.12383522514027
9.81999999999988 0.12383271874802
9.83999999999988 0.12383025722243
9.85999999999988 0.12382784007168
9.87999999999988 0.12382546281653
9.89999999999988 0.12382312889184
9.91999999999988 0.12382083782222
9.93999999999988 0.12381858913718
9.95999999999988 0.12381638237092
9.97999999999988 0.12381421706209
9.99999999999988 0.12381206797474
