1  0.498573   0.498239
2  0.500464   0.500191
3  0.500365   0.500191
4  0.498634   0.498206
5  0.502172   0.502172
6  0.496388   0.495900
7  0.503171   0.503098
8  0.497810   0.497414
9  0.501466   0.501163
10  0.499456   0.499219
11  0.499649   0.499140
12  0.501189   0.501134
13  0.497913   0.497292
14  0.502861   0.502962
15  0.496423   0.495794
16  0.504294   0.504495
17  0.495299   0.494687
18  0.504919   0.505038
19  0.496129   0.495512
20  0.503811   0.503732
21  0.497311   0.496771
22  0.502348   0.501983
23  0.498746   0.498373
24  0.500673   0.500015
25  0.500326   0.500164
26  0.498964   0.498116
27  0.501913   0.501934
28  0.497411   0.496535
29  0.503358   0.503499
30  0.496159   0.495370
31  0.504492   0.504689
32  0.495308   0.494639
33  0.505205   0.505418
34  0.495539   0.494856
35  0.505067   0.505284
36  0.495689   0.494910
37  0.504786   0.504908
38  0.496232   0.495387
39  0.504087   0.503992
40  0.497139   0.496324
41  0.503001   0.502546
42  0.498342   0.497690
43  0.501613   0.500728
44  0.499713   0.499315
45  0.500074   0.498854
46  0.501134   0.500976
47  0.498546   0.497227
48  0.502477   0.502472
49  0.497222   0.496026
50  0.503590   0.503654
51  0.496256   0.495283
52  0.504345   0.504430
53  0.495700   0.494934
54  0.504644   0.504727
55  0.495544   0.494925
56  0.504490   0.504563
57  0.497097   0.496464
58  0.503701   0.503845
59  0.496638   0.495839
60  0.504093   0.504267
61  0.496502   0.495508
62  0.504187   0.504295
63  0.496742   0.495560
64  0.503932   0.503814
65  0.497372   0.496096
66  0.503310   0.502750
67  0.498318   0.497130
68  0.502360   0.501181
69  0.499464   0.498548
70  0.501144   0.499376
71  0.500675   0.500083
72  0.499799   0.497752
73  0.501838   0.501474
74  0.498492   0.496576
75  0.502830   0.502567
76  0.497425   0.495891
77  0.503521   0.503293
78  0.496743   0.495618
79  0.503808   0.503603
80  0.496480   0.495669
81  0.503669   0.503487
82  0.496593   0.495983
83  0.503135   0.502969
84  0.497034   0.496530
85  0.502325   0.502161
86  0.499551   0.499173
87  0.501338   0.501201
88  0.498753   0.498173
89  0.502112   0.502108
90  0.498105   0.497262
91  0.502750   0.502822
92  0.497716   0.496536
93  0.503179   0.503230
94  0.497682   0.496113
95  0.503348   0.503196
96  0.498040   0.496121
97  0.503226   0.502569
98  0.498748   0.496674
99  0.502806   0.501307
100  0.499680   0.497754
101  0.502098   0.499625
102  0.500684   0.499120
103  0.501112   0.497989
104  0.501631   0.500409
105  0.499961   0.496851
106  0.502425   0.501392
107  0.498846   0.496316
108  0.502957   0.502021
109  0.498018   0.496240
110  0.503130   0.502295
111  0.497594   0.496442
112  0.502916   0.502210
113  0.497589   0.496846
114  0.502338   0.501762
115  0.497948   0.497440
116  0.501504   0.501031
117  0.498603   0.498218
118  0.500526   0.500118
119  0.499471   0.499140
120  0.499513   0.499132
121  0.501397   0.501215
122  0.499508   0.499180
123  0.500569   0.500160
124  0.500371   0.500174
125  0.499803   0.499067
126  0.501175   0.501074
127  0.499228   0.498021
128  0.501874   0.501796
129  0.498964   0.497125
130  0.502412   0.502179
131  0.499092   0.496520
132  0.502761   0.502014
133  0.499617   0.496398
134  0.502904   0.501121
135  0.500408   0.496882
136  0.502818   0.499586
137  0.501275   0.497884
138  0.502406   0.497891
139  0.502039   0.499023
140  0.501608   0.496710
141  0.502610   0.499932
142  0.500548   0.496350
143  0.502904   0.500493
144  0.499557   0.496609
145  0.502850   0.500749
146  0.498905   0.497121
147  0.502448   0.500734
148  0.498707   0.497713
149  0.501726   0.500410
150  0.498929   0.498383
151  0.500800   0.499818
152  0.499500   0.499184
153  0.499765   0.499025
154  0.500332   0.500133
155  0.498723   0.498136
156  0.501297   0.501162
157  0.497763   0.497253
158  0.502286   0.502187
159  0.496971   0.496473
160  0.503834   0.503967
161  0.497008   0.496454
162  0.503157   0.503175
163  0.497765   0.497304
164  0.502365   0.502194
165  0.498633   0.498253
166  0.501551   0.501069
167  0.499535   0.499221
168  0.500846   0.499859
169  0.500422   0.500130
170  0.500400   0.498626
171  0.501245   0.500833
172  0.500347   0.497467
173  0.501986   0.501096
174  0.500745   0.496559
175  0.502659   0.500636
176  0.501503   0.496145
177  0.503221   0.499312
178  0.502389   0.496376
179  0.503530   0.497504
180  0.503128   0.497091
181  0.503330   0.496098
182  0.503547   0.497882
183  0.502522   0.495781
184  0.503584   0.498476
185  0.501409   0.496450
186  0.503214   0.498844
187  0.500452   0.497472
188  0.502483   0.499016
189  0.499950   0.498424
190  0.501489   0.498939
191  0.499952   0.499255
192  0.500365   0.498586
193  0.500387   0.500096
194  0.499203   0.497982
195  0.501137   0.501038
196  0.498089   0.497228
197  0.502076   0.502075
198  0.497089   0.496439
199  0.503058   0.503114
200  0.496255   0.495709
201  0.503944   0.504036
202  0.495645   0.495127
203  0.504599   0.504716
204  0.495317   0.494765
205  0.505353   0.505596
206  0.495308   0.494714
207  0.505148   0.505376
208  0.495649   0.495109
209  0.504660   0.504826
210  0.496254   0.495744
211  0.503965   0.504010
212  0.497050   0.496551
213  0.503172   0.502993
214  0.497971   0.497466
215  0.502386   0.501790
216  0.498959   0.498411
217  0.501780   0.500440
218  0.499982   0.499279
219  0.501537   0.498968
220  0.501027   0.499856
221  0.501808   0.497455
222  0.502116   0.499805
223  0.502588   0.496083
224  0.503264   0.498805
225  0.503649   0.495156
226  0.504319   0.496954
227  0.504612   0.494893
228  0.504902   0.495140
229  0.505125   0.495215
230  0.504622   0.494538
231  0.505022   0.495825
232  0.503559   0.495455
233  0.504325   0.496493
234  0.502284   0.497120
235  0.503174   0.497075
236  0.501349   0.498669
237  0.501781   0.497424
238  0.501005   0.499842
239  0.500336   0.497426
240  0.501217   0.500809
241  0.498963   0.497085
242  0.501842   0.501770
243  0.497720   0.496504
244  0.502721   0.502799
245  0.496644   0.495817
246  0.503678   0.503828
247  0.495757   0.495140
248  0.504579   0.504768
249  0.495094   0.494577
250  0.505274   0.505486
251  0.494692   0.494203
252  0.505647   0.505874
253  0.494598   0.494085
254  0.505600   0.505835
255  0.494866   0.494289
256  0.505447   0.505643
257  0.494857   0.494307
258  0.505951   0.506207
259  0.494585   0.494073
260  0.506045   0.506312
261  0.494683   0.494192
262  0.505784   0.506030
263  0.495090   0.494594
264  0.505235   0.505422
265  0.495748   0.495214
266  0.504509   0.504570
267  0.496606   0.495994
268  0.503701   0.503498
269  0.497610   0.496859
270  0.502963   0.502222
271  0.498735   0.497724
272  0.502507   0.500743
273  0.499980   0.498427
274  0.502545   0.499019
275  0.501373   0.498661
276  0.503222   0.497077
277  0.502946   0.498014
278  0.504439   0.495094
279  0.504618   0.496304
280  0.505793   0.493480
281  0.506009   0.494143
282  0.506725   0.492707
283  0.506492   0.492907
284  0.506795   0.492930
285  0.505799   0.493600
286  0.505944   0.493889
287  0.504358   0.495727
288  0.504420   0.495080
289  0.502946   0.498025
290  0.502595   0.496043
291  0.502117   0.499799
292  0.500770   0.496508
293  0.501978   0.501084
294  0.499123   0.496473
295  0.502395   0.502166
296  0.497711   0.496076
297  0.503160   0.503220
298  0.496526   0.495484
299  0.504079   0.504261
300  0.495557   0.494842
301  0.504976   0.505210
302  0.494814   0.494268
303  0.505714   0.505970
304  0.494329   0.493860
305  0.506171   0.506437
306  0.494131   0.493682
307  0.506236   0.506506
308  0.494273   0.493803
309  0.505846   0.506110
310  0.494797   0.494283
311  0.504984   0.505217
312  0.495733   0.495169
313  0.503949   0.504001
314  0.495720   0.495233
315  0.505229   0.505413
316  0.494796   0.494315
317  0.506079   0.506331
318  0.494268   0.493810
319  0.506469   0.506746
320  0.494124   0.493679
321  0.506453   0.506730
322  0.494325   0.493866
323  0.506081   0.506337
324  0.494816   0.494302
325  0.505452   0.505654
326  0.495553   0.494926
327  0.504656   0.504726
328  0.496496   0.495669
329  0.503834   0.503599
330  0.497621   0.496437
331  0.503173   0.502283
332  0.498942   0.497106
333  0.502912   0.500725
334  0.500498   0.497442
335  0.503287   0.498811
336  0.502326   0.497077
337  0.504393   0.496463
338  0.504378   0.495687
339  0.505987   0.493876
340  0.506356   0.493482
341  0.507462   0.491745
342  0.507629   0.491637
343  0.508072   0.490941
344  0.507614   0.491555
345  0.507450   0.491741
346  0.506370   0.493496
347  0.505804   0.493452
348  0.504657   0.496297
349  0.503691   0.495099
350  0.503306   0.498793
351  0.501563   0.496076
352  0.502687   0.500629
353  0.499679   0.496335
354  0.502771   0.502013
355  0.498094   0.496072
356  0.503347   0.503198
357  0.496783   0.495527
358  0.504183   0.504299
359  0.495719   0.494889
360  0.505065   0.505290
361  0.494879   0.494279
362  0.505842   0.506108
363  0.494281   0.493798
364  0.506390   0.506670
365  0.493954   0.493521
366  0.506596   0.506879
367  0.493950   0.493523
368  0.506392   0.506668
369  0.494316   0.493869
370  0.505718   0.505969
371  0.495074   0.494597
372  0.504588   0.504774
373  0.496232   0.495744
374  0.503071   0.503136
375  0.497747   0.497302
376  0.501363   0.501216
377  0.497727   0.497323
378  0.503137   0.503170
379  0.496225   0.495763
380  0.504653   0.504820
381  0.495072   0.494608
382  0.505784   0.506027
383  0.494315   0.493873
384  0.506454   0.506729
385  0.493949   0.493524
386  0.506651   0.506936
387  0.493953   0.493522
388  0.506470   0.506750
389  0.494281   0.493803
390  0.505953   0.506214
391  0.494880   0.494294
392  0.505205   0.505412
393  0.495716   0.494924
394  0.504351   0.504417
395  0.496771   0.495601
396  0.503539   0.503269
397  0.498061   0.496210
398  0.502996   0.501981
399  0.499618   0.496561
400  0.502966   0.500435
401  0.501484   0.496382
402  0.503662   0.498411
403  0.503631   0.495375
404  0.505095   0.495776
405  0.505845   0.493532
406  0.506837   0.492917
407  0.507627   0.491522
408  0.508077   0.490951
409  0.508320   0.490597
410  0.508070   0.490947
411  0.507659   0.491616
412  0.506747   0.492682
413  0.506079   0.494103
414  0.504669   0.494828
415  0.504407   0.496916
416  0.502468   0.496290
417  0.503298   0.499291
418  0.500491   0.496800
419  0.502956   0.501119
420  0.498821   0.496610
421  0.503254   0.502578
422  0.497430   0.496051
423  0.503944   0.503827
424  0.496274   0.495358
425  0.504791   0.504920
426  0.495328   0.494669
427  0.505600   0.505831
428  0.494602   0.494083
429  0.506234   0.506504
430  0.494132   0.493681
431  0.506595   0.506877
432  0.493950   0.493522
433  0.506595   0.506876
434  0.494123   0.493687
435  0.506171   0.506431
436  0.494675   0.494217
437  0.505279   0.505483
438  0.495623   0.495154
439  0.503954   0.504045
440  0.496950   0.496515
441  0.502296   0.502217
442  0.496976   0.496474
443  0.503823   0.503965
444  0.495630   0.495124
445  0.505148   0.505377
446  0.494675   0.494200
447  0.506048   0.506316
448  0.494123   0.493681
449  0.506472   0.506751
450  0.493953   0.493522
451  0.506454   0.506733
452  0.494131   0.493676
453  0.506045   0.506317
454  0.494600   0.494065
455  0.505350   0.505599
456  0.495327   0.494622
457  0.504487   0.504675
458  0.496286   0.495257
459  0.503589   0.503627
460  0.497471   0.495851
461  0.502844   0.502521
462  0.498913   0.496257
463  0.502461   0.501323
464  0.500636   0.496270
465  0.502671   0.499848
466  0.502619   0.495688
467  0.503620   0.497806
468  0.504706   0.494447
469  0.505179   0.495179
470  0.506539   0.492844
471  0.506731   0.492723
472  0.507638   0.491615
473  0.507425   0.491785
474  0.507623   0.491529
475  0.506795   0.492936
476  0.506555   0.492850
477  0.505167   0.495163
478  0.505007   0.495075
479  0.503201   0.497003
480  0.503645   0.497456
481  0.501359   0.497790
482  0.502914   0.499565
483  0.499759   0.497677
484  0.502871   0.501308
485  0.498385   0.497074
486  0.503347   0.502762
487  0.497191   0.496285
488  0.504107   0.504007
489  0.496168   0.495486
490  0.504928   0.505052
491  0.495321   0.494768
492  0.505651   0.505873
493  0.494690   0.494206
494  0.506171   0.506435
495  0.494322   0.493863
496  0.506389   0.506666
497  0.494269   0.493803
498  0.506232   0.506498
499  0.494584   0.494094
500  0.505647   0.505864
501  0.495295   0.494785
502  0.504605   0.504714
503  0.495300   0.494724
504  0.505356   0.505605
505  0.494588   0.494074
506  0.505955   0.506217
507  0.494277   0.493805
508  0.506081   0.506340
509  0.494328   0.493864
510  0.505781   0.506031
511  0.494691   0.494186
512  0.505140   0.505373
513  0.495321   0.494703
514  0.504283   0.504481
515  0.496188   0.495337
516  0.503348   0.503471
517  0.497263   0.495979
518  0.502475   0.502426
519  0.498552   0.496512
520  0.501852   0.501406
521  0.500041   0.496772
522  0.501670   0.500323
523  0.501701   0.496623
524  0.502097   0.498936
525  0.503418   0.496019
526  0.503180   0.497035
527  0.504960   0.495086
528  0.504621   0.494895
529  0.506022   0.494130
530  0.505741   0.493532
531  0.506332   0.493507
532  0.505901   0.493936
533  0.505812   0.493573
534  0.505025   0.495807
535  0.504693   0.494481
536  0.503591   0.497810
537  0.503439   0.496038
538  0.502105   0.498933
539  0.502521   0.497847
540  0.500754   0.499040
541  0.502194   0.499605
542  0.499529   0.498488
543  0.502427   0.501180
544  0.498398   0.497647
545  0.503042   0.502556
546  0.497357   0.496741
547  0.503835   0.503745
548  0.496423   0.495877
549  0.504616   0.504725
550  0.495648   0.495137
551  0.505283   0.505489
552  0.495089   0.494585
553  0.505717   0.505969
554  0.494801   0.494276
555  0.505842   0.506102
556  0.494859   0.494291
557  0.505597   0.505821
558  0.494871   0.494300
559  0.505448   0.505656
560  0.494814   0.494301
561  0.505226   0.505419
562  0.495092   0.494588
563  0.504644   0.504816
564  0.495652   0.495096
565  0.503811   0.503950
566  0.496448   0.495756
567  0.502848   0.502933
568  0.497443   0.496484
569  0.501904   0.501889
570  0.498590   0.497163
571  0.501138   0.500913
572  0.499856   0.497680
573  0.500699   0.500004
574  0.501179   0.497917
575  0.500729   0.499035
576  0.502473   0.497835
577  0.501322   0.497817
578  0.503578   0.497478
579  0.502404   0.496356
580  0.504330   0.496967
581  0.503602   0.495192
582  0.504586   0.496354
583  0.504338   0.495160
584  0.504316   0.495759
585  0.504284   0.496516
586  0.503567   0.495448
587  0.503590   0.498435
588  0.502580   0.495744
589  0.502647   0.499857
590  0.501699   0.496664
591  0.501681   0.500335
592  0.501209   0.497951
593  0.500727   0.500027
594  0.501228   0.499355
595  0.499764   0.499276
596  0.501675   0.500722
597  0.498793   0.498345
598  0.502390   0.501987
599  0.497852   0.497392
600  0.503196   0.503106
601  0.496985   0.496495
602  0.503967   0.504053
603  0.496259   0.495726
604  0.504594   0.504777
605  0.495750   0.495154
606  0.504984   0.505212
607  0.495743   0.495206
608  0.503940   0.503994
609  0.496247   0.495728
610  0.503125   0.503149
611  0.496997   0.496431
612  0.502160   0.502139
613  0.497935   0.497239
614  0.501181   0.501088
615  0.498989   0.498055
616  0.500329   0.500105
617  0.500104   0.498791
618  0.499731   0.499246
619  0.501180   0.499321
620  0.499499   0.498474
621  0.502135   0.499591
622  0.499722   0.497690
623  0.502845   0.499583
624  0.500430   0.496850
625  0.503224   0.499346
626  0.501473   0.496160
627  0.503233   0.498872
628  0.502497   0.496135
629  0.502882   0.498102
630  0.503103   0.497131
631  0.502243   0.497170
632  0.503187   0.498841
633  0.501405   0.496463
634  0.502913   0.500443
635  0.500584   0.496332
636  0.502452   0.501330
637  0.500025   0.496819
638  0.501872   0.501423
639  0.499872   0.497721
640  0.501172   0.500943
641  0.500141   0.498832
642  0.500366   0.500143
643  0.500728   0.500004
644  0.499497   0.499203
645  0.501507   0.501162
646  0.498613   0.498223
647  0.502324   0.502220
648  0.497784   0.497283
649  0.503089   0.503140
650  0.497743   0.497275
651  0.501356   0.501175
652  0.498645   0.498153
653  0.500362   0.500142
654  0.499659   0.499085
655  0.499461   0.499164
656  0.500683   0.499963
657  0.498763   0.498314
658  0.501624   0.500688
659  0.498372   0.497629
660  0.502372   0.501162
661  0.498355   0.497076
662  0.502814   0.501316
663  0.498774   0.496640
664  0.502901   0.501161
665  0.499606   0.496398
666  0.502633   0.500702
667  0.500680   0.496593
668  0.502064   0.499888
669  0.501702   0.497499
670  0.501297   0.498752
671  0.502438   0.499048
672  0.500413   0.497529
673  0.502840   0.500731
674  0.499543   0.496632
675  0.502967   0.501977
676  0.498862   0.496310
677  0.502847   0.502524
678  0.498532   0.496553
679  0.502498   0.502443
680  0.498597   0.497201
681  0.501939   0.501919
682  0.499015   0.498094
683  0.501220   0.501126
684  0.499696   0.499126
685  0.500402   0.500183
686  0.500504   0.500184
687  0.500462   0.500143
688  0.498583   0.498187
689  0.501462   0.501123
690  0.497829   0.497364
691  0.502345   0.501956
692  0.497339   0.496724
693  0.503000   0.502538
694  0.497171   0.496282
695  0.503309   0.502763
696  0.497398   0.496068
697  0.503221   0.502604
698  0.498042   0.496116
699  0.502743   0.502066
700  0.499052   0.496542
701  0.501949   0.501160
702  0.500266   0.497503
703  0.500969   0.499928
704  0.501441   0.498995
705  0.499908   0.498501
706  0.502430   0.500749
707  0.498867   0.497173
708  0.503130   0.502274
709  0.497998   0.496263
710  0.503527   0.503260
711  0.497429   0.495890
712  0.503598   0.503627
713  0.497244   0.496010
714  0.503369   0.503484
715  0.497444   0.496513
716  0.502878   0.502958
717  0.497953   0.497271
718  0.502197   0.502173
719  0.498675   0.498190
720  0.503162   0.503081
721  0.496412   0.495864
722  0.503806   0.503730
723  0.496156   0.495482
724  0.504084   0.504005
725  0.496255   0.495367
726  0.503928   0.503840
727  0.496749   0.495555
728  0.503338   0.503231
729  0.497661   0.496127
730  0.502388   0.502220
731  0.498909   0.497154
732  0.501204   0.500880
733  0.500323   0.498652
734  0.499925   0.499330
735  0.501707   0.500449
736  0.498671   0.497778
737  0.502914   0.502214
738  0.497561   0.496484
739  0.503811   0.503584
740  0.496724   0.495637
741  0.504346   0.504406
742  0.496254   0.495282
743  0.504493   0.504673
744  0.496171   0.495357
745  0.504298   0.504489
746  0.496446   0.495776
747  0.504917   0.505051
748  0.495317   0.494673
749  0.504786   0.504928
750  0.495697   0.494906
751  0.504184   0.504317
752  0.496492   0.495519
753  0.503166   0.503253
754  0.497680   0.496558
755  0.501846   0.501821
756  0.499170   0.498046
757  0.500379   0.500161
758  0.500783   0.499872
759  0.498907   0.498447
760  0.502337   0.501787
761  0.497558   0.496897
762  0.503673   0.503485
763  0.496452   0.495700
764  0.504645   0.504711
765  0.495683   0.494947
766  0.505203   0.505402
767  0.495304   0.494637
768  0.505070   0.505298
769  0.495534   0.494864
770  0.504089   0.504279
771  0.496615   0.495858
772  0.502733   0.502832
773  0.498062   0.497284
774  0.501142   0.501088
775  0.499751   0.499083
776  0.499492   0.499242
777  0.501505   0.501072
778  0.497926   0.497493
779  0.503142   0.502984
780  0.496566   0.496021
781  0.504495   0.504557
782  0.495522   0.494947
783  0.503691   0.503847
784  0.497065   0.496484
785  0.502088   0.502111
786  0.498709   0.498191
787  0.500334   0.500184
788  0.500526   0.500167
789  0.498591   0.498271
790  0.502334   0.502190
791  0.497012   0.496573
792  0.501306   0.501203
793  0.499509   0.499184
794  0.499468   0.499192
795  0.502173   0.502170
796  0.498636   0.498203
797  0.500366   0.500187
798  0.500465   0.500188
799  0.498574   0.498236
800  0.504294   0.504495
801  0.496425   0.495791
802  0.502861   0.502961
803  0.497916   0.497289
804  0.501189   0.501131
805  0.499651   0.499136
806  0.499457   0.499215
807  0.501468   0.501160
808  0.497812   0.497411
809  0.503173   0.503097
810  0.496390   0.495898
811  0.505204   0.505419
812  0.495310   0.494636
813  0.504491   0.504690
814  0.496162   0.495366
815  0.503357   0.503498
816  0.497414   0.496531
817  0.501912   0.501932
818  0.498967   0.498112
819  0.500327   0.500161
820  0.500676   0.500011
821  0.498747   0.498370
822  0.502350   0.501981
823  0.497314   0.496769
824  0.503814   0.503731
825  0.496132   0.495511
826  0.504922   0.505039
827  0.495301   0.494687
828  0.504487   0.504563
829  0.495544   0.494923
830  0.504641   0.504728
831  0.495701   0.494930
832  0.504342   0.504431
833  0.496259   0.495279
834  0.503588   0.503655
835  0.497225   0.496021
836  0.502476   0.502471
837  0.498550   0.497222
838  0.501134   0.500974
839  0.500077   0.498850
840  0.499714   0.499312
841  0.501615   0.500726
842  0.498344   0.497687
843  0.503004   0.502546
844  0.497141   0.496323
845  0.504091   0.503992
846  0.496234   0.495388
847  0.504790   0.504909
848  0.495690   0.494911
849  0.505071   0.505285
850  0.495539   0.494859
851  0.502321   0.502160
852  0.497031   0.496527
853  0.503131   0.502969
854  0.496592   0.495979
855  0.503665   0.503487
856  0.496479   0.495665
857  0.503805   0.503604
858  0.496745   0.495613
859  0.503518   0.503294
860  0.497429   0.495885
861  0.502829   0.502567
862  0.498497   0.496570
863  0.501837   0.501473
864  0.499803   0.497747
865  0.500675   0.500081
866  0.501147   0.499373
867  0.499465   0.498546
868  0.502363   0.501180
869  0.498320   0.497130
870  0.503314   0.502751
871  0.497374   0.496098
872  0.503937   0.503816
873  0.496742   0.495563
874  0.504192   0.504296
875  0.496502   0.495512
876  0.504097   0.504268
877  0.496638   0.495844
878  0.503704   0.503846
879  0.497097   0.496468
880  0.499509   0.499131
881  0.499467   0.499139
882  0.500522   0.500116
883  0.498599   0.498216
884  0.501500   0.501029
885  0.497945   0.497437
886  0.502334   0.501761
887  0.497587   0.496842
888  0.502913   0.502210
889  0.497594   0.496436
890  0.503127   0.502295
891  0.498020   0.496233
892  0.502956   0.502021
893  0.498850   0.496308
894  0.502425   0.501392
895  0.499966   0.496845
896  0.501632   0.500408
897  0.501116   0.497985
898  0.500686   0.499119
899  0.502102   0.499625
900  0.499681   0.497755
901  0.502810   0.501309
902  0.498748   0.496677
903  0.503232   0.502573
904  0.498040   0.496125
905  0.503354   0.503199
906  0.497682   0.496118
907  0.503184   0.503233
908  0.497715   0.496542
909  0.502754   0.502825
910  0.498104   0.497267
911  0.502115   0.502111
912  0.498752   0.498178
913  0.501340   0.501205
914  0.499551   0.499178
915  0.496967   0.496471
916  0.502282   0.502186
917  0.497760   0.497251
918  0.501293   0.501161
919  0.498719   0.498133
920  0.500328   0.500132
921  0.499761   0.499023
922  0.499496   0.499181
923  0.500796   0.499816
924  0.498926   0.498379
925  0.501723   0.500408
926  0.498705   0.497707
927  0.502446   0.500732
928  0.498904   0.497113
929  0.502851   0.500747
930  0.499559   0.496600
931  0.502906   0.500492
932  0.500552   0.496341
933  0.502613   0.499931
934  0.501613   0.496704
935  0.502041   0.499023
936  0.502411   0.497890
937  0.501275   0.497886
938  0.502823   0.499589
939  0.500406   0.496887
940  0.502910   0.501127
941  0.499614   0.496404
942  0.502767   0.502020
943  0.499090   0.496527
944  0.502417   0.502185
945  0.498962   0.497133
946  0.501878   0.501801
947  0.499227   0.498028
948  0.501178   0.501079
949  0.499803   0.499072
950  0.500373   0.500178
951  0.500570   0.500164
952  0.499509   0.499185
953  0.501399   0.501218
954  0.495316   0.494763
955  0.504596   0.504717
956  0.495642   0.495125
957  0.503940   0.504036
958  0.496251   0.495707
959  0.503054   0.503114
960  0.497084   0.496436
961  0.502072   0.502074
962  0.498084   0.497226
963  0.501132   0.501036
964  0.499198   0.497979
965  0.500382   0.500093
966  0.500361   0.498583
967  0.499947   0.499249
968  0.501488   0.498935
969  0.499946   0.498415
970  0.502485   0.499012
971  0.500450   0.497461
972  0.503219   0.498841
973  0.501410   0.496440
974  0.503591   0.498474
975  0.502526   0.495774
976  0.503552   0.497881
977  0.503335   0.496096
978  0.503128   0.497094
979  0.503536   0.497507
980  0.502383   0.496382
981  0.503227   0.499319
982  0.501496   0.496154
983  0.502665   0.500645
984  0.500738   0.496568
985  0.501992   0.501104
986  0.500342   0.497476
987  0.501249   0.500840
988  0.500398   0.498633
989  0.500424   0.500136
990  0.500846   0.499864
991  0.499536   0.499226
992  0.501552   0.501073
993  0.498633   0.498257
994  0.502367   0.502197
995  0.497764   0.497309
996  0.503159   0.503177
997  0.497007   0.496459
998  0.503836   0.503969
999  0.494867   0.494287
1000  0.505598   0.505835
1001  0.494597   0.494083
1002  0.505645   0.505875
1003  0.494690   0.494202
1004  0.505271   0.505486
1005  0.495091   0.494576
1006  0.504575   0.504767
1007  0.495752   0.495138
1008  0.503674   0.503827
1009  0.496639   0.495815
1010  0.502717   0.502797
1011  0.497715   0.496501
1012  0.501837   0.501767
1013  0.498958   0.497082
1014  0.501212   0.500803
1015  0.500334   0.497422
1016  0.500999   0.499834
1017  0.501783   0.497419
1018  0.501343   0.498658
1019  0.503182   0.497069
1020  0.502279   0.497108
1021  0.504337   0.496488
1022  0.503558   0.495446
1023  0.505032   0.495822
1024  0.504625   0.494534
1025  0.505127   0.495216
1026  0.504909   0.495142
1027  0.504605   0.494900
1028  0.504328   0.496961
1029  0.503637   0.495165
1030  0.503273   0.498815
1031  0.502575   0.496093
1032  0.502123   0.499816
1033  0.501799   0.497463
1034  0.501031   0.499865
1035  0.501533   0.498974
1036  0.499983   0.499286
1037  0.501778   0.500444
1038  0.498958   0.498417
1039  0.502386   0.501793
1040  0.497970   0.497471
1041  0.503173   0.502994
1042  0.497048   0.496555
1043  0.503966   0.504011
1044  0.496252   0.495747
1045  0.504661   0.504826
1046  0.495647   0.495112
1047  0.505151   0.505376
1048  0.495308   0.494717
1049  0.505357   0.505596
1050  0.495736   0.495166
1051  0.504984   0.505217
1052  0.494799   0.494281
1053  0.505846   0.506111
1054  0.494273   0.493802
1055  0.506235   0.506507
1056  0.494130   0.493681
1057  0.506169   0.506437
1058  0.494327   0.493859
1059  0.505711   0.505970
1060  0.494810   0.494267
1061  0.504973   0.505209
1062  0.495552   0.494841
1063  0.504075   0.504259
1064  0.496520   0.495483
1065  0.503156   0.503217
1066  0.497705   0.496075
1067  0.502390   0.502162
1068  0.499118   0.496471
1069  0.501971   0.501077
1070  0.500770   0.496505
1071  0.502108   0.499790
1072  0.502603   0.496039
1073  0.502935   0.498015
1074  0.504435   0.495074
1075  0.504348   0.495719
1076  0.505961   0.493883
1077  0.505795   0.493595
1078  0.506804   0.492929
1079  0.506497   0.492907
1080  0.506720   0.492711
1081  0.506020   0.494148
1082  0.505777   0.493488
1083  0.504631   0.496312
1084  0.504421   0.495102
1085  0.502956   0.498024
1086  0.503208   0.497083
1087  0.501377   0.498670
1088  0.502537   0.499023
1089  0.499980   0.498435
1090  0.502503   0.500744
1091  0.498733   0.497731
1092  0.502961   0.502223
1093  0.497606   0.496864
1094  0.503700   0.503498
1095  0.496603   0.495998
1096  0.504509   0.504570
1097  0.495746   0.495217
1098  0.505235   0.505421
1099  0.495088   0.494596
1100  0.505785   0.506030
1101  0.494682   0.494194
1102  0.506047   0.506312
1103  0.494585   0.494074
1104  0.505954   0.506207
1105  0.494858   0.494308
1106  0.505450   0.505643
1107  0.497749   0.497298
1108  0.503072   0.503135
1109  0.496235   0.495742
1110  0.504589   0.504774
1111  0.495076   0.494595
1112  0.505719   0.505969
1113  0.494318   0.493868
1114  0.506392   0.506669
1115  0.493950   0.493523
1116  0.506595   0.506879
1117  0.493953   0.493520
1118  0.506389   0.506669
1119  0.494278   0.493797
1120  0.505840   0.506107
1121  0.494875   0.494279
1122  0.505062   0.505288
1123  0.495713   0.494890
1124  0.504180   0.504297
1125  0.496777   0.495528
1126  0.503343   0.503194
1127  0.498088   0.496073
1128  0.502765   0.502007
1129  0.499677   0.496335
1130  0.502677   0.500622
1131  0.501567   0.496076
1132  0.503293   0.498785
1133  0.503704   0.495097
1134  0.504640   0.496291
1135  0.505824   0.493449
1136  0.506356   0.493493
1137  0.507467   0.491738
1138  0.507611   0.491554
1139  0.508075   0.490942
1140  0.507639   0.491638
1141  0.507449   0.491750
1142  0.506373   0.493485
1143  0.505966   0.493881
1144  0.504393   0.495692
1145  0.504374   0.496465
1146  0.502333   0.497084
1147  0.503275   0.498811
1148  0.500498   0.497449
1149  0.502906   0.500724
1150  0.498939   0.497112
1151  0.503170   0.502281
1152  0.497616   0.496441
1153  0.503832   0.503597
1154  0.496491   0.495672
1155  0.504655   0.504724
1156  0.495549   0.494928
1157  0.505452   0.505653
1158  0.494813   0.494303
1159  0.506081   0.506337
1160  0.494323   0.493867
1161  0.506454   0.506730
1162  0.494123   0.493680
1163  0.506471   0.506746
1164  0.494268   0.493810
1165  0.506081   0.506331
1166  0.494798   0.494314
1167  0.505231   0.505413
1168  0.495722   0.495232
1169  0.503951   0.504000
1170  0.502298   0.502215
1171  0.496952   0.496512
1172  0.503955   0.504044
1173  0.495625   0.495153
1174  0.505281   0.505483
1175  0.494676   0.494216
1176  0.506172   0.506431
1177  0.494123   0.493686
1178  0.506596   0.506876
1179  0.493950   0.493522
1180  0.506595   0.506877
1181  0.494130   0.493682
1182  0.506233   0.506503
1183  0.494599   0.494084
1184  0.505598   0.505829
1185  0.495324   0.494670
1186  0.504789   0.504919
1187  0.496269   0.495360
1188  0.503941   0.503824
1189  0.497424   0.496054
1190  0.503250   0.502575
1191  0.498817   0.496614
1192  0.502949   0.501115
1193  0.500491   0.496805
1194  0.503285   0.499287
1195  0.502476   0.496294
1196  0.504389   0.496914
1197  0.504686   0.494830
1198  0.506059   0.494104
1199  0.506766   0.492682
1200  0.507647   0.491618
1201  0.508081   0.490947
1202  0.508323   0.490598
1203  0.508072   0.490952
1204  0.507643   0.491521
1205  0.506820   0.492917
1206  0.505864   0.493531
1207  0.505075   0.495774
1208  0.503643   0.495377
1209  0.503647   0.498407
1210  0.501487   0.496385
1211  0.502956   0.500430
1212  0.499615   0.496564
1213  0.502990   0.501976
1214  0.498056   0.496213
1215  0.503536   0.503266
1216  0.496765   0.495603
1217  0.504348   0.504414
1218  0.495711   0.494926
1219  0.505203   0.505410
1220  0.494876   0.494295
1221  0.505952   0.506213
1222  0.494278   0.493803
1223  0.506470   0.506750
1224  0.493952   0.493522
1225  0.506652   0.506936
1226  0.493949   0.493524
1227  0.506455   0.506730
1228  0.494316   0.493872
1229  0.505785   0.506027
1230  0.495074   0.494606
1231  0.504654   0.504819
1232  0.496227   0.495760
1233  0.503139   0.503168
1234  0.497729   0.497320
1235  0.501365   0.501213
1236  0.504607   0.504713
1237  0.495297   0.494785
1238  0.505650   0.505864
1239  0.494585   0.494093
1240  0.506235   0.506498
1241  0.494269   0.493804
1242  0.506390   0.506665
1243  0.494321   0.493864
1244  0.506172   0.506434
1245  0.494688   0.494207
1246  0.505651   0.505872
1247  0.495318   0.494770
1248  0.504928   0.505051
1249  0.496164   0.495489
1250  0.504106   0.504006
1251  0.497187   0.496290
1252  0.503345   0.502761
1253  0.498381   0.497080
1254  0.502866   0.501307
1255  0.499758   0.497684
1256  0.502905   0.499566
1257  0.501363   0.497799
1258  0.503630   0.497459
1259  0.503212   0.497010
1260  0.504987   0.495081
1261  0.505183   0.495169
1262  0.506537   0.492857
1263  0.506810   0.492939
1264  0.507618   0.491533
1265  0.507429   0.491785
1266  0.507648   0.491614
1267  0.506723   0.492720
1268  0.506558   0.492840
1269  0.505164   0.495173
1270  0.504722   0.494443
1271  0.503605   0.497798
1272  0.502627   0.495685
1273  0.502660   0.499840
1274  0.500635   0.496269
1275  0.502454   0.501317
1276  0.498908   0.496257
1277  0.502838   0.502516
1278  0.497465   0.495851
1279  0.503585   0.503624
1280  0.496280   0.495257
1281  0.504483   0.504673
1282  0.495323   0.494622
1283  0.505348   0.505599
1284  0.494597   0.494064
1285  0.506043   0.506316
1286  0.494129   0.493675
1287  0.506453   0.506733
1288  0.493952   0.493522
1289  0.506471   0.506752
1290  0.494124   0.493680
1291  0.506049   0.506317
1292  0.494676   0.494199
1293  0.505148   0.505377
1294  0.495632   0.495122
1295  0.503824   0.503964
1296  0.496979   0.496471
1297  0.505600   0.505821
1298  0.494859   0.494292
1299  0.505845   0.506103
1300  0.494801   0.494278
1301  0.505719   0.505968
1302  0.495088   0.494587
1303  0.505284   0.505489
1304  0.495646   0.495140
1305  0.504617   0.504725
1306  0.496420   0.495881
1307  0.503835   0.503745
1308  0.497354   0.496745
1309  0.503042   0.502557
1310  0.498396   0.497653
1311  0.502425   0.501182
1312  0.499528   0.498496
1313  0.502189   0.499609
1314  0.500757   0.499049
1315  0.502511   0.497853
1316  0.502112   0.498943
1317  0.503424   0.496046
1318  0.503603   0.497819
1319  0.504677   0.494491
1320  0.505037   0.495814
1321  0.505802   0.493580
1322  0.505910   0.493939
1323  0.506335   0.493508
1324  0.505742   0.493529
1325  0.506035   0.494126
1326  0.504615   0.494887
1327  0.504976   0.495080
1328  0.503171   0.497025
1329  0.503429   0.496013
1330  0.502088   0.498926
1331  0.501704   0.496618
1332  0.501662   0.500315
1333  0.500038   0.496769
1334  0.501846   0.501400
1335  0.498546   0.496510
1336  0.502470   0.502422
1337  0.497257   0.495978
1338  0.503344   0.503469
1339  0.496183   0.495336
1340  0.504280   0.504481
1341  0.495317   0.494702
1342  0.505137   0.505373
1343  0.494688   0.494185
1344  0.505779   0.506031
1345  0.494326   0.493863
1346  0.506079   0.506340
1347  0.494276   0.493804
1348  0.505954   0.506218
1349  0.494589   0.494073
1350  0.505356   0.505605
1351  0.495302   0.494722
1352  0.504987   0.505212
1353  0.495749   0.495157
1354  0.504596   0.504777
1355  0.496258   0.495730
1356  0.503969   0.504054
1357  0.496983   0.496499
1358  0.503197   0.503108
1359  0.497851   0.497396
1360  0.502390   0.501990
1361  0.498793   0.498351
1362  0.501674   0.500726
1363  0.499764   0.499282
1364  0.501225   0.499361
1365  0.500730   0.500035
1366  0.501204   0.497959
1367  0.501686   0.500344
1368  0.501689   0.496673
1369  0.502655   0.499867
1370  0.502569   0.495754
1371  0.503599   0.498444
1372  0.503558   0.495456
1373  0.504292   0.496521
1374  0.504314   0.495763
1375  0.504343   0.495158
1376  0.504592   0.496353
1377  0.503604   0.495185
1378  0.504340   0.496963
1379  0.502401   0.496345
1380  0.503587   0.497473
1381  0.501317   0.497806
1382  0.502477   0.497830
1383  0.500723   0.499026
1384  0.501179   0.497912
1385  0.500694   0.499998
1386  0.499852   0.497676
1387  0.501133   0.500909
1388  0.498584   0.497160
1389  0.501900   0.501887
1390  0.497438   0.496481
1391  0.502844   0.502932
1392  0.496444   0.495754
1393  0.503807   0.503950
1394  0.495648   0.495095
1395  0.504641   0.504816
1396  0.495090   0.494586
1397  0.505223   0.505419
1398  0.494813   0.494299
1399  0.505446   0.505656
1400  0.494871   0.494297
1401  0.503092   0.503142
1402  0.497784   0.497288
1403  0.502326   0.502223
1404  0.498613   0.498227
1405  0.501508   0.501165
1406  0.499498   0.499208
1407  0.500728   0.500009
1408  0.500368   0.500148
1409  0.500140   0.498838
1410  0.501175   0.500949
1411  0.499869   0.497729
1412  0.501877   0.501430
1413  0.500020   0.496828
1414  0.502459   0.501337
1415  0.500578   0.496340
1416  0.502919   0.500451
1417  0.501400   0.496470
1418  0.503193   0.498846
1419  0.502241   0.497174
1420  0.503108   0.497131
1421  0.502884   0.498103
1422  0.502502   0.496129
1423  0.503238   0.498870
1424  0.501476   0.496151
1425  0.503229   0.499343
1426  0.500431   0.496839
1427  0.502848   0.499580
1428  0.499720   0.497680
1429  0.502134   0.499588
1430  0.499496   0.498467
1431  0.501177   0.499318
1432  0.499727   0.499241
1433  0.500100   0.498788
1434  0.500324   0.500103
1435  0.498984   0.498053
1436  0.501177   0.501087
1437  0.497931   0.497237
1438  0.502156   0.502139
1439  0.496993   0.496428
1440  0.503121   0.503149
1441  0.496244   0.495726
1442  0.503936   0.503994
1443  0.495741   0.495203
1444  0.500505   0.500189
1445  0.500404   0.500188
1446  0.499697   0.499131
1447  0.501223   0.501130
1448  0.499015   0.498100
1449  0.501942   0.501923
1450  0.498596   0.497207
1451  0.502503   0.502447
1452  0.498530   0.496560
1453  0.502853   0.502529
1454  0.498860   0.496316
1455  0.502972   0.501982
1456  0.499541   0.496637
1457  0.502845   0.500735
1458  0.500413   0.497531
1459  0.502443   0.499049
1460  0.501298   0.498752
1461  0.501707   0.497496
1462  0.502066   0.499888
1463  0.500684   0.496586
1464  0.502635   0.500701
1465  0.499610   0.496389
1466  0.502901   0.501160
1467  0.498775   0.496632
1468  0.502813   0.501315
1469  0.498354   0.497069
1470  0.502369   0.501160
1471  0.498370   0.497624
1472  0.501620   0.500686
1473  0.498760   0.498311
1474  0.500678   0.499960
1475  0.499457   0.499162
1476  0.499654   0.499082
1477  0.500358   0.500141
1478  0.498641   0.498151
1479  0.501351   0.501175
1480  0.497739   0.497272
1481  0.498675   0.498195
1482  0.502199   0.502175
1483  0.497953   0.497277
1484  0.502882   0.502960
1485  0.497444   0.496518
1486  0.503374   0.503487
1487  0.497243   0.496015
1488  0.503603   0.503630
1489  0.497429   0.495894
1490  0.503532   0.503263
1491  0.497999   0.496266
1492  0.503134   0.502277
1493  0.498869   0.497174
1494  0.502433   0.500749
1495  0.499909   0.498500
1496  0.501445   0.498993
1497  0.500970   0.499926
1498  0.500271   0.497498
1499  0.501949   0.501159
1500  0.499057   0.496535
1501  0.502741   0.502066
1502  0.498045   0.496108
1503  0.503218   0.502604
1504  0.497399   0.496062
1505  0.503305   0.502764
1506  0.497170   0.496277
1507  0.502996   0.502537
1508  0.497336   0.496720
1509  0.502341   0.501955
1510  0.497826   0.497361
1511  0.501458   0.501122
1512  0.498579   0.498185
1513  0.500458   0.500141
1514  0.496446   0.495780
1515  0.504302   0.504490
1516  0.496171   0.495361
1517  0.504498   0.504674
1518  0.496254   0.495285
1519  0.504351   0.504407
1520  0.496725   0.495638
1521  0.503815   0.503586
1522  0.497563   0.496484
1523  0.502917   0.502214
1524  0.498674   0.497776
1525  0.501710   0.500447
1526  0.499927   0.499328
1527  0.500327   0.498648
1528  0.501204   0.500878
1529  0.498913   0.497148
1530  0.502387   0.502220
1531  0.497665   0.496121
1532  0.503336   0.503232
1533  0.496752   0.495550
1534  0.503925   0.503841
1535  0.496255   0.495362
1536  0.504081   0.504006
1537  0.496155   0.495479
1538  0.503802   0.503731
1539  0.496410   0.495861
1540  0.503158   0.503081
1541  0.495305   0.494639
1542  0.505207   0.505403
1543  0.495684   0.494947
1544  0.504649   0.504712
1545  0.496454   0.495699
1546  0.503676   0.503484
1547  0.497560   0.496895
1548  0.502340   0.501785
1549  0.498908   0.498444
1550  0.500786   0.499868
1551  0.500379   0.500158
1552  0.499173   0.498042
1553  0.501845   0.501820
1554  0.497684   0.496554
1555  0.503165   0.503253
1556  0.496496   0.495514
1557  0.504183   0.504318
1558  0.495699   0.494902
1559  0.504784   0.504929
1560  0.495317   0.494671
1561  0.504914   0.505052
1562  0.495524   0.494946
1563  0.504498   0.504557
1564  0.496569   0.496019
1565  0.503145   0.502982
1566  0.497928   0.497490
1567  0.501507   0.501069
1568  0.499493   0.499239
1569  0.499753   0.499079
1570  0.501142   0.501086
1571  0.498065   0.497280
1572  0.502732   0.502831
1573  0.496618   0.495854
1574  0.504088   0.504279
1575  0.495536   0.494861
1576  0.505069   0.505299
1577  0.497015   0.496570
1578  0.502336   0.502188
1579  0.498593   0.498267
1580  0.500527   0.500163
1581  0.500335   0.500180
1582  0.498711   0.498187
1583  0.502088   0.502109
1584  0.497068   0.496480
1585  0.503691   0.503846
1586  0.499469   0.499189
1587  0.499511   0.499181
1588  0.501307   0.501201
