0.1 0.99002705
0.2 0.96043106
0.3 0.912168
0.4 0.8467895
0.5 0.76638254
0.6 0.67348886
0.7 0.57100793
0.8 0.46208776
0.9 0.35000845
1 0.23806328
1.1 0.12944251
1.2 0.027124284
1.3 -0.066223019
1.4 -0.14832368
1.5 -0.21735994
1.6 -0.27201785
1.7 -0.31151273
1.8 -0.33559399
1.9 -0.34453019
2 -0.33907549
2.1 -0.3204199
2.2 -0.29012577
2.3 -0.25005362
2.4 -0.20228056
2.5 -0.14901499
2.6 -0.092510793
2.7 -0.034984428
2.8 0.021462103
2.9 0.074909764
3 0.12368033
3.1 0.16638194
3.2 0.20194123
3.3 0.22962169
3.4 0.24902823
3.5 0.26009854
3.6 0.26308248
3.7 0.25851085
3.8 0.24715539
3.9 0.22998109
4 0.20809552
4.1 0.18269544
4.2 0.15501294
4.3 0.12626384
4.4 0.097599998
4.5 0.070067284
4.6 0.044570428
4.7 0.02184588
4.8 0.0024432814
4.9 -0.013285689
5 -0.025187185
5.1 -0.03329766
5.2 -0.037829228
5.3 -0.039148115
5.4 -0.037747737
5.5 -0.034217783
5.6 -0.02921082
5.7 -0.023407953
5.8 -0.017485063
5.9 -0.012081078
6 -0.0077695624
6.1 -0.0050347471
6.2 -0.0042528537
6.3 -0.0056793079
6.4 -0.0094421368
6.5 -0.015541547
6.6 -0.023855391
6.7 -0.034149975
6.8 -0.046095431
6.9 -0.059284722
7 -0.073255238
7.1 -0.087511875
7.2 -0.10155052
7.3 -0.11488092
7.4 -0.12704797
7.5 -0.13765075
7.6 -0.14635848
7.7 -0.15292315
7.8 -0.15718835
7.9 -0.15909422
8 -0.15867852
8.1 -0.15607398
8.2 -0.15150212
8.3 -0.14526382
8.4 -0.13772731
8.5 -0.12931372
8.6 -0.120481
8.7 -0.1117067
8.8 -0.10347013
8.9 -0.096234616
9 -0.090430309
9.1 -0.086438273
9.2 -0.084576194
9.3 -0.085086267
9.4 -0.088125621
9.5 -0.093759567
9.6 -0.10195789
9.7 -0.11259429
9.8 -0.125449
9.9 -0.14021445
10 -0.15650382
