0.1 0.99002705
0.2 0.96043106
0.3 0.912168
0.4 0.8467895
0.5 0.76638254
0.6 0.67348886
0.7 0.57100791
0.8 0.46208769
0.9 0.3500082
1 0.2380626
1.1 0.12944081
1.2 0.027120394
1.3 -0.066231321
1.4 -0.14834034
1.5 -0.21739159
1.6 -0.27207521
1.7 -0.31161244
1.8 -0.335761
1.9 -0.34480064
2 -0.33950035
2.1 -0.32106904
2.2 -0.29109253
2.3 -0.25145996
2.4 -0.20428229
2.5 -0.15180703
2.6 -0.096332058
2.7 -0.040122022
2.8 0.014669815
2.9 0.066071635
3 0.11235288
3.1 0.15207214
3.2 0.18411211
3.3 0.20770085
3.4 0.22241954
3.5 0.22819693
3.6 0.2252921
3.7 0.21426586
3.8 0.19594332
3.9 0.17136903
4 0.14175692
4.1 0.10843714
4.2 0.072801792
4.3 0.036251936
4.4 0.000146724
4.5 -0.034242615
4.6 -0.065773163
4.7 -0.093463841
4.8 -0.11652122
4.9 -0.13435754
5 -0.14660041
5.1 -0.15309441
5.2 -0.15389514
5.3 -0.14925626
5.4 -0.13961053
5.5 -0.12554539
5.6 -0.10777481
5.7 -0.08710838
5.8 -0.064418658
5.9 -0.040607787
6 -0.016575244
6.1 0.0068128624
6.2 0.028751968
6.3 0.048523358
6.4 0.065514717
6.5 0.079236068
6.6 0.089330706
6.7 0.095581189
6.8 0.097910093
6.9 0.096376313
7 0.09116683
7.1 0.08258449
7.2 0.071032239
7.3 0.056994892
7.4 0.04101879
7.5 0.02369027
7.6 0.005613671
7.7 -0.012610193
7.8 -0.030404664
7.9 -0.047236111
8 -0.062630267
8.1 -0.076185915
8.2 -0.087585414
8.3 -0.096601588
8.4 -0.10310113
8.5 -0.10704456
8.6 -0.10848257
8.7 -0.10754912
8.8 -0.10445198
8.9 -0.099460726
9 -0.09289283
9.1 -0.085098757
9.2 -0.076446338
9.3 -0.067304888
9.4 -0.05803045
9.5 -0.048952238
9.6 -0.04036008
9.7 -0.032494543
9.8 -0.025539487
9.9 -0.01961725
10 -0.014786755
