-3.083254059175211559e+00 -3.081791698111107092e+00 -3.041020987107613482e+00 -3.037008983017538188e+00 -3.003381445963110963e+00 -2.997697819838470057e+00 -2.985044196751089451e+00 1.061451645698492152e+00 1.061452033643416115e+00 4.246787662988691814e+00 4.248634796577101191e+00 4.289559442791114563e+00 4.294357692948422844e+00 4.327559123259558049e+00 4.333538956398089503e+00 4.345880481440689280e+00
-3.098567580851583791e+00 -3.097599103982813684e+00 -3.069882200686163465e+00 -3.057178942829629875e+00 -3.016903450044999602e+00 -2.964645897783829032e+00 -2.927349761234100178e+00 1.061003802837373833e+00 1.061004315981590063e+00 4.153343969548783932e+00 4.220736069701847448e+00 4.292505169795382436e+00 4.341961979231181878e+00 4.345470824025308154e+00 4.365503105998800315e+00 4.370620346074262308e+00
-3.147647030984003891e+00 -3.140355187391318026e+00 -3.114439146258629609e+00 -3.067204038385454634e+00 -2.995938212420456992e+00 -2.916249730349955271e+00 -2.859068386548508922e+00 1.059661282403588478e+00 1.059662242593736536e+00 4.059319534152542097e+00 4.150567575316644664e+00 4.256501956105923412e+00 4.348865574948751700e+00 4.409559082728307544e+00 4.438008706243184776e+00 4.438778423627081082e+00
-3.214733977304594426e+00 -3.191802435990700015e+00 -3.146643460869347209e+00 -3.072456895692053713e+00 -2.972569457048479524e+00 -2.866843854243977585e+00 -2.790448153753948279e+00 1.057427096485811457e+00 1.057429069503554864e+00 3.965810726809344544e+00 4.081617242778103005e+00 4.222242588537402419e+00 4.353526598168713235e+00 4.452407520450580414e+00 4.511833461416709490e+00 4.533226576534308272e+00
-3.284059854937317002e+00 -3.245467252202172581e+00 -3.178739040354056300e+00 -3.077958649103058608e+00 -2.949715969758652356e+00 -2.817859540369718641e+00 -2.722073913517676136e+00 1.054306221313478398e+00 1.054310283552938987e+00 3.872957960671702615e+00 4.014046059606676486e+00 4.189836907135911837e+00 4.359948947287355381e+00 4.496098736371905602e+00 4.586294811011433659e+00 4.628096939072661620e+00
-3.353807445815810251e+00 -3.300110073718811599e+00 -3.211705643877648342e+00 -3.084489418669609240e+00 -2.927962982851802565e+00 -2.769726543660488982e+00 -2.654168482524845718e+00 1.050305522314554318e+00 1.050313701605490424e+00 3.780893556529137278e+00 3.947994145293045598e+00 4.159350150701811799e+00 4.368123335856143541e+00 4.540914097732843935e+00 4.661224695206139579e+00 4.722874031661263849e+00
-3.423571587996711241e+00 -3.355311197121059852e+00 -3.245556579643261053e+00 -3.092214924753807548e+00 -2.907522633776019383e+00 -2.722660643125643265e+00 -2.586873829948192594e+00 1.045433632644686250e+00 1.045449625852171716e+00 3.689748703715997280e+00 3.883594914527526587e+00 4.130834340111930736e+00 4.378006707117213736e+00 4.586783830850496457e+00 4.736484706757980057e+00 4.817397580568105298e+00
-3.493166906268900807e+00 -3.410851652932915368e+00 -3.280213599095139099e+00 -3.101162860313329883e+00 -2.888497627240921073e+00 -2.676806362044916732e+00 -2.520304847960585626e+00 1.039700772181264110e+00 1.039731068096811040e+00 3.599655356234518155e+00 3.820976906478945612e+00 4.104329798794355888e+00 4.389542082724885219e+00 4.633602543507370441e+00 4.811944246155637650e+00 4.911543727464374953e+00
-3.562468945177202695e+00 -3.466580817132129511e+00 -3.315585700190758267e+00 -3.111315119141112806e+00 -2.870945514969460710e+00 -2.632277082755390740e+00 -2.454565213628534526e+00 1.033118494984023972e+00 1.033174054875341197e+00 3.510746905626879411e+00 3.760263485841571995e+00 4.079864881978605418e+00 4.402662387042439285e+00 4.681255620360035508e+00 4.887476769097310658e+00 5.005198438969789443e+00
-3.631376289648541977e+00 -3.522376992023530828e+00 -3.351580386072848139e+00 -3.122633022334868613e+00 -2.854899558154422312e+00 -2.589169179252111874e+00 -2.389753248413517106e+00 1.025699357200979378e+00 1.025798021323441889e+00 3.423158434580905851e+00 3.701571912232701322e+00 4.057455602923415228e+00 4.417292046856609922e+00 4.729625025583749753e+00 4.962958824767298438e+00 5.098252096212176454e+00
-3.699798271863928623e+00 -3.578132901361718243e+00 -3.388105510479366256e+00 -3.135066137236367734e+00 -2.840376837214859229e+00 -2.547567628099077108e+00 -2.325964382554837062e+00 1.017456504411448970e+00 1.017626294853293700e+00 3.337026773567100424e+00 3.645012143800016258e+00 4.037105396579416805e+00 4.433348121637197714e+00 4.778591416823781302e+00 5.038269764713187548e+00 5.190597898206129379e+00
-3.767650146114332355e+00 -3.633749525639632605e+00 -3.425069556306041818e+00 -3.148556057643002060e+00 -2.827381854734131394e+00 -2.507548304306906228e+00 -2.263292250660014382e+00 1.008403187214856445e+00 1.008686660272800628e+00 3.252490424759456378e+00 3.590685506440912445e+00 4.018805070095024412e+00 4.450741310794948724e+00 4.828035245431150813e+00 5.113291653196572639e+00 5.282131282979746878e+00
-3.834850936309206482e+00 -3.689133197978486045e+00 -3.462381693967283791e+00 -3.163038369005693351e+00 -2.815908343502988131e+00 -2.469178821616897945e+00 -2.201829153672539618e+00 9.985522259562811254e-01 9.990119866727608100e-01 3.169689363011770844e+00 3.538683301124359470e+00 4.002532950781866106e+00 4.469376917511884706e+00 4.877837478068888899e+00 5.187909245033737626e+00 5.372749693672995264e+00
-3.901322386493037531e+00 -3.744194128902074148e+00 -3.499951856454196264e+00 -3.178443875837132726e+00 -2.805940309099697494e+00 -2.432518677824250464e+00 -2.141666186636738800e+00 9.879154589856701252e-01 9.886408842394573959e-01 3.088764700266299013e+00 3.489085407773503622e+00 3.988255228723174284e+00 4.489155783162666502e+00 4.927880134334330364e+00 5.262009986398736849e+00 5.462352483144679915e+00
-3.966988417564837111e+00 -3.798845614339825705e+00 -3.537690855254251421e+00 -3.194699496979313658e+00 -2.797452741584046887e+00 -2.397619053998583993e+00 -2.082893163936380354e+00 9.765032226446522801e-01 9.776183474043331767e-01 3.009858187409222730e+00 3.441958942949363998e+00 3.975926482965226771e+00 4.509975188297948634e+00 4.978046713126448530e+00 5.335484022578569352e+00 5.550840882062876069e+00
-4.031774836319367061e+00 -3.853003593451829190e+00 -3.575510523819906972e+00 -3.211728995335881187e+00 -2.790412194381430400e+00 -2.364522445917801807e+00 -2.025598402254052299e+00 9.643239238557580473e-01 9.659963308489099010e-01 2.933111520200039291e+00 3.397357030120349286e+00 3.965490373656563428e+00 4.531729711795000171e+00 5.028222540394548190e+00 5.408224206901220299e+00 5.638117999489333343e+00
-4.095609178885046830e+00 -3.906586395643745657e+00 -3.613323873468902825e+00 -3.229453614730491307e+00 -2.784777324877633742e+00 -2.333262229571501312e+00 -1.969868388662942227e+00 9.513837760954746425e-01 9.538341982625627713e-01 2.858665411954814495e+00 3.355317741608091264e+00 3.956880477189671730e+00 4.554312039917189026e+00 5.078295055847021011e+00 5.480126108997403378e+00 5.724088841749475520e+00
-4.158420629747669572e+00 -3.959514594549898181e+00 -3.651045250823472088e+00 -3.247792656747070517e+00 -2.780499441986841624e+00 -2.303862225820342946e+00 -1.915787345448510370e+00 9.376867747958556043e-01 9.411989816268162556e-01 2.786658395408340372e+00 3.315863268455225832e+00 3.950021237512346239e+00 4.577613718708316348e+00 5.128154049837749362e+00 5.551088022106853259e+00 5.808660342453748626e+00
-4.220139985244102832e+00 -4.011710924746620499e+00 -3.688590489949460149e+00 -3.266664012615345669e+00 -2.777523080780965881e+00 -2.276336310169600363e+00 -1.863436695731584436e+00 9.232349868457986330e-01 9.281653920114422140e-01 2.717225320720513704e+00 3.278999367583919078e+00 3.944829004470576717e+00 4.601525845282597338e+00 5.177691858608784337e+00 5.621010969718867045e+00 5.891741399776619481e+00
-4.280699644214437605e+00 -4.063100236386725683e+00 -3.725877055280384820e+00 -3.285984657012180232e+00 -2.775786610619539019e+00 -2.250688102481416042e+00 -1.812894430993829076e+00 9.080292189024059546e-01 9.148155317139560205e-01 2.650495527419463038e+00 3.244715124584757859e+00 3.941213129358454026e+00 4.625939695695231002e+00 5.226803524399163514e+00 5.689798712004938253e+00 5.973242918691542336e+00
-4.340033615749154805e+00 -4.113609473347281664e+00 -3.762824173347552481e+00 -3.305671106877872134e+00 -2.775222875518776000e+00 -2.226910763831662532e+00 -1.764234381549649955e+00 8.920701090666975919e-01 9.012382717320308601e-01 2.586590686651363047e+00 3.212983055843156688e+00 3.939077088673214266e+00 4.650747288983702710e+00 5.275386925861946352e+00 5.757357752496972125e+00 6.053077856694301317e+00
-4.398077537949134808e+00 -4.163167666270779499e+00 -3.799352952571715569e+00 -3.325639846696827995e+00 -2.775759861114040827e+00 -2.204986921458730542e+00 -1.717525393139780032e+00 8.753596553163733862e-01 8.875282770949473043e-01 2.525622337353832680e+00 3.183759556608753094e+00 3.938319609187271642e+00 4.675841888570850813e+00 5.323342883450975727e+00 5.823597345390828295e+00 6.131161272008588625e+00
-4.454768703889002701e+00 -4.211705935208410523e+00 -3.835386491137163123e+00 -3.345807721077971753e+00 -2.777321380182488308e+00 -2.184888736842216073e+00 -1.672830416806343035e+00 8.579031525055549334e-01 8.737846840660183911e-01 2.467689175612904240e+00 3.156985683589076164e+00 3.938835770554051763e+00 4.701118443488659260e+00 5.370575243807629739e+00 5.888429503761924977e+00 6.207410373539175019e+00
-4.510046092317918642e+00 -4.259157498542132103e+00 -3.870849973428518442e+00 -3.366092295360727071e+00 -2.779827767593754828e+00 -2.166578125981504233e+00 -1.630205524837434528e+00 8.397114603449685744e-01 8.601094559272842721e-01 2.412874198358288869e+00 3.132588243429845321e+00 3.940518065428987526e+00 4.726473972825278480e+00 5.416990946637192827e+00 5.951769008885939627e+00 6.281744572005639071e+00
-4.563850401450340932e+00 -4.305457686053508759e+00 -3.905670755770010771e+00 -3.386412185091970617e+00 -2.783196575329335065e+00 -2.150007134859546643e+00 -1.589698872604091040e+00 8.208034726376211010e-01 8.466054661547129934e-01 2.361241846186907800e+00 3.110481143669265425e+00 3.943257401183382083e+00 4.751807897446332696e+00 5.462500077088427552e+00 6.013533420774161975e+00 6.354085531799410269e+00
-4.616124084712049935e+00 -4.350543954743494091e+00 -3.939778442338350839e+00 -3.406687355428490438e+00 -2.787343258589571438e+00 -2.135118467020439947e+00 -1.551349634184533643e+00 8.012086106453690793e-01 8.333743775973611045e-01 2.312835328604915031e+00 3.090566951721336331e+00 3.946944031424900245e+00 4.777022323434451323e+00 5.507015906225895208e+00 6.073643089962076580e+00 6.424357223182063592e+00
-4.666811387637355146e+00 -4.394355906469447071e+00 -3.973104952168466486e+00 -3.426839391740244878e+00 -2.792181844799900503e+00 -2.121846154414991581e+00 -1.515186948213021134e+00 7.809691298391971959e-01 8.205144023739722181e-01 2.267674339898817504e+00 3.072738600935204456e+00 3.951468409473139598e+00 4.802022281868426390e+00 5.550454921806619701e+00 6.132021170531836596e+00 6.492485974497622436e+00
-4.715858385329410929e+00 -4.436835306760433362e+00 -4.005584578166129006e+00 -3.446791742887609811e+00 -2.797625578389494994e+00 -2.110116357472396231e+00 -1.481228918612606194e+00 7.601420182729733410e-01 8.081180385257886734e-01 2.225753376890001078e+00 3.056881180986292801e+00 3.956721959498016528e+00 4.826715929572753971e+00 5.592736851237110507e+00 6.188593634303533264e+00 6.558400524113036312e+00
-4.763213020043298940e+00 -4.477926104361680260e+00 -4.037154039004462902e+00 -3.466469938800581740e+00 -2.803587535432006117e+00 -2.099848276018859039e+00 -1.449481721775918164e+00 7.388002826279600477e-01 7.962698852911556102e-01 2.187040845220189489e+00 3.042873752414950950e+00 3.962597764099603737e+00 4.851014715345545625e+00 5.633784678290946424e+00 6.243289286094757529e+00 6.622032071833113598e+00
-4.808825138551021894e+00 -4.517574451183028472e+00 -4.067752524724078889e+00 -3.485801784096359768e+00 -2.809981203515564019e+00 -2.090955149408893821e+00 -1.419938876228227231e+00 7.170334658136061634e-01 7.850446387832693551e-01 2.151479087658933587e+00 3.030591131247111658e+00 3.968991169635654348e+00 4.874833515956624730e+00 5.673524654907699194e+00 6.296039779922600665e+00 6.683314329563097900e+00
-4.852646529019817301e+00 -4.555728722407767606e+00 -4.097321736789605318e+00 -3.504717529532392906e+00 -2.816721023475035501e+00 -2.083345322200846894e+00 -1.392580731738959576e+00 6.949473127112384407e-01 7.745053637288586978e-01 2.118985391556835296e+00 3.019905598255971491e+00 3.975800312581544649e+00 4.898090745926209522e+00 5.711886309167842235e+00 6.346779636003093472e+00 6.742183571014243704e+00
-4.894630957185364117e+00 -4.592339536572369596e+00 -4.125805923283700771e+00 -3.523150023111121243e+00 -2.823722890818573195e+00 -2.076923350933419066e+00 -1.367374231349612446e+00 6.726625870930559303e-01 7.647021249292094147e-01 2.089453944140214237e+00 3.010688497432167487e+00 3.982926571663533810e+00 4.920708444775154788e+00 5.748802450344498993e+00 6.395446258391442207e+00 6.798578680266302854e+00
-4.934734201639556339e+00 -4.627359775464098490e+00 -4.153151909847928813e+00 -3.541034842634470881e+00 -2.830904615771626887e+00 -2.071591127986423864e+00 -1.344272991375891957e+00 6.503131282856875472e-01 7.556710447490334603e-01 2.062758618413704337e+00 3.002811698579136213e+00 3.990274951494098499e+00 4.942612345098238436e+00 5.784209171764280732e+00 6.441979953099305156e+00 6.852441199017933471e+00
-4.972914088080782058e+00 -4.660744603708645961e+00 -4.179309126909993566e+00 -3.558310411458724509e+00 -2.838186341820453151e+00 -2.067248999992496561e+00 -1.323217731232620098e+00 6.280433062992907267e-01 7.474338311520751787e-01 2.038756403289156971e+00 2.996148908790008836e+00 3.997754404023007080e+00 4.963731924470019763e+00 5.818045852068458146e+00 6.486323946522462691e+00 6.903715372370698766e+00
-5.009130522396071150e+00 -4.692451487936843968e+00 -4.204229633671399569e+00 -3.574918099129002158e+00 -2.845490923448458886e+00 -2.063796860600954908e+00 -1.304137067716526044e+00 6.060050783153061449e-01 7.399977959690847706e-01 2.017291249521677265e+00 2.990576826284737866e+00 4.005278094370960495e+00 4.984000443857291351e+00 5.850255155344661340e+00 6.528424404012064031e+00 6.952348193004903365e+00
-5.043345522462344910e+00 -4.722440215432575528e+00 -4.227868139268231573e+00 -3.590802308483785676e+00 -2.852744264419643017e+00 -2.061135200338494400e+00 -1.286948668615437663e+00 5.843548632607321602e-01 7.333563570034330459e-01 1.998198092162810413e+00 2.985976137332880143e+00 4.012763617605014765e+00 5.003354974893587048e+00 5.880783030498429653e+00 6.568230448426460200e+00 6.998289443618588734e+00
-5.075523248566985224e+00 -4.750672912172656304e+00 -4.250182021462373783e+00 -3.605910550719559016e+00 -2.859875618477453862e+00 -2.059166099611004608e+00 -1.271560740123697464e+00 5.632504368703759035e-01 7.274899923228993481e-01 1.981306828053597702e+00 2.982232362620746091e+00 4.020133172810109734e+00 5.021736418073530217e+00 5.909578710149853364e+00 6.605694178504060154e+00 7.041491737509996796e+00
-5.105630032359978365e+00 -4.777114060177576782e+00 -4.271131343170015526e+00 -3.620193509796628017e+00 -2.866817854703366919e+00 -2.057794154309347867e+00 -1.257873803656766931e+00 5.428480142703224764e-01 7.223675927505374128e-01 1.966446065969170931e+00 2.979236563475314181e+00 4.027313700467054502e+00 5.039089513649863683e+00 5.936594709271182602e+00 6.640770686905113962e+00 7.081910557196506417e+00
-5.133634404259441730e+00 -4.801730514097280356e+00 -4.290678867089279258e+00 -3.633605097455554933e+00 -2.873507690031527506e+00 -2.056927326811065271e+00 -1.245782702240330719e+00 5.232996401571672340e-01 7.179481409821509841e-01 1.953446517691715734e+00 2.976885920982184519e+00 4.034236988712144090e+00 5.055362846769759777e+00 5.961786823723989492e+00 6.673418077777196977e+00 7.119504290969581817e+00
-5.159507119240058337e+00 -4.824491516962062576e+00 -4.308790068649368976e+00 -3.646102500000428126e+00 -2.879885891558634725e+00 -2.056477718246180864e+00 -1.235178766185680121e+00 5.047509572877066919e-01 7.141826342049194531e-01 1.942143951143008973e+00 2.975084202450009041e+00 4.040839753564069881e+00 5.070508848162673665e+00 5.985114128809070344e+00 6.703597483706830396e+00 7.154234267295522365e+00
-5.183221180942156003e+00 -4.845368715033232299e+00 -4.325433147468030093e+00 -3.657646217894022111e+00 -2.885897451337724462e+00 -2.056362260599191583e+00 -1.225952063026231498e+00 4.873393793496812454e-01 7.110161621182514713e-01 1.932381674489006995e+00 2.973742130120513583e+00 4.047063697693948470e+00 5.084483791495945759e+00 6.006538977904545717e+00 6.731273081930118529e+00 7.186064786979985186e+00
-5.204751864044835585e+00 -4.864336171692940525e+00 -4.340579037474300961e+00 -3.668200099101837974e+00 -2.891491736317368222e+00 -2.056503329479411502e+00 -1.217993657660338958e+00 4.711926586356639524e-01 7.083900536226021005e-01 1.924012558466787315e+00 2.972777666742062674e+00 4.052855551802127643e+00 5.097247788340726338e+00 6.026027001239539160e+00 6.756412109682107925e+00 7.214963153020753417e+00
-5.224076734852663328e+00 -4.881370380317240354e+00 -4.354201415826493005e+00 -3.677731367018793662e+00 -2.896622615997831662e+00 -2.056829280175716423e+00 -1.211197814582204657e+00 4.564278138675498253e-01 7.062440122065659631e-01 1.916900631453928971e+00 2.972116231828486388e+00 4.058167102171375440e+00 5.108764781538364552e+00 6.043547104828014049e+00 6.778984878576486572e+00 7.240899698081616265e+00
-5.241175670051556601e+00 -4.896450276080941855e+00 -4.366276710733091093e+00 -3.686210643714141533e+00 -2.901248570237594304e+00 -2.057274910921304212e+00 -1.205464083720902080e+00 4.431503685590913455e-01 7.045181707965283424e-01 1.910922298454850621e+00 2.971690861295321451e+00 4.062955207496897536e+00 5.119002537627286742e+00 6.059071469570099566e+00 6.798964787914729690e+00 7.263847809526152943e+00
-5.256030873593072528e+00 -4.909557246647210604e+00 -4.376784108264300421e+00 -3.693611969138042017e+00 -2.905332779468079440e+00 -2.057781858155603327e+00 -1.200699223216262990e+00 4.314538437903425727e-01 7.031550098758546641e-01 1.905967242907395942e+00 2.971442321845615631e+00 4.067181807658357684e+00 5.127932638875730476e+00 6.072575550517556486e+00 6.816328336835220547e+00 7.283783951957937042e+00
-5.268626891672989032e+00 -4.920675141700275645e+00 -4.385705558225941658e+00 -3.699912816846774533e+00 -2.908843199372118882e+00 -2.058298929026867619e+00 -1.196818924903446213e+00 4.214194490560674300e-01 7.021010963996257015e-01 1.901939071200985376e+00 2.971319190075008887e+00 4.070813926699049290e+00 5.135530475369521675e+00 6.084038076290058328e+00 6.831055135221055785e+00 7.300687687218490041e+00
-5.278950625772868221e+00 -4.929790281283186637e+00 -4.393025779152912591e+00 -3.705094106722683911e+00 -2.911752621860414170e+00 -2.058782376482878096e+00 -1.193749320023368199e+00 4.131159188384689318e-01 7.013086140285478276e-01 1.898755756200416034e+00 2.971277904856648444e+00 4.073823671913309852e+00 5.141775237518872999e+00 6.093441048625332535e+00 6.843127913296211950e+00 7.314541691801935031e+00
-5.286991343738946192e+00 -4.936891462908657324e+00 -4.398732262467767384e+00 -3.709140215089909542e+00 -2.914038723946533960e+00 -2.059196122103933657e+00 -1.191428252728751414e+00 4.065994489769134690e-01 7.007366664458481997e-01 1.896349929709157722e+00 2.971282800199918306e+00 4.076188230613719377e+00 5.146649909278547597e+00 6.100769742043170574e+00 6.852532529848389231e+00 7.325331771650244406e+00
-5.292740688876097721e+00 -4.941969967414824971e+00 -4.402815275839980558e+00 -3.712038982556232991e+00 -2.915684105879537746e+00 -2.059511931397135509e+00 -1.189806316710011025e+00 4.019136944465622752e-01 7.003523443768920886e-01 1.894669066058696449e+00 2.971306124479659694e+00 4.077889865851471285e+00 5.150141262312623702e+00 6.106012703603282077e+00 6.859257979027145069e+00 7.333046874298871032e+00
-5.296192687039370739e+00 -4.945019563543532115e+00 -4.405267865772994007e+00 -3.713781719845283824e+00 -2.916676319647949711e+00 -2.059709545644192730e+00 -1.188847655490019140e+00 3.990897979401480389e-01 7.001315531660190494e-01 1.893675590803461484e+00 2.971328050717101377e+00 4.078915912092891283e+00 5.152239851283067829e+00 6.109161752738657469e+00 6.863296395674865380e+00 7.337679098348551143e+00
-5.297343751708995185e+00 -4.946036511223190324e+00 -4.406085859438709562e+00 -3.714363211820859156e+00 -2.917007888721327102e+00 -2.059776773622902457e+00 -1.188530529720848161e+00 3.981464261774690372e-01 7.000596014719270288e-01 1.893346940380091992e+00 2.971336681456723916e+00 4.079258771607265466e+00 5.152940010394006620e+00 6.110211981148455429e+00 6.864643059157933713e+00 7.339223700244388304e+00
-5.296192687039370739e+00 -4.945019563543532115e+00 -4.405267865772994007e+00 -3.713781719845283824e+00 -2.916676319647949711e+00 -2.059709545644192730e+00 -1.188847655490019140e+00 3.990897979401480389e-01 7.001315531660190494e-01 1.893675590803461484e+00 2.971328050717101377e+00 4.078915912092891283e+00 5.152239851283067829e+00 6.109161752738657469e+00 6.863296395674865380e+00 7.337679098348551143e+00
-5.292740688876097721e+00 -4.941969967414824971e+00 -4.402815275839980558e+00 -3.712038982556232991e+00 -2.915684105879537746e+00 -2.059511931397135509e+00 -1.189806316710011025e+00 4.019136944465622752e-01 7.003523443768920886e-01 1.894669066058696449e+00 2.971306124479659694e+00 4.077889865851471285e+00 5.150141262312623702e+00 6.106012703603282077e+00 6.859257979027145069e+00 7.333046874298871032e+00
-5.286991343738940863e+00 -4.936891462908657324e+00 -4.398732262467759391e+00 -3.709140215089902881e+00 -2.914038723946532627e+00 -2.059196122103936322e+00 -1.191428252728753190e+00 4.065994489769141351e-01 7.007366664458479777e-01 1.896349929709158166e+00 2.971282800199907204e+00 4.076188230613712271e+00 5.146649909278536050e+00 6.100769742043155475e+00 6.852532529848402554e+00 7.325331771650255952e+00
-5.278950625772870886e+00 -4.929790281283192854e+00 -4.393025779152925914e+00 -3.705094106722678582e+00 -2.911752621860410617e+00 -2.058782376482875431e+00 -1.193749320023366423e+00 4.131159188384682102e-01 7.013086140285479386e-01 1.898755756200414258e+00 2.971277904856651553e+00 4.073823671913315181e+00 5.141775237518888098e+00 6.093441048625334311e+00 6.843127913296207510e+00 7.314541691801937695e+00
-5.268626891672994361e+00 -4.920675141700281863e+00 -4.385705558225954093e+00 -3.699912816846771868e+00 -2.908843199372115329e+00 -2.058298929026868507e+00 -1.196818924903447323e+00 4.214194490560666528e-01 7.021010963996257015e-01 1.901939071200987375e+00 2.971319190075005334e+00 4.070813926699056395e+00 5.135530475369525227e+00 6.084038076290072539e+00 6.831055135221064667e+00 7.300687687218488264e+00
-5.256030873593068087e+00 -4.909557246647203499e+00 -4.376784108264295980e+00 -3.693611969138042017e+00 -2.905332779468077664e+00 -2.057781858155602439e+00 -1.200699223216260103e+00 4.314538437903422952e-01 7.031550098758551082e-01 1.905967242907395498e+00 2.971442321845625401e+00 4.067181807658360349e+00 5.127932638875730476e+00 6.072575550517545828e+00 6.816328336835196566e+00 7.283783951957929936e+00
-5.241175670051542390e+00 -4.896450276080932973e+00 -4.366276710733091093e+00 -3.686210643714139756e+00 -2.901248570237594304e+00 -2.057274910921305100e+00 -1.205464083720904078e+00 4.431503685590921227e-01 7.045181707965286755e-01 1.910922298454851953e+00 2.971690861295324115e+00 4.062955207496894872e+00 5.119002537627275196e+00 6.059071469570102231e+00 6.798964787914756336e+00 7.263847809526165378e+00
-5.224076734852657111e+00 -4.881370380317241242e+00 -4.354201415826497445e+00 -3.677731367018798547e+00 -2.896622615997832106e+00 -2.056829280175714647e+00 -1.211197814582206655e+00 4.564278138675502139e-01 7.062440122065658521e-01 1.916900631453927417e+00 2.972116231828491717e+00 4.058167102171371887e+00 5.108764781538361888e+00 6.043547104828010497e+00 6.778984878576481243e+00 7.240899698081599389e+00
-5.204751864044813381e+00 -4.864336171692928978e+00 -4.340579037474299184e+00 -3.668200099101841971e+00 -2.891491736317366001e+00 -2.056503329479410613e+00 -1.217993657660338735e+00 4.711926586356646185e-01 7.083900536226025446e-01 1.924012558466788425e+00 2.972777666742069780e+00 4.052855551802131195e+00 5.097247788340733443e+00 6.026027001239558700e+00 6.756412109682123024e+00 7.214963153020764963e+00
-5.183221180942156003e+00 -4.845368715033232299e+00 -4.325433147468030093e+00 -3.657646217894022111e+00 -2.885897451337724462e+00 -2.056362260599191583e+00 -1.225952063026231498e+00 4.873393793496812454e-01 7.110161621182514713e-01 1.932381674489006995e+00 2.973742130120513583e+00 4.047063697693948470e+00 5.084483791495945759e+00 6.006538977904545717e+00 6.731273081930118529e+00 7.186064786979985186e+00
-5.159507119240058337e+00 -4.824491516962062576e+00 -4.308790068649368976e+00 -3.646102500000428126e+00 -2.879885891558634725e+00 -2.056477718246180864e+00 -1.235178766185680121e+00 5.047509572877066919e-01 7.141826342049194531e-01 1.942143951143008973e+00 2.975084202450009041e+00 4.040839753564069881e+00 5.070508848162673665e+00 5.985114128809070344e+00 6.703597483706830396e+00 7.154234267295522365e+00
-5.133634404259441730e+00 -4.801730514097280356e+00 -4.290678867089279258e+00 -3.633605097455554933e+00 -2.873507690031527506e+00 -2.056927326811065271e+00 -1.245782702240330719e+00 5.232996401571672340e-01 7.179481409821509841e-01 1.953446517691715734e+00 2.976885920982184519e+00 4.034236988712144090e+00 5.055362846769759777e+00 5.961786823723989492e+00 6.673418077777196977e+00 7.119504290969581817e+00
-5.105630032359978365e+00 -4.777114060177576782e+00 -4.271131343170015526e+00 -3.620193509796628017e+00 -2.866817854703366919e+00 -2.057794154309347867e+00 -1.257873803656766931e+00 5.428480142703224764e-01 7.223675927505374128e-01 1.966446065969170931e+00 2.979236563475314181e+00 4.027313700467054502e+00 5.039089513649863683e+00 5.936594709271182602e+00 6.640770686905113962e+00 7.081910557196506417e+00
-5.075523248566985224e+00 -4.750672912172656304e+00 -4.250182021462373783e+00 -3.605910550719559016e+00 -2.859875618477453862e+00 -2.059166099611004608e+00 -1.271560740123697464e+00 5.632504368703759035e-01 7.274899923228993481e-01 1.981306828053597702e+00 2.982232362620746091e+00 4.020133172810109734e+00 5.021736418073530217e+00 5.909578710149853364e+00 6.605694178504060154e+00 7.041491737509996796e+00
-5.043345522462344910e+00 -4.722440215432575528e+00 -4.227868139268231573e+00 -3.590802308483785676e+00 -2.852744264419643017e+00 -2.061135200338494400e+00 -1.286948668615437663e+00 5.843548632607321602e-01 7.333563570034330459e-01 1.998198092162810413e+00 2.985976137332880143e+00 4.012763617605014765e+00 5.003354974893587048e+00 5.880783030498429653e+00 6.568230448426460200e+00 6.998289443618588734e+00
-5.009130522396071150e+00 -4.692451487936843968e+00 -4.204229633671399569e+00 -3.574918099129002158e+00 -2.845490923448458886e+00 -2.063796860600954908e+00 -1.304137067716526044e+00 6.060050783153061449e-01 7.399977959690847706e-01 2.017291249521677265e+00 2.990576826284737866e+00 4.005278094370960495e+00 4.984000443857291351e+00 5.850255155344661340e+00 6.528424404012064031e+00 6.952348193004903365e+00
-4.972914088080782058e+00 -4.660744603708645961e+00 -4.179309126909993566e+00 -3.558310411458724509e+00 -2.838186341820453151e+00 -2.067248999992496561e+00 -1.323217731232620098e+00 6.280433062992907267e-01 7.474338311520751787e-01 2.038756403289156971e+00 2.996148908790008836e+00 3.997754404023007080e+00 4.963731924470019763e+00 5.818045852068458146e+00 6.486323946522462691e+00 6.903715372370698766e+00
-4.934734201639556339e+00 -4.627359775464098490e+00 -4.153151909847928813e+00 -3.541034842634470881e+00 -2.830904615771626887e+00 -2.071591127986423864e+00 -1.344272991375891957e+00 6.503131282856875472e-01 7.556710447490334603e-01 2.062758618413704337e+00 3.002811698579136213e+00 3.990274951494098499e+00 4.942612345098238436e+00 5.784209171764280732e+00 6.441979953099305156e+00 6.852441199017933471e+00
-4.894630957185364117e+00 -4.592339536572369596e+00 -4.125805923283700771e+00 -3.523150023111121243e+00 -2.823722890818573195e+00 -2.076923350933419066e+00 -1.367374231349612446e+00 6.726625870930559303e-01 7.647021249292094147e-01 2.089453944140214237e+00 3.010688497432167487e+00 3.982926571663533810e+00 4.920708444775154788e+00 5.748802450344498993e+00 6.395446258391442207e+00 6.798578680266302854e+00
-4.852646529019817301e+00 -4.555728722407767606e+00 -4.097321736789605318e+00 -3.504717529532392906e+00 -2.816721023475035501e+00 -2.083345322200846894e+00 -1.392580731738959576e+00 6.949473127112384407e-01 7.745053637288586978e-01 2.118985391556835296e+00 3.019905598255971491e+00 3.975800312581544649e+00 4.898090745926209522e+00 5.711886309167842235e+00 6.346779636003093472e+00 6.742183571014243704e+00
-4.808825138551021894e+00 -4.517574451183028472e+00 -4.067752524724078889e+00 -3.485801784096359768e+00 -2.809981203515564019e+00 -2.090955149408893821e+00 -1.419938876228227231e+00 7.170334658136061634e-01 7.850446387832693551e-01 2.151479087658933587e+00 3.030591131247111658e+00 3.968991169635654348e+00 4.874833515956624730e+00 5.673524654907699194e+00 6.296039779922600665e+00 6.683314329563097900e+00
-4.763213020043298940e+00 -4.477926104361680260e+00 -4.037154039004462902e+00 -3.466469938800581740e+00 -2.803587535432006117e+00 -2.099848276018859039e+00 -1.449481721775918164e+00 7.388002826279600477e-01 7.962698852911556102e-01 2.187040845220189489e+00 3.042873752414950950e+00 3.962597764099603737e+00 4.851014715345545625e+00 5.633784678290946424e+00 6.243289286094757529e+00 6.622032071833113598e+00
-4.715858385329410929e+00 -4.436835306760433362e+00 -4.005584578166129006e+00 -3.446791742887609811e+00 -2.797625578389494994e+00 -2.110116357472396231e+00 -1.481228918612606194e+00 7.601420182729733410e-01 8.081180385257886734e-01 2.225753376890001078e+00 3.056881180986292801e+00 3.956721959498016528e+00 4.826715929572753971e+00 5.592736851237110507e+00 6.188593634303533264e+00 6.558400524113036312e+00
-4.666811387637347153e+00 -4.394355906469435524e+00 -3.973104952168458937e+00 -3.426839391740239549e+00 -2.792181844799895174e+00 -2.121846154414985364e+00 -1.515186948213022911e+00 7.809691298391978620e-01 8.205144023739735504e-01 2.267674339898815283e+00 3.072738600935206232e+00 3.951468409473136045e+00 4.802022281868429943e+00 5.550454921806626807e+00 6.132021170531832155e+00 6.492485974497626877e+00
-4.616124084712057929e+00 -4.350543954743495867e+00 -3.939778442338361053e+00 -3.406687355428495323e+00 -2.787343258589571438e+00 -2.135118467020436839e+00 -1.551349634184526316e+00 8.012086106453701895e-01 8.333743775973608825e-01 2.312835328604913698e+00 3.090566951721335442e+00 3.946944031424894028e+00 4.777022323434447770e+00 5.507015906225899649e+00 6.073643089962067698e+00 6.424357223182049381e+00
-4.563850401450338268e+00 -4.305457686053519417e+00 -3.905670755770015656e+00 -3.386412185091970173e+00 -2.783196575329330180e+00 -2.150007134859542646e+00 -1.589698872604092816e+00 8.208034726376211010e-01 8.466054661547128823e-01 2.361241846186905580e+00 3.110481143669269422e+00 3.943257401183376754e+00 4.751807897446330031e+00 5.462500077088424888e+00 6.013533420774166416e+00 6.354085531799420927e+00
-4.510046092317925748e+00 -4.259157498542139209e+00 -3.870849973428525992e+00 -3.366092295360725295e+00 -2.779827767593755272e+00 -2.166578125981501124e+00 -1.630205524837428754e+00 8.397114603449690184e-01 8.601094559272843831e-01 2.412874198358287092e+00 3.132588243429845321e+00 3.940518065428982641e+00 4.726473972825271375e+00 5.416990946637183946e+00 5.951769008885940515e+00 6.281744572005633742e+00
-4.454768703889003589e+00 -4.211705935208406970e+00 -3.835386491137161791e+00 -3.345807721077973529e+00 -2.777321380182486976e+00 -2.184888736842216517e+00 -1.672830416806342368e+00 8.579031525055532681e-01 8.737846840660179470e-01 2.467689175612904684e+00 3.156985683589075720e+00 3.938835770554053095e+00 4.701118443488661036e+00 5.370575243807630628e+00 5.888429503761923200e+00 6.207410373539160808e+00
-4.398077537949128590e+00 -4.163167666270775058e+00 -3.799352952571710240e+00 -3.325639846696818669e+00 -2.775759861114036831e+00 -2.204986921458730098e+00 -1.717525393139779588e+00 8.753596553163740523e-01 8.875282770949475264e-01 2.525622337353830460e+00 3.183759556608752206e+00 3.938319609187267201e+00 4.675841888570847260e+00 5.323342883450971286e+00 5.823597345390829183e+00 6.131161272008578855e+00
-4.340033615749154805e+00 -4.113609473347282552e+00 -3.762824173347561807e+00 -3.305671106877874355e+00 -2.775222875518775556e+00 -2.226910763831660756e+00 -1.764234381549649511e+00 8.920701090666981470e-01 9.012382717320306380e-01 2.586590686651366156e+00 3.212983055843158464e+00 3.939077088673221816e+00 4.650747288983701822e+00 5.275386925861949017e+00 5.757357752496972125e+00 6.053077856694310199e+00
-4.280699644214442046e+00 -4.063100236386723019e+00 -3.725877055280380379e+00 -3.285984657012180232e+00 -2.775786610619529249e+00 -2.250688102481413821e+00 -1.812894430993831074e+00 9.080292189024058436e-01 9.148155317139571308e-01 2.650495527419463926e+00 3.244715124584758748e+00 3.941213129358454026e+00 4.625939695695251430e+00 5.226803524399170620e+00 5.689798712004932923e+00 5.973242918691547665e+00
-4.220139985244094838e+00 -4.011710924746616058e+00 -3.688590489949457041e+00 -3.266664012615348778e+00 -2.777523080780965437e+00 -2.276336310169596810e+00 -1.863436695731582660e+00 9.232349868457995212e-01 9.281653920114425471e-01 2.717225320720514148e+00 3.278999367583919522e+00 3.944829004470571387e+00 4.601525845282602667e+00 5.177691858608783448e+00 5.621010969718864381e+00 5.891741399776618593e+00
-4.158420629747669572e+00 -3.959514594549898181e+00 -3.651045250823472088e+00 -3.247792656747070517e+00 -2.780499441986841624e+00 -2.303862225820342946e+00 -1.915787345448510370e+00 9.376867747958556043e-01 9.411989816268162556e-01 2.786658395408340372e+00 3.315863268455225832e+00 3.950021237512346239e+00 4.577613718708316348e+00 5.128154049837749362e+00 5.551088022106853259e+00 5.808660342453748626e+00
-4.095609178885046830e+00 -3.906586395643745657e+00 -3.613323873468902825e+00 -3.229453614730491307e+00 -2.784777324877633742e+00 -2.333262229571501312e+00 -1.969868388662942227e+00 9.513837760954746425e-01 9.538341982625627713e-01 2.858665411954814495e+00 3.355317741608091264e+00 3.956880477189671730e+00 4.554312039917189026e+00 5.078295055847021011e+00 5.480126108997403378e+00 5.724088841749475520e+00
-4.031774836319367949e+00 -3.853003593451831854e+00 -3.575510523819907416e+00 -3.211728995335880299e+00 -2.790412194381433064e+00 -2.364522445917804472e+00 -2.025598402254053632e+00 9.643239238557581583e-01 9.659963308489103451e-01 2.933111520200038402e+00 3.397357030120348398e+00 3.965490373656558987e+00 4.531729711795008164e+00 5.028222540394554407e+00 5.408224206901214082e+00 5.638117999489338672e+00
-3.966988417564841995e+00 -3.798845614339833698e+00 -3.537690855254253197e+00 -3.194699496979314102e+00 -2.797452741584047775e+00 -2.397619053998583993e+00 -2.082893163936381686e+00 9.765032226446528352e-01 9.776183474043336208e-01 3.009858187409225394e+00 3.441958942949367994e+00 3.975926482965230324e+00 4.509975188297953075e+00 4.978046713126446754e+00 5.335484022578570240e+00 5.550840882062876958e+00
-3.901322386493034422e+00 -3.744194128902071483e+00 -3.499951856454198484e+00 -3.178443875837130506e+00 -2.805940309099698382e+00 -2.432518677824252684e+00 -2.141666186636734803e+00 9.879154589856717905e-01 9.886408842394582841e-01 3.088764700266303898e+00 3.489085407773503622e+00 3.988255228723182277e+00 4.489155783162672719e+00 4.927880134334327700e+00 5.262009986398732408e+00 5.462352483144686133e+00
-3.834850936309214919e+00 -3.689133197978490042e+00 -3.462381693967284679e+00 -3.163038369005695571e+00 -2.815908343502993461e+00 -2.469178821616904607e+00 -2.201829153672536510e+00 9.985522259562804592e-01 9.990119866727596998e-01 3.169689363011769512e+00 3.538683301124361691e+00 4.002532950781867882e+00 4.469376917511882930e+00 4.877837478068888011e+00 5.187909245033735850e+00 5.372749693672996152e+00
-3.767650146114327914e+00 -3.633749525639637934e+00 -3.425069556306055141e+00 -3.148556057643001616e+00 -2.827381854734131839e+00 -2.507548304306909781e+00 -2.263292250660014382e+00 1.008403187214855556e+00 1.008686660272800184e+00 3.252490424759455934e+00 3.590685506440914665e+00 4.018805070095029741e+00 4.450741310794954941e+00 4.828035245431163247e+00 5.113291653196570863e+00 5.282131282979753095e+00
-3.699798271863928623e+00 -3.578132901361718243e+00 -3.388105510479366256e+00 -3.135066137236367734e+00 -2.840376837214859229e+00 -2.547567628099077108e+00 -2.325964382554837062e+00 1.017456504411448970e+00 1.017626294853293700e+00 3.337026773567100424e+00 3.645012143800016258e+00 4.037105396579416805e+00 4.433348121637197714e+00 4.778591416823781302e+00 5.038269764713187548e+00 5.190597898206129379e+00
-3.631376289648541089e+00 -3.522376992023528164e+00 -3.351580386072850359e+00 -3.122633022334867725e+00 -2.854899558154419648e+00 -2.589169179252106989e+00 -2.389753248413515774e+00 1.025699357200979600e+00 1.025798021323442111e+00 3.423158434580904519e+00 3.701571912232703987e+00 4.057455602923418780e+00 4.417292046856610810e+00 4.729625025583755971e+00 4.962958824767295773e+00 5.098252096212174678e+00
-3.562468945177204471e+00 -3.466580817132133063e+00 -3.315585700190756935e+00 -3.111315119141110141e+00 -2.870945514969460266e+00 -2.632277082755390296e+00 -2.454565213628531861e+00 1.033118494984023306e+00 1.033174054875339642e+00 3.510746905626880299e+00 3.760263485841570663e+00 4.079864881978601865e+00 4.402662387042437508e+00 4.681255620360028402e+00 4.887476769097316875e+00 5.005198438969788555e+00
-3.493166906268909244e+00 -3.410851652932918920e+00 -3.280213599095138211e+00 -3.101162860313329883e+00 -2.888497627240922849e+00 -2.676806362044915399e+00 -2.520304847960582073e+00 1.039700772181264998e+00 1.039731068096810596e+00 3.599655356234508385e+00 3.820976906478934065e+00 4.104329798794347006e+00 4.389542082724878114e+00 4.633602543507367777e+00 4.811944246155626992e+00 4.911543727464367848e+00
-3.423571587996711241e+00 -3.355311197121059852e+00 -3.245556579643261053e+00 -3.092214924753807548e+00 -2.907522633776019383e+00 -2.722660643125643265e+00 -2.586873829948192594e+00 1.045433632644686250e+00 1.045449625852171716e+00 3.689748703715997280e+00 3.883594914527526587e+00 4.130834340111930736e+00 4.378006707117213736e+00 4.586783830850496457e+00 4.736484706757980057e+00 4.817397580568105298e+00
-3.353807445815810251e+00 -3.300110073718811599e+00 -3.211705643877648342e+00 -3.084489418669609240e+00 -2.927962982851802565e+00 -2.769726543660488982e+00 -2.654168482524845718e+00 1.050305522314554318e+00 1.050313701605490424e+00 3.780893556529137278e+00 3.947994145293045598e+00 4.159350150701811799e+00 4.368123335856143541e+00 4.540914097732843935e+00 4.661224695206139579e+00 4.722874031661263849e+00
-3.284059854937317002e+00 -3.245467252202172581e+00 -3.178739040354056300e+00 -3.077958649103058608e+00 -2.949715969758652356e+00 -2.817859540369718641e+00 -2.722073913517676136e+00 1.054306221313478398e+00 1.054310283552938987e+00 3.872957960671702615e+00 4.014046059606676486e+00 4.189836907135911837e+00 4.359948947287355381e+00 4.496098736371905602e+00 4.586294811011433659e+00 4.628096939072661620e+00
-3.214733977304594426e+00 -3.191802435990700015e+00 -3.146643460869347209e+00 -3.072456895692053713e+00 -2.972569457048479524e+00 -2.866843854243977585e+00 -2.790448153753948279e+00 1.057427096485811457e+00 1.057429069503554864e+00 3.965810726809344544e+00 4.081617242778103005e+00 4.222242588537402419e+00 4.353526598168713235e+00 4.452407520450580414e+00 4.511833461416709490e+00 4.533226576534308272e+00
-3.147647030984003891e+00 -3.140355187391318026e+00 -3.114439146258629609e+00 -3.067204038385454634e+00 -2.995938212420456992e+00 -2.916249730349955271e+00 -2.859068386548508922e+00 1.059661282403588478e+00 1.059662242593736536e+00 4.059319534152542097e+00 4.150567575316644664e+00 4.256501956105923412e+00 4.348865574948751700e+00 4.409559082728307544e+00 4.438008706243184776e+00 4.438778423627081082e+00
-3.098567580851583791e+00 -3.097599103982813684e+00 -3.069882200686163465e+00 -3.057178942829629875e+00 -3.016903450044999602e+00 -2.964645897783829032e+00 -2.927349761234100178e+00 1.061003802837373833e+00 1.061004315981590063e+00 4.153343969548783932e+00 4.220736069701847448e+00 4.292505169795382436e+00 4.341961979231181878e+00 4.345470824025308154e+00 4.365503105998800315e+00 4.370620346074262308e+00
-3.083254059175211559e+00 -3.081791698111107092e+00 -3.041020987107613482e+00 -3.037008983017538188e+00 -3.003381445963110963e+00 -2.997697819838470057e+00 -2.985044196751089451e+00 1.061451645698492152e+00 1.061452033643416115e+00 4.246787662988691814e+00 4.248634796577101191e+00 4.289559442791114563e+00 4.294357692948422844e+00 4.327559123259558049e+00 4.333538956398089503e+00 4.345880481440689280e+00
