1  0.870120  0.080897
2  0.496162  0.517139
3  0.582527  0.432225
4  0.498244  0.504962
5  0.532291  0.476732
6  0.501343  0.500323
7  0.513717  0.490933
8  0.505605  0.496781
9  0.505605  0.496781
10  0.513717  0.490933
11  0.501343  0.500323
12  0.532291  0.476732
13  0.498244  0.504962
14  0.582527  0.432225
15  0.496162  0.517139
16  0.870120  0.080897
17  0.870120  0.080897
18  0.496162  0.517139
19  0.582527  0.432225
20  0.498244  0.504962
21  0.532291  0.476732
22  0.501343  0.500323
23  0.513717  0.490933
24  0.505605  0.496781
25  0.505605  0.496781
26  0.513717  0.490933
27  0.501343  0.500323
28  0.532291  0.476732
29  0.498244  0.504962
30  0.582527  0.432225
31  0.496162  0.517139
32  0.870120  0.080897
33  0.870120  0.080897
34  0.496162  0.517139
35  0.582527  0.432225
36  0.498244  0.504962
37  0.532291  0.476732
38  0.501343  0.500323
39  0.513717  0.490933
40  0.505605  0.496781
41  0.505605  0.496781
42  0.513717  0.490933
43  0.501343  0.500323
44  0.532291  0.476732
45  0.498244  0.504962
46  0.582527  0.432225
47  0.496162  0.517139
48  0.870120  0.080897
49  0.870120  0.080897
50  0.496162  0.517139
51  0.582527  0.432225
52  0.498244  0.504962
53  0.532291  0.476732
54  0.501343  0.500323
55  0.513717  0.490933
56  0.505605  0.496781
57  0.505605  0.496781
58  0.513717  0.490933
59  0.501343  0.500323
60  0.532291  0.476732
61  0.498244  0.504962
62  0.582527  0.432225
63  0.496162  0.517139
64  0.870120  0.080897
65  0.870120  0.080897
66  0.496162  0.517139
67  0.582527  0.432225
68  0.498244  0.504962
69  0.532291  0.476732
70  0.501343  0.500323
71  0.513717  0.490933
72  0.505605  0.496781
73  0.505605  0.496781
74  0.513717  0.490933
75  0.501343  0.500323
76  0.532291  0.476732
77  0.498244  0.504962
78  0.582527  0.432225
79  0.496162  0.517139
80  0.870120  0.080897
81  0.870120  0.080897
82  0.496162  0.517139
83  0.582527  0.432225
84  0.498244  0.504962
85  0.532291  0.476732
86  0.501343  0.500323
87  0.513717  0.490933
88  0.505605  0.496781
89  0.505605  0.496781
90  0.513717  0.490933
91  0.501343  0.500323
92  0.532291  0.476732
93  0.498244  0.504962
94  0.582527  0.432225
95  0.496162  0.517139
96  0.870120  0.080897
97  0.870120  0.080897
98  0.496162  0.517139
99  0.582527  0.432225
100  0.498244  0.504962
101  0.532291  0.476732
102  0.501343  0.500323
103  0.513717  0.490933
104  0.505605  0.496781
105  0.505605  0.496781
106  0.513717  0.490933
107  0.501343  0.500323
108  0.532291  0.476732
109  0.498244  0.504962
110  0.582527  0.432225
111  0.496162  0.517139
112  0.870120  0.080897
113  0.870120  0.080897
114  0.496162  0.517139
115  0.582527  0.432225
116  0.498244  0.504962
117  0.532291  0.476732
118  0.501343  0.500323
119  0.513717  0.490933
120  0.505605  0.496781
121  0.505605  0.496781
122  0.513717  0.490933
123  0.501343  0.500323
124  0.532291  0.476732
125  0.498244  0.504962
126  0.582527  0.432225
127  0.496162  0.517139
128  0.870120  0.080897
129  0.870120  0.080897
130  0.496162  0.517139
131  0.582527  0.432225
132  0.498244  0.504962
133  0.532291  0.476732
134  0.501343  0.500323
135  0.513717  0.490933
136  0.505605  0.496781
137  0.505605  0.496781
138  0.513717  0.490933
139  0.501343  0.500323
140  0.532291  0.476732
141  0.498244  0.504962
142  0.582527  0.432225
143  0.496162  0.517139
144  0.870120  0.080897
145  0.870120  0.080897
146  0.496162  0.517139
147  0.582527  0.432225
148  0.498244  0.504962
149  0.532291  0.476732
150  0.501343  0.500323
151  0.513717  0.490933
152  0.505605  0.496781
153  0.505605  0.496781
154  0.513717  0.490933
155  0.501343  0.500323
156  0.532291  0.476732
157  0.498244  0.504962
158  0.582527  0.432225
159  0.496162  0.517139
160  0.870120  0.080897
