1  -18.960000  16.600000  0.000000  0
2  -3.930000  0.000000  0.000000  1
3  3.930000  0.000000  21.400000  2
4  18.960000  16.600000  21.400000  3
5  26.840000  16.600000  0.000000  0
6  41.870000  0.000000  0.000000  1
7  49.730000  0.000000  21.400000  2
8  64.760000  16.600000  21.400000  3
9  72.640000  16.600000  0.000000  0
10  87.670000  0.000000  0.000000  1
11  95.530000  0.000000  21.400000  2
12  110.560000  16.600000  21.400000  3
13  118.440000  16.600000  0.000000  0
14  133.470000  0.000000  0.000000  1
15  141.330000  0.000000  21.400000  2
16  156.360000  16.600000  21.400000  3
17  -18.960000  49.800000  0.000000  0
18  -3.930000  33.200000  0.000000  1
19  3.930000  33.200000  21.400000  2
20  18.960000  49.800000  21.400000  3
21  26.840000  49.800000  0.000000  0
22  41.870000  33.200000  0.000000  1
23  49.730000  33.200000  21.400000  2
24  64.760000  49.800000  21.400000  3
25  72.640000  49.800000  0.000000  0
26  87.670000  33.200000  0.000000  1
27  95.530000  33.200000  21.400000  2
28  110.560000  49.800000  21.400000  3
29  118.440000  49.800000  0.000000  0
30  133.470000  33.200000  0.000000  1
31  141.330000  33.200000  21.400000  2
32  156.360000  49.800000  21.400000  3
33  -18.960000  83.000000  0.000000  0
34  -3.930000  66.400000  0.000000  1
35  3.930000  66.400000  21.400000  2
36  18.960000  83.000000  21.400000  3
37  26.840000  83.000000  0.000000  0
38  41.870000  66.400000  0.000000  1
39  49.730000  66.400000  21.400000  2
40  64.760000  83.000000  21.400000  3
41  72.640000  83.000000  0.000000  0
42  87.670000  66.400000  0.000000  1
43  95.530000  66.400000  21.400000  2
44  110.560000  83.000000  21.400000  3
45  118.440000  83.000000  0.000000  0
46  133.470000  66.400000  0.000000  1
47  141.330000  66.400000  21.400000  2
48  156.360000  83.000000  21.400000  3
49  -18.960000  116.200000  0.000000  0
50  -3.930000  99.600000  0.000000  1
51  3.930000  99.600000  21.400000  2
52  18.960000  116.200000  21.400000  3
53  26.840000  116.200000  0.000000  0
54  41.870000  99.600000  0.000000  1
55  49.730000  99.600000  21.400000  2
56  64.760000  116.200000  21.400000  3
57  72.640000  116.200000  0.000000  0
58  87.670000  99.600000  0.000000  1
59  95.530000  99.600000  21.400000  2
60  110.560000  116.200000  21.400000  3
61  118.440000  116.200000  0.000000  0
62  133.470000  99.600000  0.000000  1
63  141.330000  99.600000  21.400000  2
64  156.360000  116.200000  21.400000  3
65  -18.960000  149.400000  0.000000  0
66  -3.930000  132.800000  0.000000  1
67  3.930000  132.800000  21.400000  2
68  18.960000  149.400000  21.400000  3
69  26.840000  149.400000  0.000000  0
70  41.870000  132.800000  0.000000  1
71  49.730000  132.800000  21.400000  2
72  64.760000  149.400000  21.400000  3
73  72.640000  149.400000  0.000000  0
74  87.670000  132.800000  0.000000  1
75  95.530000  132.800000  21.400000  2
76  110.560000  149.400000  21.400000  3
77  118.440000  149.400000  0.000000  0
78  133.470000  132.800000  0.000000  1
79  141.330000  132.800000  21.400000  2
80  156.360000  149.400000  21.400000  3
81  -18.960000  182.600000  0.000000  0
82  -3.930000  166.000000  0.000000  1
83  3.930000  166.000000  21.400000  2
84  18.960000  182.600000  21.400000  3
85  26.840000  182.600000  0.000000  0
86  41.870000  166.000000  0.000000  1
87  49.730000  166.000000  21.400000  2
88  64.760000  182.600000  21.400000  3
89  72.640000  182.600000  0.000000  0
90  87.670000  166.000000  0.000000  1
91  95.530000  166.000000  21.400000  2
92  110.560000  182.600000  21.400000  3
93  118.440000  182.600000  0.000000  0
94  133.470000  166.000000  0.000000  1
95  141.330000  166.000000  21.400000  2
96  156.360000  182.600000  21.400000  3
97  -18.960000  215.800000  0.000000  0
98  -3.930000  199.200000  0.000000  1
99  3.930000  199.200000  21.400000  2
100  18.960000  215.800000  21.400000  3
101  26.840000  215.800000  0.000000  0
102  41.870000  199.200000  0.000000  1
103  49.730000  199.200000  21.400000  2
104  64.760000  215.800000  21.400000  3
105  72.640000  215.800000  0.000000  0
106  87.670000  199.200000  0.000000  1
107  95.530000  199.200000  21.400000  2
108  110.560000  215.800000  21.400000  3
109  118.440000  215.800000  0.000000  0
110  133.470000  199.200000  0.000000  1
111  141.330000  199.200000  21.400000  2
112  156.360000  215.800000  21.400000  3
113  -18.960000  249.000000  0.000000  0
114  -3.930000  232.400000  0.000000  1
115  3.930000  232.400000  21.400000  2
116  18.960000  249.000000  21.400000  3
117  26.840000  249.000000  0.000000  0
118  41.870000  232.400000  0.000000  1
119  49.730000  232.400000  21.400000  2
120  64.760000  249.000000  21.400000  3
121  72.640000  249.000000  0.000000  0
122  87.670000  232.400000  0.000000  1
123  95.530000  232.400000  21.400000  2
124  110.560000  249.000000  21.400000  3
125  118.440000  249.000000  0.000000  0
126  133.470000  232.400000  0.000000  1
127  141.330000  232.400000  21.400000  2
128  156.360000  249.000000  21.400000  3
129  -18.960000  282.200000  0.000000  0
130  -3.930000  265.600000  0.000000  1
131  3.930000  265.600000  21.400000  2
132  18.960000  282.200000  21.400000  3
133  26.840000  282.200000  0.000000  0
134  41.870000  265.600000  0.000000  1
135  49.730000  265.600000  21.400000  2
136  64.760000  282.200000  21.400000  3
137  72.640000  282.200000  0.000000  0
138  87.670000  265.600000  0.000000  1
139  95.530000  265.600000  21.400000  2
140  110.560000  282.200000  21.400000  3
141  118.440000  282.200000  0.000000  0
142  133.470000  265.600000  0.000000  1
143  141.330000  265.600000  21.400000  2
144  156.360000  282.200000  21.400000  3
145  -18.960000  315.400000  0.000000  0
146  -3.930000  298.800000  0.000000  1
147  3.930000  298.800000  21.400000  2
148  18.960000  315.400000  21.400000  3
149  26.840000  315.400000  0.000000  0
150  41.870000  298.800000  0.000000  1
151  49.730000  298.800000  21.400000  2
152  64.760000  315.400000  21.400000  3
153  72.640000  315.400000  0.000000  0
154  87.670000  298.800000  0.000000  1
155  95.530000  298.800000  21.400000  2
156  110.560000  315.400000  21.400000  3
157  118.440000  315.400000  0.000000  0
158  133.470000  298.800000  0.000000  1
159  141.330000  298.800000  21.400000  2
160  156.360000  315.400000  21.400000  3
161  -18.960000  348.600000  0.000000  0
162  -3.930000  332.000000  0.000000  1
163  3.930000  332.000000  21.400000  2
164  18.960000  348.600000  21.400000  3
165  26.840000  348.600000  0.000000  0
166  41.870000  332.000000  0.000000  1
167  49.730000  332.000000  21.400000  2
168  64.760000  348.600000  21.400000  3
169  72.640000  348.600000  0.000000  0
170  87.670000  332.000000  0.000000  1
171  95.530000  332.000000  21.400000  2
172  110.560000  348.600000  21.400000  3
173  118.440000  348.600000  0.000000  0
174  133.470000  332.000000  0.000000  1
175  141.330000  332.000000  21.400000  2
176  156.360000  348.600000  21.400000  3
177  -18.960000  381.800000  0.000000  0
178  -3.930000  365.200000  0.000000  1
179  3.930000  365.200000  21.400000  2
180  18.960000  381.800000  21.400000  3
181  26.840000  381.800000  0.000000  0
182  41.870000  365.200000  0.000000  1
183  49.730000  365.200000  21.400000  2
184  64.760000  381.800000  21.400000  3
185  72.640000  381.800000  0.000000  0
186  87.670000  365.200000  0.000000  1
187  95.530000  365.200000  21.400000  2
188  110.560000  381.800000  21.400000  3
189  118.440000  381.800000  0.000000  0
190  133.470000  365.200000  0.000000  1
191  141.330000  365.200000  21.400000  2
192  156.360000  381.800000  21.400000  3
193  -18.960000  415.000000  0.000000  0
194  -3.930000  398.400000  0.000000  1
195  3.930000  398.400000  21.400000  2
196  18.960000  415.000000  21.400000  3
197  26.840000  415.000000  0.000000  0
198  41.870000  398.400000  0.000000  1
199  49.730000  398.400000  21.400000  2
200  64.760000  415.000000  21.400000  3
201  72.640000  415.000000  0.000000  0
202  87.670000  398.400000  0.000000  1
203  95.530000  398.400000  21.400000  2
204  110.560000  415.000000  21.400000  3
205  118.440000  415.000000  0.000000  0
206  133.470000  398.400000  0.000000  1
207  141.330000  398.400000  21.400000  2
208  156.360000  415.000000  21.400000  3
209  -18.960000  448.200000  0.000000  0
210  -3.930000  431.600000  0.000000  1
211  3.930000  431.600000  21.400000  2
212  18.960000  448.200000  21.400000  3
213  26.840000  448.200000  0.000000  0
214  41.870000  431.600000  0.000000  1
215  49.730000  431.600000  21.400000  2
216  64.760000  448.200000  21.400000  3
217  72.640000  448.200000  0.000000  0
218  87.670000  431.600000  0.000000  1
219  95.530000  431.600000  21.400000  2
220  110.560000  448.200000  21.400000  3
221  118.440000  448.200000  0.000000  0
222  133.470000  431.600000  0.000000  1
223  141.330000  431.600000  21.400000  2
224  156.360000  448.200000  21.400000  3
225  -18.960000  481.400000  0.000000  0
226  -3.930000  464.800000  0.000000  1
227  3.930000  464.800000  21.400000  2
228  18.960000  481.400000  21.400000  3
229  26.840000  481.400000  0.000000  0
230  41.870000  464.800000  0.000000  1
231  49.730000  464.800000  21.400000  2
232  64.760000  481.400000  21.400000  3
233  72.640000  481.400000  0.000000  0
234  87.670000  464.800000  0.000000  1
235  95.530000  464.800000  21.400000  2
236  110.560000  481.400000  21.400000  3
237  118.440000  481.400000  0.000000  0
238  133.470000  464.800000  0.000000  1
239  141.330000  464.800000  21.400000  2
240  156.360000  481.400000  21.400000  3
241  -18.960000  514.600000  0.000000  0
242  -3.930000  498.000000  0.000000  1
243  3.930000  498.000000  21.400000  2
244  18.960000  514.600000  21.400000  3
245  26.840000  514.600000  0.000000  0
246  41.870000  498.000000  0.000000  1
247  49.730000  498.000000  21.400000  2
248  64.760000  514.600000  21.400000  3
249  72.640000  514.600000  0.000000  0
250  87.670000  498.000000  0.000000  1
251  95.530000  498.000000  21.400000  2
252  110.560000  514.600000  21.400000  3
253  118.440000  514.600000  0.000000  0
254  133.470000  498.000000  0.000000  1
255  141.330000  498.000000  21.400000  2
256  156.360000  514.600000  21.400000  3
257  -18.960000  547.800000  0.000000  0
258  -3.930000  531.200000  0.000000  1
259  3.930000  531.200000  21.400000  2
260  18.960000  547.800000  21.400000  3
261  26.840000  547.800000  0.000000  0
262  41.870000  531.200000  0.000000  1
263  49.730000  531.200000  21.400000  2
264  64.760000  547.800000  21.400000  3
265  72.640000  547.800000  0.000000  0
266  87.670000  531.200000  0.000000  1
267  95.530000  531.200000  21.400000  2
268  110.560000  547.800000  21.400000  3
269  118.440000  547.800000  0.000000  0
270  133.470000  531.200000  0.000000  1
271  141.330000  531.200000  21.400000  2
272  156.360000  547.800000  21.400000  3
273  -18.960000  581.000000  0.000000  0
274  -3.930000  564.400000  0.000000  1
275  3.930000  564.400000  21.400000  2
276  18.960000  581.000000  21.400000  3
277  26.840000  581.000000  0.000000  0
278  41.870000  564.400000  0.000000  1
279  49.730000  564.400000  21.400000  2
280  64.760000  581.000000  21.400000  3
281  72.640000  581.000000  0.000000  0
282  87.670000  564.400000  0.000000  1
283  95.530000  564.400000  21.400000  2
284  110.560000  581.000000  21.400000  3
285  118.440000  581.000000  0.000000  0
286  133.470000  564.400000  0.000000  1
287  141.330000  564.400000  21.400000  2
288  156.360000  581.000000  21.400000  3
289  -18.960000  614.200000  0.000000  0
290  -3.930000  597.600000  0.000000  1
291  3.930000  597.600000  21.400000  2
292  18.960000  614.200000  21.400000  3
293  26.840000  614.200000  0.000000  0
294  41.870000  597.600000  0.000000  1
295  49.730000  597.600000  21.400000  2
296  64.760000  614.200000  21.400000  3
297  72.640000  614.200000  0.000000  0
298  87.670000  597.600000  0.000000  1
299  95.530000  597.600000  21.400000  2
300  110.560000  614.200000  21.400000  3
301  118.440000  614.200000  0.000000  0
302  133.470000  597.600000  0.000000  1
303  141.330000  597.600000  21.400000  2
304  156.360000  614.200000  21.400000  3
305  -18.960000  647.400000  0.000000  0
306  -3.930000  630.800000  0.000000  1
307  3.930000  630.800000  21.400000  2
308  18.960000  647.400000  21.400000  3
309  26.840000  647.400000  0.000000  0
310  41.870000  630.800000  0.000000  1
311  49.730000  630.800000  21.400000  2
312  64.760000  647.400000  21.400000  3
313  72.640000  647.400000  0.000000  0
314  87.670000  630.800000  0.000000  1
315  95.530000  630.800000  21.400000  2
316  110.560000  647.400000  21.400000  3
317  118.440000  647.400000  0.000000  0
318  133.470000  630.800000  0.000000  1
319  141.330000  630.800000  21.400000  2
320  156.360000  647.400000  21.400000  3
