0.000000    0.973566   0.002679   -0.000000
0.040000    0.898434   0.010710   0.003201
0.080000    0.786039   0.024075   0.012821
0.120000    0.652217   0.042738   0.028904
0.160000    0.513554   0.066640   0.051530
0.200000    0.384086   0.095689   0.080807
0.240000    0.273234   0.129743   0.116881
0.280000    0.185275   0.168592   0.159928
0.320000    0.120118   0.211928   0.210160
0.360000    0.074790   0.259307   0.267821
0.400000    0.045011   0.310085   0.333157
0.440000    0.026431   0.363321   0.406356
0.480000    0.015356   0.417626   0.487357
0.520000    0.009007   0.470979   0.575508
0.560000    0.005479   0.520689   0.669302
0.600000    0.003562   0.563740   0.767463
0.640000    0.002547   0.597303   0.871892
0.680000    0.002068   0.618109   0.971703
0.720000    0.002012   0.620876   0.966724
0.760000    0.002449   0.601197   0.885070
0.800000    0.003591   0.562922   0.818016
0.840000    0.005727   0.516255   0.769996
0.880000    0.009142   0.469488   0.734914
0.920000    0.014021   0.426722   0.708714
0.960000    0.020354   0.389450   0.689622
1.000000    0.027877   0.357994   0.677378
1.040000    0.036072   0.332225   0.672324
1.080000    0.044218   0.311862   0.674711
1.120000    0.051513   0.296591   0.684413
1.160000    0.057195   0.286128   0.701061
1.200000    0.060667   0.280235   0.724597
1.240000    0.061596   0.278715   0.756147
1.280000    0.059996   0.281348   0.798883
1.320000    0.056286   0.287730   0.858392
1.360000    0.051317   0.296974   0.938164
1.400000    0.046297   0.307268   0.987993
1.440000    0.042584   0.315629   0.910907
1.480000    0.041322   0.318635   0.804126
1.520000    0.043043   0.314555   0.704119
1.560000    0.047380   0.304956   0.608710
1.600000    0.053101   0.293556   0.518318
1.640000    0.058533   0.283816   0.434625
1.680000    0.062261   0.277642   0.358590
1.720000    0.063838   0.275140   0.290437
1.760000    0.064192   0.274587   0.230042
1.800000    0.065494   0.272579   0.177165
1.840000    0.070519   0.265187   0.131559
1.880000    0.081724   0.250440   0.092998
1.920000    0.100400   0.229860   0.061293
1.960000    0.126201   0.206988   0.036288
2.000000    0.157201   0.185023   0.017861
2.040000    0.190391   0.165867   0.005922
2.080000    0.222425   0.150316   0.000414
2.120000    0.250346   0.138491   0.001311
2.160000    0.272103   0.130157   0.008617
2.200000    0.286777   0.124905   0.022367
2.240000    0.294489   0.122251   0.042627
2.280000    0.296102   0.121705   0.069496
2.320000    0.292778   0.122834   0.103106
2.360000    0.285532   0.125340   0.143620
2.400000    0.274895   0.129137   0.191240
2.440000    0.260804   0.134399   0.246198
2.480000    0.242773   0.141563   0.308746
2.520000    0.220318   0.151268   0.379103
2.560000    0.193506   0.164245   0.457332
2.600000    0.163412   0.181148   0.543039
2.640000    0.132261   0.202298   0.635014
2.680000    0.103132   0.227175   0.731606
2.720000    0.079280   0.253477   0.833377
2.760000    0.063280   0.276018   0.940181
2.800000    0.056307   0.287693   0.985828
2.840000    0.057813   0.285054   0.914389
2.880000    0.065708   0.272253   0.839637
2.920000    0.076962   0.256444   0.785496
2.960000    0.088388   0.242602   0.746359
3.000000    0.097344   0.232950   0.717273
3.040000    0.102165   0.228117   0.695712
3.080000    0.102259   0.228025   0.680977
3.120000    0.097960   0.232319   0.673292
3.160000    0.090247   0.240521   0.672995
3.200000    0.080434   0.252031   0.680102
3.240000    0.069909   0.266056   0.694289
3.280000    0.059907   0.281496   0.715299
3.320000    0.051343   0.296923   0.743722
3.360000    0.044713   0.310750   0.781911
3.400000    0.040107   0.321621   0.834622
3.440000    0.037346   0.328752   0.907720
3.480000    0.036221   0.331810   0.982932
3.520000    0.036741   0.330386   0.947972
3.560000    0.039288   0.323684   0.841811
3.600000    0.044595   0.311013   0.739481
3.640000    0.053528   0.292754   0.642554
3.680000    0.066736   0.270701   0.550156
3.720000    0.084293   0.247345   0.463893
3.760000    0.105460   0.224942   0.385046
3.800000    0.128643   0.205071   0.314060
3.840000    0.151582   0.188663   0.250898
3.880000    0.171720   0.176189   0.195345
3.920000    0.186675   0.167839   0.147149
3.960000    0.194691   0.163634   0.106076
