0.000000    0.978791   0.002680   -0.000000
0.040000    0.917872   0.010712   0.003201
0.080000    0.824792   0.024078   0.012821
0.120000    0.710401   0.042741   0.028904
0.160000    0.586762   0.066642   0.051529
0.200000    0.465079   0.095694   0.080806
0.240000    0.354109   0.129769   0.116877
0.280000    0.259356   0.168694   0.159917
0.320000    0.183054   0.212247   0.210143
0.360000    0.124757   0.260174   0.267836
0.400000    0.082244   0.312258   0.333401
0.440000    0.052450   0.368487   0.407547
0.480000    0.032214   0.429419   0.491719
0.520000    0.018775   0.496905   0.589107
0.560000    0.010006   0.575574   0.707081
0.600000    0.004466   0.676414   0.863257
0.640000    0.001333   0.827503   1.074618
0.680000    0.000287   1.019582   1.031509
0.720000    0.001364   0.824704   0.896180
0.760000    0.004815   0.667009   0.817028
0.800000    0.010958   0.564213   0.766168
0.840000    0.020033   0.488799   0.729239
0.880000    0.032071   0.429975   0.699623
0.920000    0.046796   0.382744   0.675027
0.960000    0.063575   0.344442   0.655665
1.000000    0.081441   0.313484   0.642721
1.040000    0.099204   0.288822   0.637286
1.080000    0.115621   0.269680   0.639859
1.120000    0.129610   0.255403   0.650201
1.160000    0.140433   0.245378   0.667402
1.200000    0.147789   0.238996   0.690219
1.240000    0.151768   0.235675   0.717931
1.280000    0.152659   0.234943   0.751736
1.320000    0.150681   0.236574   0.796448
1.360000    0.145739   0.240743   0.862993
1.400000    0.137341   0.248161   0.974566
1.440000    0.124770   0.260160   1.110623
1.480000    0.107501   0.278782   0.934956
1.520000    0.085747   0.307044   0.757432
1.560000    0.060947   0.349719   0.628587
1.600000    0.035952   0.415696   0.524987
1.640000    0.014791   0.526718   0.436570
1.680000    0.001995   0.777146   0.359043
1.720000    0.001647   0.801072   0.290496
1.760000    0.016420   0.513657   0.230028
1.800000    0.046880   0.382520   0.177151
1.840000    0.091271   0.299240   0.131553
1.880000    0.145815   0.240677   0.092996
1.920000    0.205431   0.197831   0.061293
1.960000    0.264656   0.166165   0.036288
2.000000    0.318520   0.143009   0.017861
2.040000    0.363177   0.126608   0.005922
2.080000    0.396224   0.115722   0.000414
2.120000    0.416700   0.109424   0.001311
2.160000    0.424877   0.106994   0.008617
2.200000    0.421976   0.107851   0.022367
2.240000    0.409887   0.111484   0.042627
2.280000    0.390968   0.117391   0.069496
2.320000    0.367897   0.124994   0.103103
2.360000    0.343531   0.133560   0.143612
2.400000    0.320710   0.142152   0.191224
2.440000    0.301958   0.149683   0.246192
2.480000    0.289103   0.155121   0.308864
2.520000    0.282890   0.157837   0.379808
2.560000    0.282701   0.157921   0.460127
2.600000    0.286516   0.156245   0.552207
2.640000    0.291181   0.154226   0.661474
2.680000    0.292989   0.153453   0.800797
2.720000    0.288456   0.155402   0.996989
2.760000    0.275113   0.161322   1.089020
2.800000    0.252100   0.172241   0.936715
2.840000    0.220394   0.189042   0.841125
2.880000    0.182620   0.212543   0.782339
2.920000    0.142488   0.243562   0.741455
2.960000    0.104027   0.282888   0.709654
3.000000    0.070822   0.330948   0.683322
3.040000    0.045465   0.386352   0.661962
3.080000    0.029308   0.441236   0.646561
3.120000    0.022567   0.473911   0.638331
3.160000    0.024649   0.462875   0.638010
3.200000    0.034585   0.420543   0.645629
3.240000    0.051367   0.371094   0.660500
3.280000    0.074119   0.325261   0.681431
3.320000    0.102029   0.285313   0.707379
3.360000    0.134137   0.251112   0.738664
3.400000    0.169073   0.222178   0.778588
3.440000    0.204886   0.198163   0.835441
3.480000    0.239059   0.178881   0.927014
3.520000    0.268734   0.164254   1.077594
3.560000    0.291093   0.154264   1.015090
3.600000    0.303791   0.148927   0.813907
3.640000    0.305330   0.148295   0.671214
3.680000    0.295284   0.152477   0.560173
3.720000    0.274341   0.161673   0.466983
3.760000    0.244181   0.176231   0.385840
3.800000    0.207258   0.196724   0.314200
3.840000    0.166541   0.224064   0.250895
3.880000    0.125270   0.259660   0.195328
3.920000    0.086739   0.305606   0.147140
3.960000    0.054084   0.364652   0.106073
