0.000000    0.958042   0.002679   -0.000000
0.040000    0.842517   0.010710   0.003201
0.080000    0.680317   0.024075   0.012821
0.120000    0.504694   0.042738   0.028904
0.160000    0.344301   0.066640   0.051530
0.200000    0.216316   0.095688   0.080807
0.240000    0.125446   0.129742   0.116881
0.280000    0.067372   0.168595   0.159927
0.320000    0.033667   0.211952   0.210162
0.360000    0.015757   0.259406   0.267834
0.400000    0.006967   0.310414   0.333233
0.440000    0.002943   0.364277   0.406685
0.480000    0.001204   0.420115   0.488544
0.520000    0.000486   0.476805   0.579134
0.560000    0.000199   0.532710   0.678367
0.600000    0.000086   0.584948   0.784275
0.640000    0.000043   0.628512   0.892505
0.680000    0.000027   0.657393   1.003825
0.720000    0.000023   0.666327   0.998943
0.760000    0.000031   0.649059   0.919850
0.800000    0.000059   0.608216   0.864735
0.840000    0.000131   0.558826   0.822303
0.880000    0.000279   0.511489   0.787875
0.920000    0.000545   0.469687   0.760918
0.960000    0.000964   0.433997   0.741441
1.000000    0.001554   0.404202   0.729304
1.040000    0.002291   0.379925   0.724403
1.080000    0.003111   0.360794   0.726710
1.120000    0.003913   0.346462   0.736235
1.160000    0.004582   0.336599   0.753053
1.200000    0.005022   0.330874   0.777309
1.240000    0.005181   0.328928   0.809054
1.280000    0.005062   0.330370   0.848404
1.320000    0.004715   0.334816   0.897901
1.360000    0.004199   0.342063   0.967576
1.400000    0.003559   0.352388   1.028685
1.440000    0.002826   0.366817   0.932415
1.480000    0.002053   0.386775   0.823099
1.520000    0.001386   0.411327   0.715923
1.560000    0.001067   0.427670   0.613889
1.600000    0.001345   0.413205   0.520127
1.640000    0.002323   0.379047   0.435156
1.680000    0.003891   0.346811   0.358721
1.720000    0.005865   0.321169   0.290463
1.760000    0.008298   0.299484   0.230046
1.800000    0.011742   0.277788   0.177165
1.840000    0.017217   0.253867   0.131559
1.880000    0.025826   0.228523   0.092998
1.920000    0.038210   0.204041   0.061293
1.960000    0.054139   0.182263   0.036288
2.000000    0.072459   0.164046   0.017861
2.040000    0.091388   0.149540   0.005922
2.080000    0.108987   0.138533   0.000414
2.120000    0.123608   0.130665   0.001311
2.160000    0.134172   0.125539   0.008617
2.200000    0.140250   0.122771   0.022367
2.240000    0.141973   0.122008   0.042627
2.280000    0.139862   0.122944   0.069496
2.320000    0.134626   0.125328   0.103105
2.360000    0.126995   0.128976   0.143620
2.400000    0.117608   0.133775   0.191241
2.440000    0.107005   0.139680   0.246205
2.480000    0.095685   0.146668   0.308788
2.520000    0.084195   0.154664   0.379302
2.560000    0.073138   0.163463   0.458093
2.600000    0.063052   0.172737   0.545514
2.640000    0.054188   0.182206   0.641716
2.680000    0.046364   0.191952   0.745666
2.720000    0.039047   0.202686   0.853387
2.760000    0.031687   0.215741   0.964284
2.800000    0.024106   0.232830   1.025242
2.840000    0.016701   0.255769   0.945150
2.880000    0.010276   0.286119   0.882609
2.920000    0.005640   0.323614   0.836554
2.960000    0.003187   0.359298   0.799408
3.000000    0.002721   0.369182   0.769754
3.040000    0.003576   0.352096   0.747596
3.080000    0.004917   0.332188   0.732835
3.120000    0.006044   0.319294   0.725336
3.160000    0.006569   0.314085   0.725049
3.200000    0.006443   0.315299   0.731973
3.240000    0.005857   0.321258   0.746152
3.280000    0.005106   0.329830   0.767715
3.320000    0.004466   0.338209   0.796773
3.360000    0.004121   0.343227   0.833311
3.400000    0.004160   0.342639   0.878500
3.440000    0.004588   0.336525   0.939222
3.480000    0.005334   0.327105   1.020810
3.520000    0.006242   0.317276   0.973367
3.560000    0.007067   0.309516   0.862009
3.600000    0.007520   0.305636   0.754177
3.640000    0.007369   0.306908   0.649740
3.680000    0.006559   0.314184   0.552855
3.720000    0.005290   0.327627   0.464734
3.760000    0.003997   0.345140   0.385268
3.800000    0.003241   0.358238   0.314108
3.840000    0.003535   0.352819   0.250905
3.880000    0.005170   0.329056   0.195345
3.920000    0.008106   0.300944   0.147149
3.960000    0.011953   0.276671   0.106076
