0.000000    0.963189   0.002679   -0.000000
0.040000    0.860759   0.010710   0.003201
0.080000    0.713876   0.024075   0.012821
0.120000    0.549730   0.042738   0.028904
0.160000    0.393388   0.066640   0.051530
0.200000    0.261941   0.095688   0.080807
0.240000    0.162611   0.129742   0.116881
0.280000    0.094389   0.168595   0.159927
0.320000    0.051440   0.211952   0.210161
0.360000    0.026471   0.259408   0.267833
0.400000    0.012960   0.310423   0.333229
0.440000    0.006095   0.364311   0.406666
0.480000    0.002785   0.420262   0.488481
0.520000    0.001250   0.477479   0.579084
0.560000    0.000553   0.535663   0.679495
0.600000    0.000236   0.596483   0.794444
0.640000    0.000087   0.667733   0.946916
0.680000    0.000018   0.781519   1.092471
0.720000    0.000001   0.990773   0.961016
0.760000    0.000045   0.715471   0.897548
0.800000    0.000181   0.615358   0.851113
0.840000    0.000464   0.548303   0.810210
0.880000    0.000958   0.496460   0.775588
0.920000    0.001732   0.454177   0.748520
0.960000    0.002831   0.419085   0.729060
1.000000    0.004252   0.390030   0.716931
1.040000    0.005922   0.366365   0.712022
1.080000    0.007693   0.347672   0.714334
1.120000    0.009365   0.333628   0.723861
1.160000    0.010724   0.323949   0.740656
1.200000    0.011595   0.318368   0.764956
1.240000    0.011880   0.316639   0.796928
1.280000    0.011570   0.318522   0.835797
1.320000    0.010760   0.323707   0.879975
1.360000    0.009634   0.331602   0.934225
1.400000    0.008451   0.340964   1.033677
1.440000    0.007478   0.349700   1.024672
1.480000    0.006878   0.355670   0.842453
1.520000    0.006586   0.358773   0.718661
1.560000    0.006282   0.362143   0.613984
1.600000    0.005570   0.370740   0.520047
1.640000    0.004324   0.388833   0.435126
1.680000    0.003042   0.413954   0.358714
1.720000    0.002947   0.416205   0.290462
1.760000    0.005702   0.369066   0.230045
1.800000    0.012829   0.311149   0.177165
1.840000    0.025126   0.263131   0.131559
1.880000    0.042367   0.225814   0.092998
1.920000    0.063372   0.197052   0.061293
1.960000    0.086380   0.174928   0.036288
2.000000    0.109477   0.158003   0.017861
2.040000    0.130932   0.145220   0.005922
2.080000    0.149386   0.135802   0.000414
2.120000    0.163905   0.129176   0.001311
2.160000    0.173980   0.124915   0.008617
2.200000    0.179492   0.122687   0.022367
2.240000    0.180654   0.122226   0.042627
2.280000    0.177952   0.123303   0.069496
2.320000    0.172059   0.125708   0.103105
2.360000    0.163748   0.129245   0.143620
2.400000    0.153766   0.133737   0.191240
2.440000    0.142694   0.139075   0.246205
2.480000    0.130822   0.145280   0.308786
2.520000    0.118133   0.152568   0.379291
2.560000    0.104452   0.161359   0.458050
2.600000    0.089763   0.172184   0.545429
2.640000    0.074530   0.185468   0.642085
2.680000    0.059809   0.201185   0.750686
2.720000    0.047016   0.218376   0.884267
2.760000    0.037393   0.234733   1.089026
2.800000    0.031455   0.247085   0.996479
2.840000    0.028715   0.253595   0.916961
2.880000    0.027863   0.255746   0.867051
2.920000    0.027301   0.257202   0.824313
2.960000    0.025756   0.261364   0.787211
3.000000    0.022680   0.270449   0.757371
3.040000    0.018303   0.285765   0.735206
3.080000    0.013377   0.308156   0.720463
3.120000    0.008809   0.337998   0.712957
3.160000    0.005338   0.373779   0.712670
3.200000    0.003374   0.406537   0.719601
3.240000    0.002977   0.415499   0.733764
3.280000    0.003910   0.396024   0.755326
3.320000    0.005735   0.368659   0.784555
3.360000    0.007913   0.345662   0.821127
3.400000    0.009929   0.329449   0.863467
3.440000    0.011429   0.319400   0.912448
3.480000    0.012324   0.314015   0.987622
3.520000    0.012818   0.311208   1.101251
3.560000    0.013330   0.308409   0.897115
3.600000    0.014343   0.303176   0.760083
3.640000    0.016227   0.294365   0.650228
3.680000    0.019094   0.282740   0.552772
3.720000    0.022735   0.270274   0.464687
3.760000    0.026622   0.259001   0.385255
3.800000    0.030007   0.250453   0.314106
3.840000    0.032082   0.245677   0.250905
3.880000    0.032181   0.245455   0.195345
3.920000    0.029971   0.250538   0.147149
3.960000    0.025572   0.261877   0.106076
