Temperature,  F    <E>     <E^2>    Cv    entropy
============================================
0.010000   -inf   -inf    inf    nan   nan
0.010723   -inf   -inf    inf    nan   nan
0.011498   -inf   -inf    inf    nan   nan
0.012328   -inf   -inf    inf    nan   nan
0.013219   -inf   -inf    inf    nan   nan
0.014175   -inf   -inf    inf    nan   nan
0.015199   -inf   -inf    inf    nan   nan
0.016298   -inf   -inf    inf    nan   nan
0.017475   -inf   -inf    inf    nan   nan
0.018738   -inf   -inf    inf    nan   nan
0.020092   -inf   -inf    inf    nan   nan
0.021544   -inf   -inf    inf    nan   nan
0.023101   -inf   -inf    inf    nan   nan
0.024771   -inf   -inf    inf    nan   nan
0.026561   -inf   -inf    inf    nan   nan
0.028480   -inf   -inf    inf    nan   nan
0.030539   -inf   -inf    inf    nan   nan
0.032745   -inf   -inf    inf    nan   nan
0.035112   -inf   -inf    inf    nan   nan
0.037649   -inf   -inf    inf    nan   nan
0.040370   -inf   -inf    inf    nan   nan
0.043288   -inf   -inf    inf    nan   nan
0.046416   -30.406936   -9947247243927507704989346931514284401052303367505580038616660851537712428088526423087013648176069043656885972314246255965008484420644793286442815216857669577926128415036122003172449984598556796424565586776124825530556910463207172909042548416402831214712942672330193269133920732006318080.000000    309133577080455533709173333750369554930810390880218281329510024870264410562156836354257912768721499175409874923317854921836447442368752332103453135065266878947066270166502615620801090543041856745679620451617031646495251870850245625903057133156905723785080762025012938101015451525141495808.000000    0.686091   -214306945326410056718947378728853679545632976962623700582145147201223732632932246359982693054651949529717638930564957426027917722126609329076322005803695545947587421612732408927552740074964863671841670905383308603566786516315500859021958122273278210037443669770698410135744623883780620288.000000
0.049770   -30.358011   -248916705246182925659115754856357712716939231105153247114204413186777287990106180230238674731915457634570343989580325738478991410417482054649961851907698890319235220049881079276815788506454225075788900830788079406051175373809529537418637816620188592643487336528609280.000000    7735182251283688078049289433421530385364502041368480276843389915519046079301599958274073204985892481024322482246758290408218239279713517144082523040476503867852477727675677323496278960347181964910725621671667269396114621259592813404950636934453482223057818285783384064.000000    0.657886   -5001316590703768269894911380219886702703741193743407695745108749193660989188439357762179873335598523490812590323344215747372168780272729105901792632086601904761687672363524891911998522295290483558020593342405936949713602522265279567696025103407907462201993959481278464.000000
0.053367   -30.305735   -130916855153128562241368809789947377612672025672713076589780370916210344859136118522739105770883019874398625926876544247060954280591546794979785175668331823637759003031104442733838847255997604794008096128910473418127261838084054017745473914793885696.000000    4068023765921671254401201501504188191406829696036905316363179131702970925883677441963383587804274834858522506721035778408579177665103062095876152860068646534008497411865331733393883893789051137967034714329068967818749152160041978178075808102627672064.000000    0.631799   -2453142841320169281065865606172819462961729116372088202823943557956373312483090508454959028795865207519727193660673045990844920466480325104435742755009556860575881527715841822431930984929306923736977162097527401962531049523092174166098855974037094400.000000
0.057224   -30.252409   -1231848408114449369380673080740755611858149998432179074004401885049686013878465346018513666051281804075826359879341879260248495225830122586109375055959433228831352300459007652710500320448425086005408075958841214435418749963872501760.000000    38273493345384980746030447077908920831526946324986002872464520282390645746470411855295719677961114659188033432404506334900884004404106922870629683485876211852534637998558263587300597205323983153836402849629902787774380492917779202048.000000    0.613138   -21526900776842185290658843266560616477620348282077834131507946216739012873397849233898381912881986398534521758426216045863614764256379241533063698712420454146052562485704411341471536208829725810977459600530951123171693072824475320320.000000
0.061359   -30.192198   -154956858111898072799055888653924315058400049829072163113773555355464693760722250961739077082696544035866664512234240413308010582447790186845066883408749507532380909125549921125243971130130058800319094015339131830272.000000    4814198731192631945946765644473642469196080446211745976150782072691724450116740775279813049587369713838136935630652716781118456936334048192455248134274815819588218072831015107661940766800902439222707151577526803890176.000000    0.586942   -2525410688380544821019349624638897936640156422976093686752466055433577418231906811336809989089262993499249621720932753414596056248515102934457513860419797186108871933801753800447073990061376520999649177840181164638208.000000
0.065793   -30.129193   -235377386727586004387913117189061579232151539163782952920072794994859923929579763867908759737603277267965869257698418815114941288535353300387790216677780648539998190736070036865215409827702047479169024.000000    7312096716709981649180794854443713471181620719386607002260453848116010457241077833322610113181871803608146486478819546968352233489943156718869574941176131658534995122134361494534213833126943996109651968.000000    0.562535   -3577526987637511910190918912884930939421541805125035231395226367489062999340911032537348048093575880469230640750930008901320057375821266820830145191253853111289697506653572325907385959436258894399143936.000000
0.070548   -30.062791   -3623588127381415580484635166971167110825218810129296701837006296342432724779014570972338836215689003186643255082439011723618877480966369556247868590394618960187138380050107713006312882176.000000    112557440142480762449799434238060227695150884468851724702239461947262393996183710073020832525255128931267209590252302955754403923301628052908160679319288510665438775824189405642778684162048.000000    0.538764   -51363425476514068334448919835022771690055475368154069147014861980430087536356312370531323321004235543112642584236617810731751420569353309402630661740355896930519476914602058241772275892224.000000
0.075646   -29.988494   -456743537894839176362493895882917145479590548264269907947222268294400895336098006694903639201642835739282641408710976420091564836398646744277090339963880427977997941315993600.000000    14186622296938402842677927054237090392918202230390537167529466819840069701475936228091781738071369532027966498837032566582587864115032630291309733739706728062769857878588129280.000000    0.519109   -6037880770391328411861049288408199688902207497010315367646969092380675961388334365595336104669398034476146146431111580818432448343240552400376193727964051549709445838927822848.000000
0.081113   -29.911943   -442844154508282048069186404053598071175731203485320184167253469338404947112497017743935309389705044379559673090252811308802902671886131158566291597392339535921152.000000    13753596717397873102171486421053843516411920001101128686598481262753195065710103205677229631041708176387183199335748436659328779674315114050422660139239807295422464.000000    0.497523   -5459589719665072380686109960031543042732624152268743475016536648079802786824574762664993590884912207433333896232501254380153675008583037182426918280771613726081024.000000
0.086975   -29.832180   -2844899076245464413108919596097675381601600584697123327916610557520877956445172026682016348445352256793895480077587164242052549478516030373368879382528.000000    88344885153356903814104028971900700430046177779699001790358152308000511027376218104770157505421722729062239101921767137039102469769679619196600889376768.000000    0.475092   -32709426141137412787705583739027401440479414218265274612711609058577902154403128337950354730990222186883960888903460024251653522433074171612467401064448.000000
0.093260   -29.740779   -97468229901016639794036872694780354404463902956561788153987628249296308080263034975416068967979207424158708697341214182839229217887414648832.000000    3026544340369536953484988103449381213174632140355327279138756813743190067004518036818424445000943394282334543543532665735722727934330169982976.000000    0.462191   -1045119881102254971163596576778291012418613022726832747257103220200462522000545935439735451748039415952260694874965360812500772686896646062080.000000
0.100000   -29.646266   -17544223092527087376233523913856769481509751683257148595104156106608282476961794049226095807525787129037186736562570377350835339264.000000    544722155155058297273797278644412682831304340108955225090806001182707669398861498626008208168007032880399925187882573839548083601408.000000    0.446774   -175442230925269090821554852288383339188532985334046806092839572504621100109341398373350797826477704794823833823192957273591792009216.000000
0.107227   -29.545870   -14454408384085239919188807819116978421468152761448716207979497044552418403645920780493188185652660974580581194087729725440.000000    448740077083154938896577119825762106075280374374660072208173911969179598215379207256688755203437544765757087177299902595072.000000    0.431886   -134802296362146447696209387288382114661418788429757924214663082307822660169153067168210293759786945669342824012093962846208.000000
0.114976   -29.436112   -47879452684727202940371000928975523017012207732300919167574889585794224631877843856123729181401148501386722279424.000000    1486283783802130780775731281568767962076830843729210530597530324043735328114980392373485170421837691543502930837504.000000    0.422702   -416431062184264759490104306941574771871548784607733255939509904988802531314191185141414265189693137313525011578880.000000
0.123285   -29.317935   -588961652029836093665730488969427866914438947491846997338962616237777717301945197265826557909044371128320.000000    18280725208517526707057122560129505935370942549924937498452402237869651727706696807790192435431196176941056.000000    0.417996   -4777249541142238358429250880605916558686125926939401715163504327042828300116302396869323873962877758996480.000000
0.132194   -29.194657   -25376480087864839665867011069911689171707166066188533826827319739987961845562475594531035202715648.000000    787564547461476470698113779784986841554661731323243874773309733005721732538308457588854921361358848.000000    0.408818   -191963765688898681095016971786848259220126423257982776327422118776672394264572032929587648593395712.000000
0.141747   -29.068437   -3576534530867023986923667936251686715927238084953785518806113577762286684783817184853884928.000000    110983285539798612137329595970716856250123482249382464479153130657686337553184606344485797888.000000    0.391444   -25231744072725513881914632777716765555624693293463729258259856018807706534879016863175540736.000000
0.151991   -28.922168   -1358327933902120897054718609405915516710036645210342827354354280255629324268800573440.000000    42144991554740566442711187697679139607461041480062211272930338592809935673047144988672.000000    0.396698   -8936890776946683472413132569120049147786007547264469460869434967888396737398936961024.000000
0.162975   -28.770181   -1439424001569766938237916680344843754794484102757790415767182567823374672723968.000000    44655135155839866449222465341959163921094547564487470354329027101795534923366400.000000    0.396595   -8832172200757372775649294100908055736728497181389891509500802383902374478479360.000000
0.174753   -28.607812   -3868444799231637475674333231464230770380582041686134307127640035604561920.000000    119992037752323193720848296475040074002329072434873545105617617233675026432.000000    0.400298   -22136663411104538917828515099864722211839535265643719406474204998277267456.000000
0.187382   -28.432890   -24570922729622285346125091344626628896322354270047947756582037618688.000000    762023133833011682050467133237185794880784993809905330393368789778432.000000    0.409577   -131127624441204183640156479837112185490879792266266516393708641845248.000000
0.200923   -28.249839   -357534140639200934485818406330949322429990204053764116347617280.000000    11086341309627854447249245033002269538194576040678222598368133120.000000    0.419367   -1779455843014525565935327988686199570023112220687613616749281280.000000
0.215443   -28.047886   -10733994285950958460374334243480393862911410750768428351488.000000    332768616485150347098326335072789170071848557538332551151616.000000    0.446148   -49822788017733088279704306454568906540550968330702500659200.000000
0.231013   -27.838018   -669198254196562012586176986060426647303010802531827712.000000    20741549087149761025832579145201059930987406856841854976.000000    0.472457   -2896799492134442640687866805243936196519042769099948032.000000
0.247708   -27.605126   -77617593070282282882080511475188809143644801990656.000000    2405074657238854615077732223738667488677381233704960.000000    0.525850   -313343562795452614947921238697995317240647636746240.000000
0.265609   -27.356608   -16654986490141593931196093343349445933473464320.000000    515903636186382467449026429440745518147846537216.000000    0.598691   -62704954998378651668061989919212996583114145792.000000
0.284804   -27.107216   -6705192031882843570614943959851899201519616.000000    207630992234863484325851116756068378993491968.000000    0.669800   -23543214838672118140471009016387222384934912.000000
0.305386   -26.825654   -4364178796279700941020525029358701641728.000000    135075235958562249673629226673766894927872.000000    0.792958   -14290718024006379200460298080061164093440.000000
0.327455   -26.534197   -4807932421637419087264882300827992064.000000    148725017005554521538045267103937724416.000000    0.949659   -14682730911916169596943409143691083776.000000
0.351119   -26.213779   -8194116020132290732446780661694464.000000    253282871182249580461898705538121728.000000    1.145371   -23337136335461119913802559526010880.000000
0.376494   -25.870036   -21441825810713697066876982525952.000000    662067367898053981230957426900992.000000    1.441604   -56951371579907432698607348744192.000000
0.403702   -25.513460   -86257377476369720179400114176.000000    2659758780380494998179709714432.000000    1.804798   -213666110276566792093682368512.000000
0.432876   -25.126173   -497243264019750267490664448.000000    15304864886085712061856219136.000000    2.246123   -1148696432378314198251208704.000000
0.464159   -24.725888   -4187983847413525078081536.000000    128612377096326795417878528.000000    2.765306   -9022737682160871582728192.000000
0.497702   -24.308727   -49825830662545011113984.000000    1525903640852069684871168.000000    3.344614   -100111703347402691837952.000000
0.533670   -23.854789   -787822475506449383424.000000    24024453042512766959616.000000    4.135976   -1476235480724980105216.000000
0.572237   -23.382439   -16870509632012722176.000000    511819409296967598080.000000    4.995997   -29481694704545361920.000000
0.613591   -22.880612   -470325516379822336.000000    14163614626865473536.000000    6.002205   -766513402863399808.000000
0.657933   -22.382916   -17714688627011896.000000    528954849778688192.000000    6.928197   -26924751575255588.000000
0.705480   -21.863282   -846589305895501.125000    25017280719694824.000000    7.854347   -1200018467716977.500000
0.756463   -21.318683   -50250660716566.062500    1464035569660304.250000    8.715897   -66428416138805.812500
0.811131   -20.799681   -3905177202238.295410    112205325391605.062500    9.332215   -4814484980697.322266
0.869749   -20.255014   -363150258698.567627    10238622485678.781250    9.705599   -417534550295.886658
0.932603   -19.723553   -41819002169.497223    1155675581546.217041    9.833931   -44841145262.381493
1.000000   -19.197991   -5799725548.946383    156711007560.207550    9.663796   -5799725529.748386
1.072267   -18.679983   -955374665.545268    25197587404.861332    9.335576   -890985593.193938
1.149757   -18.182009   -186409872.562797    4797529458.088058    8.890097   -162129784.925817
1.232847   -17.692609   -41932549.139692    1050779591.789582    8.280423   -34012769.069787
1.321941   -17.222933   -10851124.390611    264774446.615916    7.681153   -8208464.635713
1.417474   -16.771358   -3182872.016584    75600464.421187    7.085111   -2245441.453871
1.519911   -16.335323   -1043674.656438    24112511.641613    6.474074   -686657.484652
1.629751   -15.918400   -379763.645448    8536212.976656    5.905891   -233009.684046
1.747528   -15.520509   -151818.092723    3320626.914169    5.370529   -86867.012984
1.873817   -15.140070   -66018.065602    1405067.857055    4.863372   -35223.776194
2.009233   -14.779283   -31023.343267    642670.096027    4.386327   -15433.035365
2.154435   -14.437417   -15635.258647    315443.462424    3.949229   -7250.542939
2.310130   -14.111743   -8380.983994    164669.285972    3.534522   -3621.819264
2.477076   -13.805257   -4759.873856    91159.256225    3.159404   -1915.996085
2.656088   -13.515584   -2845.096110    53138.719163    2.813852   -1066.071891
2.848036   -13.242620   -1781.249834    32463.615045    2.497499   -620.781232
3.053856   -12.985636   -1162.962361    20699.356017    2.212639   -376.565532
3.274549   -12.744858   -788.830840    13723.151599    1.955233   -237.005445
3.511192   -12.518346   -553.546124    9419.283262    1.723384   -154.086652
3.764936   -12.306049   -400.665780    6674.573495    1.516258   -103.151754
4.037017   -12.107188   -298.234281    4867.887339    1.331376   -70.875866
4.328761   -11.921347   -227.707424    3645.056579    1.167369   -49.849383
4.641589   -11.747330   -177.876599    2794.874040    1.022128   -35.791466
4.977024   -11.584941   -141.882235    2190.234892    0.893986   -26.179762
5.336699   -11.432906   -115.312705    1750.345263    0.781064   -19.465178
5.722368   -11.291297   -95.346430    1424.359276    0.681782   -14.688873
6.135907   -11.158829   -80.067638    1178.176021    0.594772   -11.230419
6.579332   -11.035315   -68.196143    989.226985    0.518438   -8.687938
7.054802   -10.920091   -58.837835    842.011540    0.451644   -6.792216
7.564633   -10.812565   -51.363653    725.756812    0.393361   -5.360615
8.111308   -10.712302   -45.322119    632.757306    0.342454   -4.266860
8.697490   -10.618949   -40.385108    557.491299    0.298002   -3.422385
9.326033   -10.531881   -36.308816    495.909620    0.259227   -2.763976
10.000000   -10.450534   -32.911778    445.048241    0.225497   -2.246124
