0.000000  0.988985  0.000462
0.020000  0.956708  0.001844
0.040000  0.905389  0.004141
0.060000  0.838427  0.007343
0.080000  0.760018  0.011434
0.100000  0.674700  0.016395
0.120000  0.586914  0.022203
0.140000  0.500625  0.028829
0.160000  0.419058  0.036239
0.180000  0.344556  0.044396
0.200000  0.278566  0.053254
0.220000  0.221712  0.062766
0.240000  0.173944  0.072876
0.260000  0.134714  0.083525
0.280000  0.103149  0.094649
0.300000  0.078216  0.106178
0.320000  0.058839  0.118039
0.340000  0.043992  0.130156
0.360000  0.032752  0.142449
0.380000  0.024328  0.154839
0.400000  0.018063  0.167245
0.420000  0.013432  0.179588
0.440000  0.010021  0.191793
0.460000  0.007514  0.203790
0.480000  0.005671  0.215515
0.500000  0.004314  0.226911
0.520000  0.003312  0.237929
0.540000  0.002568  0.248526
0.560000  0.002013  0.258663
0.580000  0.001598  0.268303
0.600000  0.001284  0.277406
0.620000  0.001046  0.285939
0.640000  0.000864  0.293890
0.660000  0.000724  0.301302
0.680000  0.000612  0.308303
0.700000  0.000519  0.315144
0.720000  0.000438  0.322213
0.740000  0.000363  0.330052
0.760000  0.000290  0.339379
0.780000  0.000219  0.351181
0.800000  0.000150  0.366965
0.820000  0.000087  0.389470
0.840000  0.000037  0.425181
0.860000  0.000006  0.499354
0.880000  0.000003  0.534151
0.900000  0.000034  0.428479
0.920000  0.000108  0.380587
0.940000  0.000230  0.349013
0.960000  0.000407  0.325320
0.980000  0.000642  0.306318
1.000000  0.000939  0.290441
1.020000  0.001303  0.276791
1.040000  0.001737  0.264806
1.060000  0.002246  0.254102
1.080000  0.002835  0.244410
1.100000  0.003508  0.235531
1.120000  0.004272  0.227319
1.140000  0.005134  0.219660
1.160000  0.006101  0.212468
1.180000  0.007182  0.205676
1.200000  0.008383  0.199232
1.220000  0.009713  0.193095
1.240000  0.011180  0.187234
1.260000  0.012792  0.181624
1.280000  0.014553  0.176249
1.300000  0.016467  0.171100
1.320000  0.018533  0.166176
1.340000  0.020742  0.161482
1.360000  0.023082  0.157030
1.380000  0.025526  0.152835
1.400000  0.028044  0.148916
1.420000  0.030594  0.145289
1.440000  0.033131  0.141970
1.460000  0.035609  0.138965
1.480000  0.037984  0.136275
1.500000  0.040221  0.133890
1.520000  0.042297  0.131793
1.540000  0.044203  0.129956
1.560000  0.045942  0.128349
1.580000  0.047526  0.126936
1.600000  0.048976  0.125685
1.620000  0.050308  0.124566
1.640000  0.051536  0.123561
1.660000  0.052663  0.122660
1.680000  0.053676  0.121866
1.700000  0.054549  0.121194
1.720000  0.055244  0.120666
1.740000  0.055712  0.120315
1.760000  0.055899  0.120176
1.780000  0.055751  0.120286
1.800000  0.055223  0.120682
1.820000  0.054279  0.121401
1.840000  0.052898  0.122474
1.860000  0.051082  0.123930
1.880000  0.048850  0.125792
1.900000  0.046245  0.128075
1.920000  0.043331  0.130787
1.940000  0.040191  0.133922
1.960000  0.036921  0.137458
1.980000  0.033626  0.141352
2.000000  0.030415  0.145534
2.020000  0.027388  0.149902
2.040000  0.024632  0.154322
2.060000  0.022213  0.158628
2.080000  0.020175  0.162638
2.100000  0.018534  0.166174
2.120000  0.017282  0.169088
2.140000  0.016390  0.171294
2.160000  0.015814  0.172786
2.180000  0.015495  0.173635
2.200000  0.015370  0.173972
2.220000  0.015374  0.173963
2.240000  0.015440  0.173782
2.260000  0.015510  0.173595
2.280000  0.015527  0.173548
2.300000  0.015447  0.173764
2.320000  0.015233  0.174347
2.340000  0.014859  0.175380
2.360000  0.014316  0.176933
2.380000  0.013603  0.179062
2.400000  0.012733  0.181814
2.420000  0.011731  0.185229
2.440000  0.010629  0.189339
2.460000  0.009466  0.194170
2.480000  0.008280  0.199747
2.500000  0.007111  0.206090
2.520000  0.005992  0.213219
2.540000  0.004953  0.221156
2.560000  0.004013  0.229927
2.580000  0.003184  0.239567
2.600000  0.002471  0.250129
2.620000  0.001872  0.261695
2.640000  0.001380  0.274399
2.660000  0.000985  0.288455
2.680000  0.000675  0.304222
2.700000  0.000437  0.322305
2.720000  0.000261  0.343738
2.740000  0.000138  0.370281
2.760000  0.000061  0.404381
2.780000  0.000025  0.441165
2.800000  0.000029  0.436044
2.820000  0.000070  0.398803
2.840000  0.000148  0.367411
2.860000  0.000263  0.343548
2.880000  0.000411  0.324868
2.900000  0.000590  0.309790
2.920000  0.000796  0.297353
2.940000  0.001021  0.286943
2.960000  0.001262  0.278139
2.980000  0.001511  0.270634
3.000000  0.001763  0.264189
3.020000  0.002016  0.258612
3.040000  0.002266  0.253739
3.060000  0.002513  0.249432
3.080000  0.002756  0.245577
3.100000  0.002998  0.242077
3.120000  0.003239  0.238858
3.140000  0.003480  0.235869
3.160000  0.003720  0.233083
3.180000  0.003958  0.230496
3.200000  0.004190  0.228125
3.220000  0.004408  0.226011
3.240000  0.004603  0.224210
3.260000  0.004762  0.222794
3.280000  0.004872  0.221846
3.300000  0.004917  0.221458
3.320000  0.004886  0.221726
3.340000  0.004767  0.222751
3.360000  0.004557  0.224629
3.380000  0.004259  0.227449
3.400000  0.003886  0.231270
3.420000  0.003461  0.236093
3.440000  0.003019  0.241788
3.460000  0.002603  0.247969
3.480000  0.002262  0.253817
3.500000  0.002049  0.257942
3.520000  0.002013  0.258677
3.540000  0.002197  0.255028
3.560000  0.002632  0.247498
3.580000  0.003334  0.237647
3.600000  0.004303  0.227022
3.620000  0.005521  0.216634
3.640000  0.006959  0.206988
3.660000  0.008578  0.198272
3.680000  0.010335  0.190508
3.700000  0.012189  0.183634
3.720000  0.014104  0.177555
3.740000  0.016052  0.172163
3.760000  0.018017  0.167352
3.780000  0.019988  0.163026
3.800000  0.021961  0.159104
3.820000  0.023931  0.155524
3.840000  0.025892  0.152243
3.860000  0.027828  0.149238
3.880000  0.029719  0.146498
3.900000  0.031537  0.144025
3.920000  0.033247  0.141824
3.940000  0.034818  0.139901
3.960000  0.036220  0.138256
3.980000  0.037431  0.136886
4.000000  0.038436  0.135782
4.020000  0.039231  0.134928
4.040000  0.039817  0.134311
4.060000  0.040196  0.133916
4.080000  0.040373  0.133734
4.100000  0.040344  0.133763
4.120000  0.040103  0.134013
4.140000  0.039637  0.134500
4.160000  0.038927  0.135253
4.180000  0.037954  0.136307
4.200000  0.036702  0.137705
4.220000  0.035159  0.139495
4.240000  0.033325  0.141727
4.260000  0.031214  0.144454
4.280000  0.028854  0.147729
4.300000  0.026290  0.151607
4.320000  0.023579  0.156142
4.340000  0.020789  0.161388
4.360000  0.017996  0.167401
4.380000  0.015272  0.174238
4.400000  0.012689  0.181958
4.420000  0.010306  0.190626
4.440000  0.008168  0.200315
4.460000  0.006304  0.211108
4.480000  0.004726  0.223109
4.500000  0.003432  0.236446
4.520000  0.002403  0.251286
4.540000  0.001615  0.267840
4.560000  0.001036  0.286353
4.580000  0.000631  0.306992
4.600000  0.000369  0.329383
4.620000  0.000219  0.351073
4.640000  0.000157  0.364985
4.660000  0.000161  0.363847
4.680000  0.000215  0.351803
4.700000  0.000306  0.337215
4.720000  0.000421  0.323841
4.740000  0.000554  0.312465
4.760000  0.000695  0.302974
4.780000  0.000840  0.295085
4.800000  0.000983  0.288527
4.820000  0.001120  0.283083
4.840000  0.001248  0.278582
4.860000  0.001364  0.274893
4.880000  0.001465  0.271913
4.900000  0.001550  0.269560
4.920000  0.001618  0.267764
4.940000  0.001670  0.266462
4.960000  0.001705  0.265600
4.980000  0.001724  0.265124
