0.000000  0.997694  0.000115
0.010000  0.990812  0.000462
0.020000  0.979455  0.001038
0.030000  0.963791  0.001844
0.040000  0.944049  0.002879
0.050000  0.920512  0.004141
0.060000  0.893511  0.005630
0.070000  0.863418  0.007343
0.080000  0.830635  0.009278
0.090000  0.795585  0.011434
0.100000  0.758704  0.013807
0.110000  0.720431  0.016395
0.120000  0.681198  0.019195
0.130000  0.641424  0.022203
0.140000  0.601507  0.025416
0.150000  0.561815  0.028829
0.160000  0.522688  0.032439
0.170000  0.484427  0.036239
0.180000  0.447294  0.040227
0.190000  0.411513  0.044396
0.200000  0.377266  0.048740
0.210000  0.344699  0.053254
0.220000  0.313915  0.057932
0.230000  0.284986  0.062766
0.240000  0.257949  0.067750
0.250000  0.232813  0.072876
0.260000  0.209561  0.078137
0.270000  0.188152  0.083525
0.280000  0.168530  0.089032
0.290000  0.150622  0.094649
0.300000  0.134344  0.100367
0.310000  0.119604  0.106178
0.320000  0.106305  0.112072
0.330000  0.094346  0.118039
0.340000  0.083625  0.124071
0.350000  0.074042  0.130156
0.360000  0.065499  0.136286
0.370000  0.057903  0.142449
0.380000  0.051163  0.148637
0.390000  0.045194  0.154839
0.400000  0.039919  0.161045
0.410000  0.035264  0.167245
0.420000  0.031161  0.173429
0.430000  0.027549  0.179589
0.440000  0.024373  0.185714
0.450000  0.021581  0.191797
0.460000  0.019129  0.197828
0.470000  0.016975  0.203800
0.480000  0.015084  0.209705
0.490000  0.013424  0.215536
0.500000  0.011965  0.221288
0.510000  0.010683  0.226954
0.520000  0.009556  0.232529
0.530000  0.008564  0.238008
0.540000  0.007691  0.243385
0.550000  0.006921  0.248657
0.560000  0.006243  0.253817
0.570000  0.005644  0.258860
0.580000  0.005115  0.263777
0.590000  0.004648  0.268561
0.600000  0.004237  0.273200
0.610000  0.003873  0.277681
0.620000  0.003554  0.281990
0.630000  0.003272  0.286111
0.640000  0.003026  0.290026
0.650000  0.002811  0.293717
0.660000  0.002623  0.297168
0.670000  0.002461  0.300366
0.680000  0.002320  0.303301
0.690000  0.002200  0.305971
0.700000  0.002096  0.308380
0.710000  0.002007  0.310544
0.720000  0.001931  0.312482
0.730000  0.001865  0.314227
0.740000  0.001807  0.315815
0.750000  0.001754  0.317289
0.760000  0.001706  0.318694
0.770000  0.001659  0.320076
0.780000  0.001613  0.321481
0.790000  0.001566  0.322950
0.800000  0.001518  0.324519
0.810000  0.001467  0.326219
0.820000  0.001414  0.328069
0.830000  0.001358  0.330079
0.840000  0.001301  0.332244
0.850000  0.001242  0.334541
0.860000  0.001184  0.336926
0.870000  0.001129  0.339330
0.880000  0.001078  0.341652
0.890000  0.001033  0.343759
0.900000  0.000998  0.345486
0.910000  0.000975  0.346645
0.920000  0.000967  0.347041
0.930000  0.000978  0.346503
0.940000  0.001010  0.344907
0.950000  0.001066  0.342211
0.960000  0.001149  0.338456
0.970000  0.001262  0.333762
0.980000  0.001407  0.328300
0.990000  0.001588  0.322262
1.000000  0.001806  0.315832
1.010000  0.002063  0.309175
1.020000  0.002361  0.302425
1.030000  0.002702  0.295685
1.040000  0.003087  0.289030
1.050000  0.003517  0.282513
1.060000  0.003992  0.276170
1.070000  0.004515  0.270021
1.080000  0.005084  0.264079
1.090000  0.005702  0.258347
1.100000  0.006368  0.252826
1.110000  0.007082  0.247510
1.120000  0.007845  0.242393
1.130000  0.008657  0.237467
1.140000  0.009519  0.232724
1.150000  0.010430  0.228153
1.160000  0.011391  0.223746
1.170000  0.012402  0.219494
1.180000  0.013464  0.215386
1.190000  0.014577  0.211416
1.200000  0.015741  0.207574
1.210000  0.016957  0.203854
1.220000  0.018225  0.200249
1.230000  0.019545  0.196753
1.240000  0.020917  0.193360
1.250000  0.022341  0.190067
1.260000  0.023816  0.186869
1.270000  0.025342  0.183764
1.280000  0.026917  0.180750
1.290000  0.028540  0.177823
1.300000  0.030207  0.174984
1.310000  0.031916  0.172233
1.320000  0.033663  0.169568
1.330000  0.035444  0.166990
1.340000  0.037254  0.164500
1.350000  0.039087  0.162098
1.360000  0.040937  0.159786
1.370000  0.042798  0.157563
1.380000  0.044663  0.155431
1.390000  0.046524  0.153389
1.400000  0.048375  0.151438
1.410000  0.050210  0.149577
1.420000  0.052021  0.147805
1.430000  0.053803  0.146121
1.440000  0.055551  0.144522
1.450000  0.057262  0.143006
1.460000  0.058931  0.141570
1.470000  0.060557  0.140209
1.480000  0.062139  0.138919
1.490000  0.063678  0.137696
1.500000  0.065175  0.136534
1.510000  0.066632  0.135428
1.520000  0.068054  0.134372
1.530000  0.069445  0.133361
1.540000  0.070808  0.132389
1.550000  0.072150  0.131450
1.560000  0.073476  0.130540
1.570000  0.074789  0.129654
1.580000  0.076096  0.128788
1.590000  0.077398  0.127939
1.600000  0.078700  0.127105
1.610000  0.080003  0.126285
1.620000  0.081306  0.125477
1.630000  0.082610  0.124681
1.640000  0.083910  0.123900
1.650000  0.085204  0.123136
1.660000  0.086484  0.122390
1.670000  0.087745  0.121666
1.680000  0.088977  0.120969
1.690000  0.090170  0.120303
1.700000  0.091315  0.119672
1.710000  0.092397  0.119083
1.720000  0.093406  0.118540
1.730000  0.094328  0.118049
1.740000  0.095149  0.117616
1.750000  0.095857  0.117245
1.760000  0.096438  0.116943
1.770000  0.096879  0.116714
1.780000  0.097170  0.116565
1.790000  0.097299  0.116498
1.800000  0.097256  0.116520
1.810000  0.097034  0.116635
1.820000  0.096626  0.116845
1.830000  0.096027  0.117156
1.840000  0.095234  0.117571
1.850000  0.094246  0.118092
1.860000  0.093065  0.118723
1.870000  0.091694  0.119465
1.880000  0.090138  0.120321
1.890000  0.088404  0.121292
1.900000  0.086503  0.122379
1.910000  0.084445  0.123583
1.920000  0.082243  0.124904
1.930000  0.079911  0.126342
1.940000  0.077464  0.127897
1.950000  0.074919  0.129568
1.960000  0.072292  0.131352
1.970000  0.069599  0.133250
1.980000  0.066859  0.135258
1.990000  0.064088  0.137375
2.000000  0.061303  0.139597
2.010000  0.058519  0.141920
2.020000  0.055751  0.144343
2.030000  0.053015  0.146859
2.040000  0.050324  0.149464
2.050000  0.047689  0.152153
2.060000  0.045124  0.154918
2.070000  0.042638  0.157751
2.080000  0.040242  0.160643
2.090000  0.037944  0.163582
2.100000  0.035754  0.166555
2.110000  0.033678  0.169545
2.120000  0.031724  0.172534
2.130000  0.029897  0.175500
2.140000  0.028203  0.178416
2.150000  0.026646  0.181255
2.160000  0.025230  0.183986
2.170000  0.023957  0.186575
2.180000  0.022828  0.188989
2.190000  0.021843  0.191193
2.200000  0.021002  0.193156
2.210000  0.020302  0.194851
2.220000  0.019739  0.196258
2.230000  0.019307  0.197364
2.240000  0.019000  0.198166
2.250000  0.018809  0.198670
2.260000  0.018726  0.198893
2.270000  0.018738  0.198859
2.280000  0.018836  0.198600
2.290000  0.019006  0.198151
2.300000  0.019235  0.197552
2.310000  0.019510  0.196842
2.320000  0.019817  0.196060
2.330000  0.020144  0.195243
2.340000  0.020477  0.194424
2.350000  0.020803  0.193633
2.360000  0.021112  0.192896
2.370000  0.021392  0.192237
2.380000  0.021635  0.191673
2.390000  0.021832  0.191220
2.400000  0.021976  0.190891
2.410000  0.022062  0.190695
2.420000  0.022086  0.190640
2.430000  0.022047  0.190730
2.440000  0.021941  0.190969
2.450000  0.021771  0.191359
2.460000  0.021537  0.191899
2.470000  0.021242  0.192589
2.480000  0.020889  0.193427
2.490000  0.020483  0.194407
2.500000  0.020030  0.195527
2.510000  0.019534  0.196781
2.520000  0.019001  0.198162
2.530000  0.018439  0.199663
2.540000  0.017854  0.201277
2.550000  0.017251  0.202994
2.560000  0.016637  0.204805
2.570000  0.016018  0.206701
2.580000  0.015399  0.208673
2.590000  0.014784  0.210711
2.600000  0.014178  0.212805
2.610000  0.013583  0.214947
2.620000  0.013003  0.217130
2.630000  0.012438  0.219348
2.640000  0.011891  0.221598
2.650000  0.011361  0.223877
2.660000  0.010849  0.226185
2.670000  0.010353  0.228526
2.680000  0.009872  0.230905
2.690000  0.009404  0.233331
2.700000  0.008948  0.235814
2.710000  0.008503  0.238368
2.720000  0.008066  0.241007
2.730000  0.007635  0.243749
2.740000  0.007210  0.246613
2.750000  0.006790  0.249617
2.760000  0.006373  0.252782
2.770000  0.005961  0.256128
2.780000  0.005552  0.259676
2.790000  0.005149  0.263444
2.800000  0.004753  0.267451
2.810000  0.004364  0.271714
2.820000  0.003986  0.276244
2.830000  0.003621  0.281051
2.840000  0.003271  0.286136
2.850000  0.002939  0.291490
2.860000  0.002627  0.297090
2.870000  0.002340  0.302891
2.880000  0.002078  0.308819
2.890000  0.001845  0.314759
2.900000  0.001644  0.320546
2.910000  0.001475  0.325954
2.920000  0.001341  0.330699
2.930000  0.001244  0.334456
2.940000  0.001185  0.336905
2.950000  0.001164  0.337802
2.960000  0.001182  0.337041
2.970000  0.001239  0.334687
2.980000  0.001335  0.330955
2.990000  0.001469  0.326153
3.000000  0.001642  0.320603
3.010000  0.001851  0.314598
3.020000  0.002096  0.308376
3.030000  0.002376  0.302113
3.040000  0.002689  0.295932
3.050000  0.003033  0.289916
3.060000  0.003406  0.284116
3.070000  0.003806  0.278563
3.080000  0.004231  0.273271
3.090000  0.004678  0.268246
3.100000  0.005145  0.263488
3.110000  0.005629  0.258991
3.120000  0.006127  0.254750
3.130000  0.006637  0.250756
3.140000  0.007154  0.247001
3.150000  0.007677  0.243477
3.160000  0.008201  0.240177
3.170000  0.008722  0.237093
3.180000  0.009238  0.234219
3.190000  0.009745  0.231548
3.200000  0.010239  0.229076
3.210000  0.010717  0.226797
3.220000  0.011174  0.224707
3.230000  0.011608  0.222803
3.240000  0.012015  0.221082
3.250000  0.012391  0.219541
3.260000  0.012733  0.218177
3.270000  0.013039  0.216989
3.280000  0.013307  0.215974
3.290000  0.013533  0.215131
3.300000  0.013717  0.214457
3.310000  0.013857  0.213950
3.320000  0.013952  0.213608
3.330000  0.014002  0.213427
3.340000  0.014009  0.213404
3.350000  0.013972  0.213534
3.360000  0.013895  0.213812
3.370000  0.013779  0.214232
3.380000  0.013627  0.214784
3.390000  0.013444  0.215461
3.400000  0.013233  0.216251
3.410000  0.013000  0.217141
3.420000  0.012749  0.218116
3.430000  0.012485  0.219161
3.440000  0.012215  0.220256
3.450000  0.011943  0.221381
3.460000  0.011675  0.222516
3.470000  0.011416  0.223636
3.480000  0.011172  0.224719
3.490000  0.010946  0.225740
3.500000  0.010743  0.226677
3.510000  0.010565  0.227509
3.520000  0.010417  0.228215
3.530000  0.010300  0.228779
3.540000  0.010216  0.229189
3.550000  0.010166  0.229434
3.560000  0.010151  0.229510
3.570000  0.010170  0.229417
3.580000  0.010223  0.229156
3.590000  0.010310  0.228734
3.600000  0.010429  0.228160
3.610000  0.010579  0.227445
3.620000  0.010759  0.226600
3.630000  0.010968  0.225639
3.640000  0.011204  0.224574
3.650000  0.011466  0.223418
3.660000  0.011753  0.222184
3.670000  0.012062  0.220883
3.680000  0.012394  0.219527
3.690000  0.012747  0.218125
3.700000  0.013118  0.216687
3.710000  0.013508  0.215225
3.720000  0.013913  0.213745
3.730000  0.014333  0.212259
3.740000  0.014765  0.210774
3.750000  0.015207  0.209300
3.760000  0.015656  0.207846
3.770000  0.016109  0.206419
3.780000  0.016563  0.205029
3.790000  0.017015  0.203682
3.800000  0.017462  0.202386
3.810000  0.017900  0.201147
3.820000  0.018327  0.199969
3.830000  0.018739  0.198858
3.840000  0.019133  0.197816
3.850000  0.019509  0.196844
3.860000  0.019864  0.195943
3.870000  0.020198  0.195109
3.880000  0.020511  0.194339
3.890000  0.020805  0.193627
3.900000  0.021082  0.192967
3.910000  0.021345  0.192348
3.920000  0.021598  0.191758
3.930000  0.021847  0.191185
3.940000  0.022098  0.190613
3.950000  0.022359  0.190026
3.960000  0.022637  0.189408
3.970000  0.022942  0.188739
3.980000  0.023282  0.188003
3.990000  0.023667  0.187183
4.000000  0.024107  0.186263
4.010000  0.024610  0.185231
4.020000  0.025185  0.184076
4.030000  0.025840  0.182792
4.040000  0.026582  0.181376
4.050000  0.027416  0.179831
4.060000  0.028347  0.178162
4.070000  0.029375  0.176381
4.080000  0.030501  0.174499
4.090000  0.031723  0.172535
4.100000  0.033036  0.170508
4.110000  0.034433  0.168437
4.120000  0.035905  0.166345
4.130000  0.037439  0.164252
4.140000  0.039023  0.162180
4.150000  0.040641  0.160149
4.160000  0.042275  0.158177
4.170000  0.043908  0.156283
4.180000  0.045518  0.154482
4.190000  0.047087  0.152788
4.200000  0.048593  0.151214
4.210000  0.050017  0.149769
4.220000  0.051339  0.148465
4.230000  0.052541  0.147308
4.240000  0.053606  0.146304
4.250000  0.054519  0.145460
4.260000  0.055266  0.144780
4.270000  0.055837  0.144266
4.280000  0.056222  0.143922
4.290000  0.056416  0.143750
4.300000  0.056416  0.143750
4.310000  0.056220  0.143924
4.320000  0.055830  0.144273
4.330000  0.055249  0.144796
4.340000  0.054483  0.145493
4.350000  0.053541  0.146366
4.360000  0.052431  0.147413
4.370000  0.051165  0.148635
4.380000  0.049755  0.150032
4.390000  0.048215  0.151604
4.400000  0.046558  0.153353
4.410000  0.044799  0.155279
4.420000  0.042953  0.157382
4.430000  0.041036  0.159666
4.440000  0.039061  0.162131
4.450000  0.037046  0.164780
4.460000  0.035003  0.167616
4.470000  0.032947  0.170642
4.480000  0.030892  0.173862
4.490000  0.028851  0.177280
4.500000  0.026836  0.180900
4.510000  0.024859  0.184727
4.520000  0.022929  0.188768
4.530000  0.021056  0.193028
4.540000  0.019249  0.197514
4.550000  0.017515  0.202234
4.560000  0.015860  0.207196
4.570000  0.014290  0.212409
4.580000  0.012808  0.217884
4.590000  0.011418  0.223630
4.600000  0.010120  0.229661
4.610000  0.008917  0.235990
4.620000  0.007808  0.242631
4.630000  0.006792  0.249600
4.640000  0.005868  0.256914
4.650000  0.005033  0.264592
4.660000  0.004283  0.272650
4.670000  0.003617  0.281108
4.680000  0.003029  0.289981
4.690000  0.002515  0.299279
4.700000  0.002070  0.309003
4.710000  0.001690  0.319138
4.720000  0.001370  0.329639
4.730000  0.001104  0.340419
4.740000  0.000888  0.351320
4.750000  0.000716  0.362084
4.760000  0.000583  0.372326
4.770000  0.000485  0.381527
4.780000  0.000417  0.389083
4.790000  0.000375  0.394441
4.800000  0.000354  0.397288
4.810000  0.000351  0.397673
4.820000  0.000364  0.395984
4.830000  0.000388  0.392780
4.840000  0.000421  0.388612
4.850000  0.000463  0.383919
4.860000  0.000511  0.379006
4.870000  0.000564  0.374053
4.880000  0.000622  0.369158
4.890000  0.000684  0.364359
4.900000  0.000752  0.359661
4.910000  0.000824  0.355051
4.920000  0.000903  0.350510
4.930000  0.000987  0.346022
4.940000  0.001079  0.341575
4.950000  0.001179  0.337166
4.960000  0.001286  0.332800
4.970000  0.001402  0.328490
4.980000  0.001526  0.324256
4.990000  0.001658  0.320120
