0.000000  0.998155  0.000115
0.010000  0.992643  0.000462
0.020000  0.983530  0.001038
0.030000  0.970926  0.001844
0.040000  0.954983  0.002879
0.050000  0.935887  0.004141
0.060000  0.913860  0.005630
0.070000  0.889153  0.007343
0.080000  0.862040  0.009278
0.090000  0.832815  0.011434
0.100000  0.801784  0.013807
0.110000  0.769260  0.016395
0.120000  0.735560  0.019195
0.130000  0.700996  0.022203
0.140000  0.665873  0.025416
0.150000  0.630483  0.028829
0.160000  0.595104  0.032439
0.170000  0.559991  0.036240
0.180000  0.525379  0.040227
0.190000  0.491479  0.044396
0.200000  0.458476  0.048740
0.210000  0.426530  0.053255
0.220000  0.395774  0.057932
0.230000  0.366316  0.062766
0.240000  0.338240  0.067750
0.250000  0.311604  0.072876
0.260000  0.286447  0.078138
0.270000  0.262787  0.083526
0.280000  0.240624  0.089033
0.290000  0.219942  0.094650
0.300000  0.200711  0.100368
0.310000  0.182892  0.106179
0.320000  0.166434  0.112072
0.330000  0.151278  0.118040
0.340000  0.137362  0.124071
0.350000  0.124619  0.130156
0.360000  0.112978  0.136285
0.370000  0.102368  0.142449
0.380000  0.092719  0.148636
0.390000  0.083961  0.154838
0.400000  0.076024  0.161044
0.410000  0.068844  0.167245
0.420000  0.062357  0.173430
0.430000  0.056502  0.179592
0.440000  0.051224  0.185722
0.450000  0.046468  0.191811
0.460000  0.042187  0.197853
0.470000  0.038333  0.203840
0.480000  0.034865  0.209768
0.490000  0.031743  0.215630
0.500000  0.028933  0.221424
0.510000  0.026401  0.227146
0.520000  0.024120  0.232795
0.530000  0.022062  0.238368
0.540000  0.020204  0.243866
0.550000  0.018526  0.249286
0.560000  0.017008  0.254628
0.570000  0.015635  0.259889
0.580000  0.014393  0.265065
0.590000  0.013268  0.270149
0.600000  0.012251  0.275132
0.610000  0.011333  0.280000
0.620000  0.010507  0.284732
0.630000  0.009766  0.289305
0.640000  0.009105  0.293686
0.650000  0.008519  0.297838
0.660000  0.008007  0.301717
0.670000  0.007564  0.305275
0.680000  0.007188  0.308461
0.690000  0.006877  0.311226
0.700000  0.006629  0.313523
0.710000  0.006441  0.315315
0.720000  0.006312  0.316577
0.730000  0.006240  0.317298
0.740000  0.006222  0.317484
0.750000  0.006254  0.317157
0.760000  0.006335  0.316357
0.770000  0.006460  0.315132
0.780000  0.006627  0.313538
0.790000  0.006831  0.311638
0.800000  0.007070  0.309493
0.810000  0.007339  0.307159
0.820000  0.007635  0.304690
0.830000  0.007954  0.302131
0.840000  0.008293  0.299521
0.850000  0.008649  0.296892
0.860000  0.009020  0.294266
0.870000  0.009404  0.291662
0.880000  0.009799  0.289090
0.890000  0.010205  0.286557
0.900000  0.010620  0.284065
0.910000  0.011045  0.281612
0.920000  0.011481  0.279193
0.930000  0.011928  0.276802
0.940000  0.012390  0.274431
0.950000  0.012867  0.272070
0.960000  0.013362  0.269710
0.970000  0.013878  0.267341
0.980000  0.014418  0.264954
0.990000  0.014986  0.262540
1.000000  0.015585  0.260092
1.010000  0.016217  0.257604
1.020000  0.016888  0.255071
1.030000  0.017600  0.252490
1.040000  0.018357  0.249858
1.050000  0.019162  0.247175
1.060000  0.020019  0.244442
1.070000  0.020930  0.241661
1.080000  0.021898  0.238834
1.090000  0.022927  0.235966
1.100000  0.024018  0.233060
1.110000  0.025174  0.230122
1.120000  0.026397  0.227158
1.130000  0.027688  0.224172
1.140000  0.029050  0.221172
1.150000  0.030483  0.218162
1.160000  0.031988  0.215150
1.170000  0.033565  0.212141
1.180000  0.035215  0.209142
1.190000  0.036937  0.206159
1.200000  0.038730  0.203197
1.210000  0.040592  0.200262
1.220000  0.042520  0.197361
1.230000  0.044513  0.194499
1.240000  0.046566  0.191681
1.250000  0.048674  0.188913
1.260000  0.050834  0.186200
1.270000  0.053038  0.183547
1.280000  0.055282  0.180957
1.290000  0.057558  0.178436
1.300000  0.059859  0.175986
1.310000  0.062178  0.173610
1.320000  0.064507  0.171311
1.330000  0.066840  0.169091
1.340000  0.069168  0.166951
1.350000  0.071487  0.164890
1.360000  0.073790  0.162908
1.370000  0.076072  0.161005
1.380000  0.078329  0.159177
1.390000  0.080560  0.157422
1.400000  0.082762  0.155737
1.410000  0.084936  0.154116
1.420000  0.087084  0.152555
1.430000  0.089210  0.151048
1.440000  0.091317  0.149588
1.450000  0.093413  0.148170
1.460000  0.095504  0.146787
1.470000  0.097599  0.145431
1.480000  0.099706  0.144096
1.490000  0.101834  0.142775
1.500000  0.103994  0.141464
1.510000  0.106195  0.140155
1.520000  0.108445  0.138844
1.530000  0.110753  0.137528
1.540000  0.113124  0.136204
1.550000  0.115565  0.134870
1.560000  0.118078  0.133526
1.570000  0.120665  0.132171
1.580000  0.123326  0.130808
1.590000  0.126058  0.129438
1.600000  0.128855  0.128067
1.610000  0.131710  0.126697
1.620000  0.134613  0.125335
1.630000  0.137551  0.123985
1.640000  0.140511  0.122654
1.650000  0.143476  0.121349
1.660000  0.146428  0.120076
1.670000  0.149348  0.118842
1.680000  0.152215  0.117654
1.690000  0.155007  0.116518
1.700000  0.157703  0.115440
1.710000  0.160281  0.114427
1.720000  0.162718  0.113483
1.730000  0.164993  0.112616
1.740000  0.167086  0.111828
1.750000  0.168975  0.111125
1.760000  0.170643  0.110511
1.770000  0.172073  0.109990
1.780000  0.173248  0.109564
1.790000  0.174157  0.109238
1.800000  0.174786  0.109012
1.810000  0.175125  0.108891
1.820000  0.175168  0.108876
1.830000  0.174908  0.108968
1.840000  0.174341  0.109172
1.850000  0.173464  0.109487
1.860000  0.172276  0.109916
1.870000  0.170779  0.110462
1.880000  0.168974  0.111126
1.890000  0.166866  0.111910
1.900000  0.164458  0.112819
1.910000  0.161756  0.113854
1.920000  0.158769  0.115019
1.930000  0.155503  0.116318
1.940000  0.151968  0.117755
1.950000  0.148175  0.119335
1.960000  0.144136  0.121062
1.970000  0.139864  0.122943
1.980000  0.135374  0.124982
1.990000  0.130683  0.127186
2.000000  0.125810  0.129561
2.010000  0.120775  0.132114
2.020000  0.115600  0.134851
2.030000  0.110311  0.137778
2.040000  0.104933  0.140902
2.050000  0.099495  0.144228
2.060000  0.094027  0.147761
2.070000  0.088561  0.151504
2.080000  0.083128  0.155461
2.090000  0.077761  0.159632
2.100000  0.072495  0.164015
2.110000  0.067362  0.168604
2.120000  0.062395  0.173392
2.130000  0.057624  0.178364
2.140000  0.053078  0.183499
2.150000  0.048785  0.188771
2.160000  0.044767  0.194143
2.170000  0.041045  0.199567
2.180000  0.037637  0.204986
2.190000  0.034554  0.210327
2.200000  0.031806  0.215506
2.210000  0.029396  0.220431
2.220000  0.027325  0.224997
2.230000  0.025588  0.229101
2.240000  0.024177  0.232647
2.250000  0.023079  0.235551
2.260000  0.022279  0.237757
2.270000  0.021757  0.239239
2.280000  0.021491  0.240007
2.290000  0.021458  0.240103
2.300000  0.021632  0.239600
2.310000  0.021985  0.238588
2.320000  0.022490  0.237169
2.330000  0.023119  0.235444
2.340000  0.023845  0.233512
2.350000  0.024641  0.231458
2.360000  0.025483  0.229360
2.370000  0.026346  0.227278
2.380000  0.027209  0.225263
2.390000  0.028053  0.223353
2.400000  0.028862  0.221577
2.410000  0.029621  0.219955
2.420000  0.030318  0.218500
2.430000  0.030946  0.217219
2.440000  0.031498  0.216114
2.450000  0.031971  0.215183
2.460000  0.032363  0.214421
2.470000  0.032676  0.213819
2.480000  0.032912  0.213370
2.490000  0.033076  0.213060
2.500000  0.033173  0.212877
2.510000  0.033209  0.212808
2.520000  0.033192  0.212840
2.530000  0.033130  0.212958
2.540000  0.033029  0.213148
2.550000  0.032898  0.213397
2.560000  0.032742  0.213693
2.570000  0.032570  0.214023
2.580000  0.032385  0.214379
2.590000  0.032193  0.214750
2.600000  0.031998  0.215129
2.610000  0.031804  0.215511
2.620000  0.031612  0.215889
2.630000  0.031423  0.216263
2.640000  0.031240  0.216629
2.650000  0.031061  0.216988
2.660000  0.030886  0.217340
2.670000  0.030716  0.217687
2.680000  0.030547  0.218030
2.690000  0.030381  0.218372
2.700000  0.030214  0.218716
2.710000  0.030045  0.219065
2.720000  0.029874  0.219423
2.730000  0.029698  0.219791
2.740000  0.029517  0.220174
2.750000  0.029329  0.220573
2.760000  0.029134  0.220991
2.770000  0.028930  0.221431
2.780000  0.028716  0.221893
2.790000  0.028493  0.222381
2.800000  0.028260  0.222895
2.810000  0.028016  0.223437
2.820000  0.027761  0.224008
2.830000  0.027495  0.224609
2.840000  0.027219  0.225241
2.850000  0.026932  0.225903
2.860000  0.026635  0.226596
2.870000  0.026329  0.227318
2.880000  0.026014  0.228070
2.890000  0.025692  0.228848
2.900000  0.025365  0.229649
2.910000  0.025034  0.230470
2.920000  0.024701  0.231306
2.930000  0.024370  0.232151
2.940000  0.024042  0.232997
2.950000  0.023722  0.233835
2.960000  0.023413  0.234655
2.970000  0.023119  0.235445
2.980000  0.022844  0.236193
2.990000  0.022592  0.236885
3.000000  0.022369  0.237505
3.010000  0.022179  0.238039
3.020000  0.022026  0.238471
3.030000  0.021915  0.238786
3.040000  0.021851  0.238969
3.050000  0.021838  0.239007
3.060000  0.021879  0.238890
3.070000  0.021978  0.238608
3.080000  0.022137  0.238156
3.090000  0.022360  0.237531
3.100000  0.022647  0.236733
3.110000  0.023000  0.235768
3.120000  0.023418  0.234640
3.130000  0.023902  0.233362
3.140000  0.024450  0.231945
3.150000  0.025061  0.230404
3.160000  0.025731  0.228754
3.170000  0.026457  0.227014
3.180000  0.027236  0.225200
3.190000  0.028064  0.223329
3.200000  0.028935  0.221418
3.210000  0.029845  0.219484
3.220000  0.030788  0.217539
3.230000  0.031759  0.215599
3.240000  0.032751  0.213675
3.250000  0.033761  0.211778
3.260000  0.034781  0.209917
3.270000  0.035808  0.208100
3.280000  0.036834  0.206333
3.290000  0.037856  0.204622
3.300000  0.038869  0.202972
3.310000  0.039868  0.201386
3.320000  0.040849  0.199867
3.330000  0.041808  0.198417
3.340000  0.042741  0.197038
3.350000  0.043644  0.195730
3.360000  0.044515  0.194496
3.370000  0.045349  0.193336
3.380000  0.046144  0.192249
3.390000  0.046898  0.191236
3.400000  0.047608  0.190298
3.410000  0.048271  0.189433
3.420000  0.048886  0.188641
3.430000  0.049451  0.187923
3.440000  0.049966  0.187276
3.450000  0.050428  0.186701
3.460000  0.050838  0.186194
3.470000  0.051196  0.185756
3.480000  0.051502  0.185383
3.490000  0.051758  0.185074
3.500000  0.051964  0.184825
3.510000  0.052123  0.184634
3.520000  0.052237  0.184498
3.530000  0.052308  0.184413
3.540000  0.052338  0.184377
3.550000  0.052332  0.184384
3.560000  0.052291  0.184434
3.570000  0.052217  0.184521
3.580000  0.052114  0.184645
3.590000  0.051983  0.184803
3.600000  0.051825  0.184993
3.610000  0.051640  0.185216
3.620000  0.051429  0.185472
3.630000  0.051190  0.185763
3.640000  0.050922  0.186092
3.650000  0.050621  0.186462
3.660000  0.050284  0.186880
3.670000  0.049905  0.187352
3.680000  0.049481  0.187886
3.690000  0.049003  0.188492
3.700000  0.048465  0.189182
3.710000  0.047861  0.189966
3.720000  0.047182  0.190859
3.730000  0.046421  0.191876
3.740000  0.045570  0.193031
3.750000  0.044624  0.194342
3.760000  0.043576  0.195828
3.770000  0.042421  0.197507
3.780000  0.041156  0.199399
3.790000  0.039780  0.201525
3.800000  0.038292  0.203908
3.810000  0.036695  0.206570
3.820000  0.034994  0.209535
3.830000  0.033198  0.212829
3.840000  0.031317  0.216474
3.850000  0.029365  0.220497
3.860000  0.027359  0.224918
3.870000  0.025320  0.229759
3.880000  0.023271  0.235034
3.890000  0.021239  0.240745
3.900000  0.019253  0.246880
3.910000  0.017346  0.253399
3.920000  0.015552  0.260222
3.930000  0.013908  0.267204
3.940000  0.012453  0.274113
3.950000  0.011225  0.280602
3.960000  0.010264  0.286192
3.970000  0.009611  0.290301
3.980000  0.009305  0.292327
3.990000  0.009382  0.291807
4.000000  0.009881  0.288574
4.010000  0.010832  0.282827
4.020000  0.012268  0.275050
4.030000  0.014213  0.265851
4.040000  0.016690  0.255810
4.050000  0.019715  0.245397
4.060000  0.023301  0.234954
4.070000  0.027452  0.224707
4.080000  0.032169  0.214798
4.090000  0.037444  0.205307
4.100000  0.043264  0.196277
4.110000  0.049609  0.187723
4.120000  0.056454  0.179645
4.130000  0.063766  0.172033
4.140000  0.071507  0.164873
4.150000  0.079631  0.158147
4.160000  0.088091  0.151837
4.170000  0.096831  0.145924
4.180000  0.105795  0.140391
4.190000  0.114919  0.135220
4.200000  0.124142  0.130396
4.210000  0.133396  0.125902
4.220000  0.142614  0.121726
4.230000  0.151728  0.117854
4.240000  0.160673  0.114274
4.250000  0.169382  0.110975
4.260000  0.177792  0.107946
4.270000  0.185841  0.105179
4.280000  0.193473  0.102664
4.290000  0.200633  0.100392
4.300000  0.207273  0.098357
4.310000  0.213350  0.096551
4.320000  0.218824  0.094968
4.330000  0.223663  0.093601
4.340000  0.227842  0.092444
4.350000  0.231339  0.091492
4.360000  0.234141  0.090739
4.370000  0.236242  0.090181
4.380000  0.237640  0.089812
4.390000  0.238343  0.089628
4.400000  0.238361  0.089623
4.410000  0.237714  0.089793
4.420000  0.236426  0.090133
4.430000  0.234527  0.090637
4.440000  0.232053  0.091299
4.450000  0.229044  0.092115
4.460000  0.225543  0.093078
4.470000  0.221600  0.094180
4.480000  0.217263  0.095415
4.490000  0.212587  0.096775
4.500000  0.207625  0.098252
4.510000  0.202430  0.099835
4.520000  0.197059  0.101516
4.530000  0.191561  0.103284
4.540000  0.185989  0.105129
4.550000  0.180389  0.107040
4.560000  0.174803  0.109006
4.570000  0.169271  0.111016
4.580000  0.163825  0.113060
4.590000  0.158493  0.115128
4.600000  0.153296  0.117212
4.610000  0.148249  0.119304
4.620000  0.143361  0.121400
4.630000  0.138633  0.123495
4.640000  0.134063  0.125590
4.650000  0.129642  0.127686
4.660000  0.125356  0.129787
4.670000  0.121188  0.131901
4.680000  0.117117  0.134036
4.690000  0.113120  0.136206
4.700000  0.109174  0.138426
4.710000  0.105253  0.140712
4.720000  0.101334  0.143083
4.730000  0.097396  0.145561
4.740000  0.093419  0.148166
4.750000  0.089388  0.150923
4.760000  0.085290  0.153856
4.770000  0.081118  0.156991
4.780000  0.076870  0.160353
4.790000  0.072547  0.163970
4.800000  0.068157  0.167872
4.810000  0.063712  0.172087
4.820000  0.059228  0.176648
4.830000  0.054725  0.181589
4.840000  0.050229  0.186947
4.850000  0.045766  0.192764
4.860000  0.041364  0.199084
4.870000  0.037054  0.205960
4.880000  0.032868  0.213453
4.890000  0.028836  0.221633
4.900000  0.024987  0.230587
4.910000  0.021351  0.240417
4.920000  0.017951  0.251256
4.930000  0.014812  0.263268
4.940000  0.011953  0.276672
4.950000  0.009390  0.291760
4.960000  0.007133  0.308941
4.970000  0.005190  0.328809
4.980000  0.003566  0.352277
4.990000  0.002257  0.380853
