0.000000   1.000000   -0.000000
0.005000   0.999538   0.000029
0.010000   0.998155   0.000115
0.015000   0.995854   0.000260
0.020000   0.992643   0.000462
0.025000   0.988531   0.000721
0.030000   0.983530   0.001038
0.035000   0.977656   0.001412
0.040000   0.970926   0.001844
0.045000   0.963361   0.002333
0.050000   0.954983   0.002879
0.055000   0.945816   0.003482
0.060000   0.935887   0.004141
0.065000   0.925225   0.004857
0.070000   0.913860   0.005630
0.075000   0.901825   0.006458
0.080000   0.889153   0.007343
0.085000   0.875880   0.008283
0.090000   0.862040   0.009278
0.095000   0.847673   0.010329
0.100000   0.832815   0.011434
0.105000   0.817506   0.012594
0.110000   0.801784   0.013807
0.115000   0.785689   0.015075
0.120000   0.769260   0.016395
0.125000   0.752537   0.017769
0.130000   0.735560   0.019195
0.135000   0.718366   0.020673
0.140000   0.700996   0.022203
0.145000   0.683485   0.023784
0.150000   0.665873   0.025416
0.155000   0.648194   0.027098
0.160000   0.630483   0.028829
0.165000   0.612776   0.030610
0.170000   0.595104   0.032439
0.175000   0.577499   0.034316
0.180000   0.559991   0.036240
0.185000   0.542608   0.038210
0.190000   0.525379   0.040227
0.195000   0.508327   0.042289
0.200000   0.491479   0.044396
0.205000   0.474854   0.046547
0.210000   0.458476   0.048740
0.215000   0.442362   0.050977
0.220000   0.426530   0.053255
0.225000   0.410996   0.055573
0.230000   0.395774   0.057932
0.235000   0.380877   0.060330
0.240000   0.366316   0.062766
0.245000   0.352101   0.065240
0.250000   0.338240   0.067750
0.255000   0.324739   0.070296
0.260000   0.311604   0.072876
0.265000   0.298839   0.075491
0.270000   0.286447   0.078138
0.275000   0.274430   0.080816
0.280000   0.262787   0.083526
0.285000   0.251519   0.086265
0.290000   0.240624   0.089033
0.295000   0.230099   0.091828
0.300000   0.219942   0.094650
0.305000   0.210147   0.097497
0.310000   0.200711   0.100368
0.315000   0.191628   0.103262
0.320000   0.182892   0.106179
0.325000   0.174496   0.109116
0.330000   0.166434   0.112072
0.335000   0.158697   0.115047
0.340000   0.151278   0.118040
0.345000   0.144169   0.121048
0.350000   0.137362   0.124071
0.355000   0.130848   0.127107
0.360000   0.124619   0.130156
0.365000   0.118665   0.133216
0.370000   0.112978   0.136285
0.375000   0.107548   0.139363
0.380000   0.102368   0.142449
0.385000   0.097428   0.145540
0.390000   0.092719   0.148636
0.395000   0.088233   0.151736
0.400000   0.083961   0.154838
0.405000   0.079894   0.157941
0.410000   0.076024   0.161044
0.415000   0.072344   0.164146
0.420000   0.068844   0.167245
0.425000   0.065517   0.170340
0.430000   0.062357   0.173430
0.435000   0.059354   0.176515
0.440000   0.056502   0.179592
0.445000   0.053794   0.182662
0.450000   0.051224   0.185722
0.455000   0.048784   0.188772
0.460000   0.046468   0.191811
0.465000   0.044271   0.194839
0.470000   0.042187   0.197853
0.475000   0.040209   0.200854
0.480000   0.038333   0.203840
0.485000   0.036553   0.206812
0.490000   0.034865   0.209768
0.495000   0.033263   0.212707
0.500000   0.031743   0.215630
0.505000   0.030301   0.218536
0.510000   0.028933   0.221424
0.515000   0.027634   0.224294
0.520000   0.026401   0.227146
0.525000   0.025231   0.229980
0.530000   0.024120   0.232795
0.535000   0.023065   0.235591
0.540000   0.022062   0.238368
0.545000   0.021110   0.241127
0.550000   0.020204   0.243866
0.555000   0.019344   0.246586
0.560000   0.018526   0.249286
0.565000   0.017748   0.251967
0.570000   0.017008   0.254628
0.575000   0.016305   0.257269
0.580000   0.015635   0.259889
0.585000   0.014999   0.262488
0.590000   0.014393   0.265065
0.595000   0.013816   0.267619
0.600000   0.013268   0.270149
0.605000   0.012747   0.272654
0.610000   0.012251   0.275132
0.615000   0.011781   0.277581
0.620000   0.011333   0.280000
0.625000   0.010909   0.282384
0.630000   0.010507   0.284732
0.635000   0.010126   0.287040
0.640000   0.009766   0.289305
0.645000   0.009425   0.291521
0.650000   0.009105   0.293686
0.655000   0.008803   0.295793
0.660000   0.008519   0.297838
0.665000   0.008254   0.299814
0.670000   0.008007   0.301717
0.675000   0.007777   0.303539
0.680000   0.007564   0.305275
0.685000   0.007367   0.306917
0.690000   0.007188   0.308461
0.695000   0.007024   0.309899
0.700000   0.006877   0.311226
0.705000   0.006745   0.312435
0.710000   0.006629   0.313523
0.715000   0.006527   0.314484
0.720000   0.006441   0.315315
0.725000   0.006370   0.316013
0.730000   0.006312   0.316577
0.735000   0.006269   0.317005
0.740000   0.006240   0.317298
0.745000   0.006224   0.317456
0.750000   0.006222   0.317484
0.755000   0.006232   0.317382
0.760000   0.006254   0.317157
0.765000   0.006289   0.316814
0.770000   0.006335   0.316357
0.775000   0.006392   0.315794
0.780000   0.006460   0.315132
0.785000   0.006539   0.314377
0.790000   0.006627   0.313538
0.795000   0.006725   0.312623
0.800000   0.006831   0.311638
0.805000   0.006947   0.310592
0.810000   0.007070   0.309493
0.815000   0.007201   0.308346
0.820000   0.007339   0.307159
0.825000   0.007484   0.305938
0.830000   0.007635   0.304690
0.835000   0.007792   0.303419
0.840000   0.007954   0.302131
0.845000   0.008121   0.300830
0.850000   0.008293   0.299521
0.855000   0.008469   0.298207
0.860000   0.008649   0.296892
0.865000   0.008833   0.295577
0.870000   0.009020   0.294266
0.875000   0.009211   0.292960
0.880000   0.009404   0.291662
0.885000   0.009601   0.290371
0.890000   0.009799   0.289090
0.895000   0.010001   0.287818
0.900000   0.010205   0.286557
0.905000   0.010411   0.285306
0.910000   0.010620   0.284065
0.915000   0.010831   0.282833
0.920000   0.011045   0.281612
0.925000   0.011261   0.280398
0.930000   0.011481   0.279193
0.935000   0.011703   0.277995
0.940000   0.011928   0.276802
0.945000   0.012157   0.275615
0.950000   0.012390   0.274431
0.955000   0.012626   0.273250
0.960000   0.012867   0.272070
0.965000   0.013112   0.270891
0.970000   0.013362   0.269710
0.975000   0.013617   0.268527
0.980000   0.013878   0.267341
0.985000   0.014145   0.266150
0.990000   0.014418   0.264954
0.995000   0.014698   0.263751
1.000000   0.014986   0.262540
1.005000   0.015281   0.261321
1.010000   0.015585   0.260092
1.015000   0.015896   0.258854
1.020000   0.016217   0.257604
1.025000   0.016548   0.256344
1.030000   0.016888   0.255071
1.035000   0.017239   0.253787
1.040000   0.017600   0.252490
1.045000   0.017973   0.251180
1.050000   0.018357   0.249858
1.055000   0.018754   0.248523
1.060000   0.019162   0.247175
1.065000   0.019584   0.245815
1.070000   0.020019   0.244442
1.075000   0.020467   0.243058
1.080000   0.020930   0.241661
1.085000   0.021407   0.240253
1.090000   0.021898   0.238834
1.095000   0.022405   0.237405
1.100000   0.022927   0.235966
1.105000   0.023464   0.234517
1.110000   0.024018   0.233060
1.115000   0.024588   0.231595
1.120000   0.025174   0.230122
1.125000   0.025777   0.228643
1.130000   0.026397   0.227158
1.135000   0.027034   0.225667
1.140000   0.027688   0.224172
1.145000   0.028360   0.222673
1.150000   0.029050   0.221172
1.155000   0.029757   0.219668
1.160000   0.030483   0.218162
1.165000   0.031226   0.216656
1.170000   0.031988   0.215150
1.175000   0.032767   0.213645
1.180000   0.033565   0.212141
1.185000   0.034381   0.210640
1.190000   0.035215   0.209142
1.195000   0.036067   0.207648
1.200000   0.036937   0.206159
1.205000   0.037825   0.204675
1.210000   0.038730   0.203197
1.215000   0.039652   0.201725
1.220000   0.040592   0.200262
1.225000   0.041548   0.198807
1.230000   0.042520   0.197361
1.235000   0.043509   0.195925
1.240000   0.044513   0.194499
1.245000   0.045532   0.193084
1.250000   0.046566   0.191681
1.255000   0.047613   0.190290
1.260000   0.048674   0.188913
1.265000   0.049748   0.187549
1.270000   0.050834   0.186200
1.275000   0.051931   0.184866
1.280000   0.053038   0.183547
1.285000   0.054155   0.182244
1.290000   0.055282   0.180957
1.295000   0.056416   0.179688
1.300000   0.057558   0.178436
1.305000   0.058705   0.177201
1.310000   0.059859   0.175986
1.315000   0.061016   0.174788
1.320000   0.062178   0.173610
1.325000   0.063341   0.172451
1.330000   0.064507   0.171311
1.335000   0.065673   0.170191
1.340000   0.066840   0.169091
1.345000   0.068005   0.168011
1.350000   0.069168   0.166951
1.355000   0.070329   0.165910
1.360000   0.071487   0.164890
1.365000   0.072641   0.163889
1.370000   0.073790   0.162908
1.375000   0.074934   0.161947
1.380000   0.076072   0.161005
1.385000   0.077204   0.160082
1.390000   0.078329   0.159177
1.395000   0.079448   0.158291
1.400000   0.080560   0.157422
1.405000   0.081664   0.156571
1.410000   0.082762   0.155737
1.415000   0.083852   0.154919
1.420000   0.084936   0.154116
1.425000   0.086013   0.153328
1.430000   0.087084   0.152555
1.435000   0.088150   0.151795
1.440000   0.089210   0.151048
1.445000   0.090266   0.150312
1.450000   0.091317   0.149588
1.455000   0.092366   0.148875
1.460000   0.093413   0.148170
1.465000   0.094459   0.147475
1.470000   0.095504   0.146787
1.475000   0.096550   0.146106
1.480000   0.097599   0.145431
1.485000   0.098650   0.144761
1.490000   0.099706   0.144096
1.495000   0.100767   0.143434
1.500000   0.101834   0.142775
1.505000   0.102910   0.142119
1.510000   0.103994   0.141464
1.515000   0.105089   0.140809
1.520000   0.106195   0.140155
1.525000   0.107314   0.139500
1.530000   0.108445   0.138844
1.535000   0.109591   0.138187
1.540000   0.110753   0.137528
1.545000   0.111930   0.136868
1.550000   0.113124   0.136204
1.555000   0.114335   0.135539
1.560000   0.115565   0.134870
1.565000   0.116812   0.134199
1.570000   0.118078   0.133526
1.575000   0.119362   0.132850
1.580000   0.120665   0.132171
1.585000   0.121987   0.131490
1.590000   0.123326   0.130808
1.595000   0.124683   0.130124
1.600000   0.126058   0.129438
1.605000   0.127449   0.128753
1.610000   0.128855   0.128067
1.615000   0.130276   0.127381
1.620000   0.131710   0.126697
1.625000   0.133156   0.126015
1.630000   0.134613   0.125335
1.635000   0.136078   0.124658
1.640000   0.137551   0.123985
1.645000   0.139030   0.123317
1.650000   0.140511   0.122654
1.655000   0.141994   0.121998
1.660000   0.143476   0.121349
1.665000   0.144955   0.120708
1.670000   0.146428   0.120076
1.675000   0.147893   0.119454
1.680000   0.149348   0.118842
1.685000   0.150789   0.118242
1.690000   0.152215   0.117654
1.695000   0.153621   0.117079
1.700000   0.155007   0.116518
1.705000   0.156369   0.115971
1.710000   0.157703   0.115440
1.715000   0.159008   0.114925
1.720000   0.160281   0.114427
1.725000   0.161519   0.113946
1.730000   0.162718   0.113483
1.735000   0.163877   0.113040
1.740000   0.164993   0.112616
1.745000   0.166064   0.112212
1.750000   0.167086   0.111828
1.755000   0.168057   0.111466
1.760000   0.168975   0.111125
1.765000   0.169838   0.110807
1.770000   0.170643   0.110511
1.775000   0.171389   0.110239
1.780000   0.172073   0.109990
1.785000   0.172693   0.109765
1.790000   0.173248   0.109564
1.795000   0.173737   0.109388
1.800000   0.174157   0.109238
1.805000   0.174507   0.109112
1.810000   0.174786   0.109012
1.815000   0.174992   0.108938
1.820000   0.175125   0.108891
1.825000   0.175184   0.108870
1.830000   0.175168   0.108876
1.835000   0.175076   0.108908
1.840000   0.174908   0.108968
1.845000   0.174663   0.109056
1.850000   0.174341   0.109172
1.855000   0.173941   0.109315
1.860000   0.173464   0.109487
1.865000   0.172909   0.109687
1.870000   0.172276   0.109916
1.875000   0.171566   0.110174
1.880000   0.170779   0.110462
1.885000   0.169915   0.110779
1.890000   0.168974   0.111126
1.895000   0.167958   0.111503
1.900000   0.166866   0.111910
1.905000   0.165699   0.112349
1.910000   0.164458   0.112819
1.915000   0.163143   0.113320
1.920000   0.161756   0.113854
1.925000   0.160298   0.114420
1.930000   0.158769   0.115019
1.935000   0.157170   0.115652
1.940000   0.155503   0.116318
1.945000   0.153769   0.117019
1.950000   0.151968   0.117755
1.955000   0.150103   0.118527
1.960000   0.148175   0.119335
1.965000   0.146186   0.120180
1.970000   0.144136   0.121062
1.975000   0.142028   0.121983
1.980000   0.139864   0.122943
1.985000   0.137645   0.123942
1.990000   0.135374   0.124982
1.995000   0.133053   0.126063
2.000000   0.130683   0.127186
2.005000   0.128268   0.128352
2.010000   0.125810   0.129561
2.015000   0.123311   0.130815
2.020000   0.120775   0.132114
2.025000   0.118203   0.133459
2.030000   0.115600   0.134851
2.035000   0.112968   0.136291
2.040000   0.110311   0.137778
2.045000   0.107631   0.139315
2.050000   0.104933   0.140902
2.055000   0.102220   0.142539
2.060000   0.099495   0.144228
2.065000   0.096763   0.145968
2.070000   0.094027   0.147761
2.075000   0.091292   0.149606
2.080000   0.088561   0.151504
2.085000   0.085838   0.153456
2.090000   0.083128   0.155461
2.095000   0.080434   0.157520
2.100000   0.077761   0.159632
2.105000   0.075114   0.161797
2.110000   0.072495   0.164015
2.115000   0.069910   0.166284
2.120000   0.067362   0.168604
2.125000   0.064856   0.170974
2.130000   0.062395   0.173392
2.135000   0.059983   0.175856
2.140000   0.057624   0.178364
2.145000   0.055321   0.180912
2.150000   0.053078   0.183499
2.155000   0.050898   0.186120
2.160000   0.048785   0.188771
2.165000   0.046740   0.191447
2.170000   0.044767   0.194143
2.175000   0.042868   0.196852
2.180000   0.041045   0.199567
2.185000   0.039301   0.202281
2.190000   0.037637   0.204986
2.195000   0.036054   0.207671
2.200000   0.034554   0.210327
2.205000   0.033138   0.212942
2.210000   0.031806   0.215506
2.215000   0.030559   0.218007
2.220000   0.029396   0.220431
2.225000   0.028319   0.222765
2.230000   0.027325   0.224997
2.235000   0.026415   0.227113
2.240000   0.025588   0.229101
2.245000   0.024843   0.230949
2.250000   0.024177   0.232647
2.255000   0.023590   0.234183
2.260000   0.023079   0.235551
2.265000   0.022643   0.236744
2.270000   0.022279   0.237757
2.275000   0.021984   0.238589
2.280000   0.021757   0.239239
2.285000   0.021593   0.239710
2.290000   0.021491   0.240007
2.295000   0.021447   0.240135
2.300000   0.021458   0.240103
2.305000   0.021521   0.239921
2.310000   0.021632   0.239600
2.315000   0.021787   0.239152
2.320000   0.021985   0.238588
2.325000   0.022220   0.237923
2.330000   0.022490   0.237169
2.335000   0.022790   0.236338
2.340000   0.023119   0.235444
2.345000   0.023471   0.234498
2.350000   0.023845   0.233512
2.355000   0.024236   0.232495
2.360000   0.024641   0.231458
2.365000   0.025058   0.230410
2.370000   0.025483   0.229360
2.375000   0.025913   0.228313
2.380000   0.026346   0.227278
2.385000   0.026779   0.226259
2.390000   0.027209   0.225263
2.395000   0.027635   0.224293
2.400000   0.028053   0.223353
2.405000   0.028463   0.222447
2.410000   0.028862   0.221577
2.415000   0.029248   0.220746
2.420000   0.029621   0.219955
2.425000   0.029978   0.219207
2.430000   0.030318   0.218500
2.435000   0.030641   0.217838
2.440000   0.030946   0.217219
2.445000   0.031232   0.216645
2.450000   0.031498   0.216114
2.455000   0.031745   0.215627
2.460000   0.031971   0.215183
2.465000   0.032177   0.214781
2.470000   0.032363   0.214421
2.475000   0.032530   0.214100
2.480000   0.032676   0.213819
2.485000   0.032804   0.213576
2.490000   0.032912   0.213370
2.495000   0.033003   0.213198
2.500000   0.033076   0.213060
2.505000   0.033132   0.212953
2.510000   0.033173   0.212877
2.515000   0.033198   0.212829
2.520000   0.033209   0.212808
2.525000   0.033207   0.212813
2.530000   0.033192   0.212840
2.535000   0.033166   0.212889
2.540000   0.033130   0.212958
2.545000   0.033084   0.213045
2.550000   0.033029   0.213148
2.555000   0.032967   0.213266
2.560000   0.032898   0.213397
2.565000   0.032823   0.213540
2.570000   0.032742   0.213693
2.575000   0.032658   0.213854
2.580000   0.032570   0.214023
2.585000   0.032478   0.214199
2.590000   0.032385   0.214379
2.595000   0.032290   0.214563
2.600000   0.032193   0.214750
2.605000   0.032096   0.214939
2.610000   0.031998   0.215129
2.615000   0.031901   0.215320
2.620000   0.031804   0.215511
2.625000   0.031707   0.215701
2.630000   0.031612   0.215889
2.635000   0.031517   0.216077
2.640000   0.031423   0.216263
2.645000   0.031331   0.216447
2.650000   0.031240   0.216629
2.655000   0.031149   0.216810
2.660000   0.031061   0.216988
2.665000   0.030973   0.217165
2.670000   0.030886   0.217340
2.675000   0.030800   0.217514
2.680000   0.030716   0.217687
2.685000   0.030631   0.217858
2.690000   0.030547   0.218030
2.695000   0.030464   0.218201
2.700000   0.030381   0.218372
2.705000   0.030297   0.218544
2.710000   0.030214   0.218716
2.715000   0.030130   0.218890
2.720000   0.030045   0.219065
2.725000   0.029960   0.219243
2.730000   0.029874   0.219423
2.735000   0.029787   0.219606
2.740000   0.029698   0.219791
2.745000   0.029609   0.219981
2.750000   0.029517   0.220174
2.755000   0.029424   0.220371
2.760000   0.029329   0.220573
2.765000   0.029232   0.220780
2.770000   0.029134   0.220991
2.775000   0.029033   0.221208
2.780000   0.028930   0.221431
2.785000   0.028824   0.221659
2.790000   0.028716   0.221893
2.795000   0.028606   0.222134
2.800000   0.028493   0.222381
2.805000   0.028378   0.222635
2.810000   0.028260   0.222895
2.815000   0.028139   0.223162
2.820000   0.028016   0.223437
2.825000   0.027890   0.223719
2.830000   0.027761   0.224008
2.835000   0.027629   0.224305
2.840000   0.027495   0.224609
2.845000   0.027358   0.224921
2.850000   0.027219   0.225241
2.855000   0.027077   0.225568
2.860000   0.026932   0.225903
2.865000   0.026785   0.226245
2.870000   0.026635   0.226596
2.875000   0.026483   0.226953
2.880000   0.026329   0.227318
2.885000   0.026172   0.227691
2.890000   0.026014   0.228070
2.895000   0.025854   0.228455
2.900000   0.025692   0.228848
2.905000   0.025529   0.229246
2.910000   0.025365   0.229649
2.915000   0.025200   0.230058
2.920000   0.025034   0.230470
2.925000   0.024868   0.230887
2.930000   0.024701   0.231306
2.935000   0.024535   0.231728
2.940000   0.024370   0.232151
2.945000   0.024205   0.232574
2.950000   0.024042   0.232997
2.955000   0.023881   0.233417
2.960000   0.023722   0.233835
2.965000   0.023566   0.234248
2.970000   0.023413   0.234655
2.975000   0.023264   0.235054
2.980000   0.023119   0.235445
2.985000   0.022978   0.235825
2.990000   0.022844   0.236193
2.995000   0.022715   0.236547
3.000000   0.022592   0.236885
3.005000   0.022477   0.237205
3.010000   0.022369   0.237505
3.015000   0.022269   0.237784
3.020000   0.022179   0.238039
3.025000   0.022097   0.238269
3.030000   0.022026   0.238471
3.035000   0.021965   0.238644
3.040000   0.021915   0.238786
3.045000   0.021877   0.238894
3.050000   0.021851   0.238969
3.055000   0.021838   0.239007
3.060000   0.021838   0.239007
3.065000   0.021851   0.238969
3.070000   0.021879   0.238890
3.075000   0.021921   0.238770
3.080000   0.021978   0.238608
3.085000   0.022050   0.238404
3.090000   0.022137   0.238156
3.095000   0.022240   0.237865
3.100000   0.022360   0.237531
3.105000   0.022495   0.237154
3.110000   0.022647   0.236733
3.115000   0.022815   0.236271
3.120000   0.023000   0.235768
3.125000   0.023201   0.235224
3.130000   0.023418   0.234640
3.135000   0.023652   0.234019
3.140000   0.023902   0.233362
3.145000   0.024168   0.232670
3.150000   0.024450   0.231945
3.155000   0.024748   0.231189
3.160000   0.025061   0.230404
3.165000   0.025388   0.229591
3.170000   0.025731   0.228754
3.175000   0.026087   0.227895
3.180000   0.026457   0.227014
3.185000   0.026841   0.226115
3.190000   0.027236   0.225200
3.195000   0.027645   0.224270
3.200000   0.028064   0.223329
3.205000   0.028495   0.222378
3.210000   0.028935   0.221418
3.215000   0.029386   0.220453
3.220000   0.029845   0.219484
3.225000   0.030313   0.218512
3.230000   0.030788   0.217539
3.235000   0.031270   0.216568
3.240000   0.031759   0.215599
3.245000   0.032253   0.214635
3.250000   0.032751   0.213675
3.255000   0.033254   0.212723
3.260000   0.033761   0.211778
3.265000   0.034270   0.210843
3.270000   0.034781   0.209917
3.275000   0.035294   0.209002
3.280000   0.035808   0.208100
3.285000   0.036321   0.207210
3.290000   0.036834   0.206333
3.295000   0.037346   0.205470
3.300000   0.037856   0.204622
3.305000   0.038364   0.203789
3.310000   0.038869   0.202972
3.315000   0.039371   0.202171
3.320000   0.039868   0.201386
3.325000   0.040361   0.200618
3.330000   0.040849   0.199867
3.335000   0.041332   0.199133
3.340000   0.041808   0.198417
3.345000   0.042278   0.197718
3.350000   0.042741   0.197038
3.355000   0.043196   0.196375
3.360000   0.043644   0.195730
3.365000   0.044084   0.195104
3.370000   0.044515   0.194496
3.375000   0.044936   0.193907
3.380000   0.045349   0.193336
3.385000   0.045752   0.192783
3.390000   0.046144   0.192249
3.395000   0.046527   0.191733
3.400000   0.046898   0.191236
3.405000   0.047259   0.190758
3.410000   0.047608   0.190298
3.415000   0.047945   0.189856
3.420000   0.048271   0.189433
3.425000   0.048585   0.189028
3.430000   0.048886   0.188641
3.435000   0.049175   0.188273
3.440000   0.049451   0.187923
3.445000   0.049715   0.187591
3.450000   0.049966   0.187276
3.455000   0.050203   0.186980
3.460000   0.050428   0.186701
3.465000   0.050640   0.186439
3.470000   0.050838   0.186194
3.475000   0.051023   0.185967
3.480000   0.051196   0.185756
3.485000   0.051355   0.185561
3.490000   0.051502   0.185383
3.495000   0.051636   0.185221
3.500000   0.051758   0.185074
3.505000   0.051867   0.184942
3.510000   0.051964   0.184825
3.515000   0.052049   0.184723
3.520000   0.052123   0.184634
3.525000   0.052185   0.184560
3.530000   0.052237   0.184498
3.535000   0.052277   0.184450
3.540000   0.052308   0.184413
3.545000   0.052328   0.184389
3.550000   0.052338   0.184377
3.555000   0.052340   0.184375
3.560000   0.052332   0.184384
3.565000   0.052315   0.184404
3.570000   0.052291   0.184434
3.575000   0.052258   0.184473
3.580000   0.052217   0.184521
3.585000   0.052169   0.184579
3.590000   0.052114   0.184645
3.595000   0.052052   0.184720
3.600000   0.051983   0.184803
3.605000   0.051907   0.184894
3.610000   0.051825   0.184993
3.615000   0.051736   0.185101
3.620000   0.051640   0.185216
3.625000   0.051538   0.185340
3.630000   0.051429   0.185472
3.635000   0.051313   0.185613
3.640000   0.051190   0.185763
3.645000   0.051060   0.185922
3.650000   0.050922   0.186092
3.655000   0.050776   0.186271
3.660000   0.050621   0.186462
3.665000   0.050457   0.186664
3.670000   0.050284   0.186880
3.675000   0.050100   0.187108
3.680000   0.049905   0.187352
3.685000   0.049699   0.187610
3.690000   0.049481   0.187886
3.695000   0.049249   0.188180
3.700000   0.049003   0.188492
3.705000   0.048742   0.188826
3.710000   0.048465   0.189182
3.715000   0.048172   0.189561
3.720000   0.047861   0.189966
3.725000   0.047531   0.190398
3.730000   0.047182   0.190859
3.735000   0.046812   0.191351
3.740000   0.046421   0.191876
3.745000   0.046007   0.192435
3.750000   0.045570   0.193031
3.755000   0.045110   0.193666
3.760000   0.044624   0.194342
3.765000   0.044113   0.195062
3.770000   0.043576   0.195828
3.775000   0.043012   0.196642
3.780000   0.042421   0.197507
3.785000   0.041803   0.198425
3.790000   0.041156   0.199399
3.795000   0.040482   0.200431
3.800000   0.039780   0.201525
3.805000   0.039050   0.202683
3.810000   0.038292   0.203908
3.815000   0.037507   0.205202
3.820000   0.036695   0.206570
3.825000   0.035857   0.208013
3.830000   0.034994   0.209535
3.835000   0.034108   0.211139
3.840000   0.033198   0.212829
3.845000   0.032268   0.214606
3.850000   0.031317   0.216474
3.855000   0.030349   0.218437
3.860000   0.029365   0.220497
3.865000   0.028368   0.222656
3.870000   0.027359   0.224918
3.875000   0.026343   0.227285
3.880000   0.025320   0.229759
3.885000   0.024295   0.232342
3.890000   0.023271   0.235034
3.895000   0.022251   0.237835
3.900000   0.021239   0.240745
3.905000   0.020238   0.243761
3.910000   0.019253   0.246880
3.915000   0.018288   0.250095
3.920000   0.017346   0.253399
3.925000   0.016433   0.256780
3.930000   0.015552   0.260222
3.935000   0.014709   0.263705
3.940000   0.013908   0.267204
3.945000   0.013155   0.270686
3.950000   0.012453   0.274113
3.955000   0.011808   0.277437
3.960000   0.011225   0.280602
3.965000   0.010709   0.283544
3.970000   0.010264   0.286192
3.975000   0.009897   0.288471
3.980000   0.009611   0.290301
3.985000   0.009412   0.291609
3.990000   0.009305   0.292327
3.995000   0.009293   0.292404
4.000000   0.009382   0.291807
4.005000   0.009577   0.290526
4.010000   0.009881   0.288574
4.015000   0.010298   0.285990
4.020000   0.010832   0.282827
4.025000   0.011488   0.279155
4.030000   0.012268   0.275050
4.035000   0.013175   0.270590
4.040000   0.014213   0.265851
4.045000   0.015384   0.260903
4.050000   0.016690   0.255810
4.055000   0.018133   0.250626
4.060000   0.019715   0.245397
4.065000   0.021438   0.240163
4.070000   0.023301   0.234954
4.075000   0.025306   0.229795
4.080000   0.027452   0.224707
4.085000   0.029740   0.219704
4.090000   0.032169   0.214798
4.095000   0.034737   0.209997
4.100000   0.037444   0.205307
4.105000   0.040287   0.200734
4.110000   0.043264   0.196277
4.115000   0.046372   0.191941
4.120000   0.049609   0.187723
4.125000   0.052971   0.183625
4.130000   0.056454   0.179645
4.135000   0.060054   0.175782
4.140000   0.063766   0.172033
4.145000   0.067585   0.168398
4.150000   0.071507   0.164873
4.155000   0.075524   0.161457
4.160000   0.079631   0.158147
4.165000   0.083822   0.154941
4.170000   0.088091   0.151837
4.175000   0.092429   0.148832
4.180000   0.096831   0.145924
4.185000   0.101289   0.143111
4.190000   0.105795   0.140391
4.195000   0.110341   0.137761
4.200000   0.114919   0.135220
4.205000   0.119523   0.132766
4.210000   0.124142   0.130396
4.215000   0.128769   0.128108
4.220000   0.133396   0.125902
4.225000   0.138013   0.123775
4.230000   0.142614   0.121726
4.235000   0.147188   0.119753
4.240000   0.151728   0.117854
4.245000   0.156226   0.116028
4.250000   0.160673   0.114274
4.255000   0.165061   0.112590
4.260000   0.169382   0.110975
4.265000   0.173628   0.109427
4.270000   0.177792   0.107946
4.275000   0.181865   0.106531
4.280000   0.185841   0.105179
4.285000   0.189713   0.103890
4.290000   0.193473   0.102664
4.295000   0.197115   0.101498
4.300000   0.200633   0.100392
4.305000   0.204021   0.099346
4.310000   0.207273   0.098357
4.315000   0.210384   0.097426
4.320000   0.213350   0.096551
4.325000   0.216164   0.095732
4.330000   0.218824   0.094968
4.335000   0.221325   0.094258
4.340000   0.223663   0.093601
4.345000   0.225836   0.092997
4.350000   0.227842   0.092444
4.355000   0.229676   0.091943
4.360000   0.231339   0.091492
4.365000   0.232828   0.091091
4.370000   0.234141   0.090739
4.375000   0.235280   0.090436
4.380000   0.236242   0.090181
4.385000   0.237029   0.089973
4.390000   0.237640   0.089812
4.395000   0.238078   0.089697
4.400000   0.238343   0.089628
4.405000   0.238436   0.089603
4.410000   0.238361   0.089623
4.415000   0.238119   0.089687
4.420000   0.237714   0.089793
4.425000   0.237148   0.089942
4.430000   0.236426   0.090133
4.435000   0.235551   0.090364
4.440000   0.234527   0.090637
4.445000   0.233360   0.090948
4.450000   0.232053   0.091299
4.455000   0.230613   0.091688
4.460000   0.229044   0.092115
4.465000   0.227352   0.092578
4.470000   0.225543   0.093078
4.475000   0.223624   0.093612
4.480000   0.221600   0.094180
4.485000   0.219477   0.094782
4.490000   0.217263   0.095415
4.495000   0.214964   0.096080
4.500000   0.212587   0.096775
4.505000   0.210138   0.097499
4.510000   0.207625   0.098252
4.515000   0.205053   0.099030
4.520000   0.202430   0.099835
4.525000   0.199763   0.100664
4.530000   0.197059   0.101516
4.535000   0.194322   0.102390
4.540000   0.191561   0.103284
4.545000   0.188782   0.104198
4.550000   0.185989   0.105129
4.555000   0.183190   0.106077
4.560000   0.180389   0.107040
4.565000   0.177591   0.108017
4.570000   0.174803   0.109006
4.575000   0.172028   0.110006
4.580000   0.169271   0.111016
4.585000   0.166535   0.112034
4.590000   0.163825   0.113060
4.595000   0.161143   0.114091
4.600000   0.158493   0.115128
4.605000   0.155877   0.116168
4.610000   0.153296   0.117212
4.615000   0.150753   0.118257
4.620000   0.148249   0.119304
4.625000   0.145785   0.120352
4.630000   0.143361   0.121400
4.635000   0.140977   0.122448
4.640000   0.138633   0.123495
4.645000   0.136329   0.124543
4.650000   0.134063   0.125590
4.655000   0.131835   0.126638
4.660000   0.129642   0.127686
4.665000   0.127483   0.128736
4.670000   0.125356   0.129787
4.675000   0.123259   0.130842
4.680000   0.121188   0.131901
4.685000   0.119142   0.132965
4.690000   0.117117   0.134036
4.695000   0.115111   0.135116
4.700000   0.113120   0.136206
4.705000   0.111142   0.137309
4.710000   0.109174   0.138426
4.715000   0.107211   0.139560
4.720000   0.105253   0.140712
4.725000   0.103294   0.141886
4.730000   0.101334   0.143083
4.735000   0.099369   0.144307
4.740000   0.097396   0.145561
4.745000   0.095413   0.146846
4.750000   0.093419   0.148166
4.755000   0.091411   0.149524
4.760000   0.089388   0.150923
4.765000   0.087348   0.152366
4.770000   0.085290   0.153856
4.775000   0.083214   0.155397
4.780000   0.081118   0.156991
4.785000   0.079003   0.158641
4.790000   0.076870   0.160353
4.795000   0.074717   0.162128
4.800000   0.072547   0.163970
4.805000   0.070360   0.165884
4.810000   0.068157   0.167872
4.815000   0.065940   0.169938
4.820000   0.063712   0.172087
4.825000   0.061473   0.174322
4.830000   0.059228   0.176648
4.835000   0.056977   0.179069
4.840000   0.054725   0.181589
4.845000   0.052475   0.184214
4.850000   0.050229   0.186947
4.855000   0.047992   0.189796
4.860000   0.045766   0.192764
4.865000   0.043555   0.195858
4.870000   0.041364   0.199084
4.875000   0.039196   0.202449
4.880000   0.037054   0.205960
4.885000   0.034944   0.209626
4.890000   0.032868   0.213453
4.895000   0.030831   0.217452
4.900000   0.028836   0.221633
4.905000   0.026887   0.226007
4.910000   0.024987   0.230587
4.915000   0.023141   0.235385
4.920000   0.021351   0.240417
4.925000   0.019620   0.245701
4.930000   0.017951   0.251256
4.935000   0.016348   0.257103
4.940000   0.014812   0.263268
4.945000   0.013347   0.269780
4.950000   0.011953   0.276672
4.955000   0.010634   0.283983
4.960000   0.009390   0.291760
4.965000   0.008222   0.300057
4.970000   0.007133   0.308941
4.975000   0.006122   0.318492
4.980000   0.005190   0.328809
4.985000   0.004338   0.340017
4.990000   0.003566   0.352277
4.995000   0.002872   0.365796
