0.010000    0.999282     0.000072
0.020000    0.997162     0.000284
0.030000    0.993640     0.000638
0.040000    0.988731     0.001133
0.050000    0.982456     0.001770
0.060000    0.974841     0.002548
0.070000    0.965920     0.003467
0.080000    0.955730     0.004528
0.090000    0.944315     0.005730
0.100000    0.931721     0.007072
0.110000    0.918002     0.008556
0.120000    0.903214     0.010180
0.130000    0.887416     0.011944
0.140000    0.870672     0.013849
0.150000    0.853048     0.015894
0.160000    0.834614     0.018079
0.170000    0.815438     0.020403
0.180000    0.795593     0.022867
0.190000    0.775153     0.025469
0.200000    0.754191     0.028211
0.210000    0.732782     0.031091
0.220000    0.710997     0.034109
0.230000    0.688912     0.037264
0.240000    0.666597     0.040557
0.250000    0.644123     0.043987
0.260000    0.621559     0.047552
0.270000    0.598971     0.051254
0.280000    0.576423     0.055091
0.290000    0.553978     0.059063
0.300000    0.531692     0.063169
0.310000    0.509623     0.067408
0.320000    0.487820     0.071781
0.330000    0.466334     0.076285
0.340000    0.445209     0.080921
0.350000    0.424486     0.085688
0.360000    0.404203     0.090584
0.370000    0.384393     0.095609
0.380000    0.365087     0.100762
0.390000    0.346310     0.106042
0.400000    0.328086     0.111448
0.410000    0.310432     0.116979
0.420000    0.293365     0.122634
0.430000    0.276897     0.128411
0.440000    0.261036     0.134310
0.450000    0.245789     0.140328
0.460000    0.231158     0.146465
0.470000    0.217143     0.152720
0.480000    0.203742     0.159090
0.490000    0.190950     0.165574
0.500000    0.178760     0.172171
0.510000    0.167163     0.178879
0.520000    0.156148     0.185695
0.530000    0.145703     0.192619
0.540000    0.135813     0.199648
0.550000    0.126464     0.206780
0.560000    0.117640     0.214013
0.570000    0.109323     0.221345
0.580000    0.101496     0.228773
0.590000    0.094141     0.236296
0.600000    0.087238     0.243911
0.610000    0.080770     0.251616
0.620000    0.074716     0.259407
0.630000    0.069057     0.267282
0.640000    0.063776     0.275239
0.650000    0.058852     0.283274
0.660000    0.054267     0.291385
0.670000    0.050002     0.299568
0.680000    0.046041     0.307821
0.690000    0.042366     0.316141
0.700000    0.038959     0.324524
0.710000    0.035805     0.332967
0.720000    0.032887     0.341466
0.730000    0.030192     0.350019
0.740000    0.027703     0.358622
0.750000    0.025408     0.367271
0.760000    0.023293     0.375962
0.770000    0.021345     0.384693
0.780000    0.019554     0.393459
0.790000    0.017907     0.402256
0.800000    0.016394     0.411082
0.810000    0.015006     0.419932
0.820000    0.013732     0.428803
0.830000    0.012564     0.437691
0.840000    0.011494     0.446592
0.850000    0.010514     0.455502
0.860000    0.009617     0.464418
0.870000    0.008797     0.473336
0.880000    0.008046     0.482253
0.890000    0.007360     0.491164
0.900000    0.006733     0.500067
0.910000    0.006161     0.508958
0.920000    0.005637     0.517834
0.930000    0.005160     0.526691
0.940000    0.004723     0.535526
0.950000    0.004325     0.544336
0.960000    0.003961     0.553119
0.970000    0.003629     0.561870
0.980000    0.003326     0.570588
0.990000    0.003050     0.579269
1.000000    0.002797     0.587912
1.010000    0.002567     0.596514
1.020000    0.002356     0.605072
1.030000    0.002164     0.613585
1.040000    0.001988     0.622050
1.050000    0.001828     0.630466
1.060000    0.001681     0.638832
1.070000    0.001547     0.647144
1.080000    0.001424     0.655403
1.090000    0.001312     0.663607
1.100000    0.001209     0.671755
1.110000    0.001115     0.679845
1.120000    0.001029     0.687878
1.130000    0.000951     0.695851
1.140000    0.000878     0.703766
1.150000    0.000812     0.711620
1.160000    0.000751     0.719414
1.170000    0.000695     0.727147
1.180000    0.000644     0.734820
1.190000    0.000597     0.742432
1.200000    0.000553     0.749983
1.210000    0.000513     0.757474
1.220000    0.000477     0.764904
1.230000    0.000443     0.772275
1.240000    0.000411     0.779587
1.250000    0.000383     0.786842
1.260000    0.000356     0.794040
1.270000    0.000332     0.801183
1.280000    0.000309     0.808273
1.290000    0.000288     0.815314
1.300000    0.000268     0.822307
1.310000    0.000250     0.829257
1.320000    0.000234     0.836169
1.330000    0.000218     0.843046
1.340000    0.000204     0.849896
1.350000    0.000190     0.856724
1.360000    0.000178     0.863538
1.370000    0.000166     0.870345
1.380000    0.000155     0.877153
1.390000    0.000145     0.883970
1.400000    0.000135     0.890804
1.410000    0.000126     0.897663
1.420000    0.000118     0.904552
1.430000    0.000110     0.911474
1.440000    0.000103     0.918430
1.450000    0.000096     0.925414
1.460000    0.000089     0.932415
1.470000    0.000083     0.939412
1.480000    0.000078     0.946371
1.490000    0.000072     0.953245
1.500000    0.000068     0.959968
1.510000    0.000063     0.966452
1.520000    0.000060     0.972589
1.530000    0.000056     0.978252
1.540000    0.000054     0.983301
1.550000    0.000051     0.987598
1.560000    0.000050     0.991022
1.570000    0.000048     0.993492
1.580000    0.000048     0.994979
1.590000    0.000047     0.995514
1.600000    0.000048     0.995185
1.610000    0.000048     0.994120
1.620000    0.000049     0.992469
1.630000    0.000050     0.990385
1.640000    0.000051     0.988011
1.650000    0.000052     0.985472
1.660000    0.000054     0.982869
1.670000    0.000055     0.980286
1.680000    0.000057     0.977784
1.690000    0.000058     0.975412
1.700000    0.000059     0.973203
1.710000    0.000061     0.971182
1.720000    0.000062     0.969365
1.730000    0.000063     0.967763
1.740000    0.000064     0.966382
1.750000    0.000064     0.965226
1.760000    0.000065     0.964296
1.770000    0.000065     0.963590
1.780000    0.000066     0.963108
1.790000    0.000066     0.962846
1.800000    0.000066     0.962801
1.810000    0.000066     0.962970
1.820000    0.000065     0.963349
1.830000    0.000065     0.963935
1.840000    0.000065     0.964723
1.850000    0.000064     0.965709
1.860000    0.000063     0.966891
1.870000    0.000062     0.968264
1.880000    0.000061     0.969826
1.890000    0.000060     0.971572
1.900000    0.000059     0.973501
1.910000    0.000058     0.975607
1.920000    0.000057     0.977890
1.930000    0.000055     0.980345
1.940000    0.000054     0.982969
1.950000    0.000052     0.985760
1.960000    0.000051     0.988716
1.970000    0.000049     0.991833
1.980000    0.000048     0.995108
1.990000    0.000046     0.998540
2.000000    0.000044     1.002128
2.010000    0.000043     1.005869
2.020000    0.000041     1.009764
2.030000    0.000040     1.013814
2.040000    0.000038     1.018021
2.050000    0.000036     1.022391
2.060000    0.000035     1.026929
2.070000    0.000033     1.031643
2.080000    0.000032     1.036541
2.090000    0.000030     1.041633
2.100000    0.000028     1.046926
2.110000    0.000027     1.052423
2.120000    0.000025     1.058121
2.130000    0.000024     1.064002
2.140000    0.000023     1.070034
2.150000    0.000021     1.076160
2.160000    0.000020     1.082298
2.170000    0.000019     1.088337
2.180000    0.000018     1.094143
2.190000    0.000017     1.099575
2.200000    0.000016     1.104515
2.210000    0.000015     1.108899
2.220000    0.000015     1.112758
2.230000    0.000014     1.116234
2.240000    0.000014     1.119582
2.250000    0.000013     1.123152
2.260000    0.000013     1.127368
2.270000    0.000012     1.132700
2.280000    0.000011     1.139645
2.290000    0.000010     1.148672
2.300000    0.000009     1.160004
2.310000    0.000008     1.172840
2.320000    0.000007     1.183179
2.330000    0.000007     1.181955
2.340000    0.000009     1.163680
2.350000    0.000012     1.135535
2.360000    0.000016     1.105824
2.370000    0.000021     1.077719
2.380000    0.000027     1.051716
2.390000    0.000034     1.027534
2.400000    0.000043     1.004750
2.410000    0.000054     0.982977
2.420000    0.000066     0.961898
2.430000    0.000082     0.941272
2.440000    0.000100     0.920927
2.450000    0.000122     0.900747
2.460000    0.000150     0.880665
2.470000    0.000183     0.860650
2.480000    0.000223     0.840697
2.490000    0.000272     0.820819
2.500000    0.000332     0.801040
2.510000    0.000404     0.781390
2.520000    0.000491     0.761899
2.530000    0.000596     0.742599
2.540000    0.000721     0.723517
2.550000    0.000870     0.704680
2.560000    0.001048     0.686111
2.570000    0.001258     0.667829
2.580000    0.001506     0.649851
2.590000    0.001797     0.632190
2.600000    0.002137     0.614858
2.610000    0.002532     0.597862
2.620000    0.002991     0.581210
2.630000    0.003521     0.564905
2.640000    0.004130     0.548949
2.650000    0.004827     0.533345
2.660000    0.005623     0.518092
2.670000    0.006527     0.503187
2.680000    0.007549     0.488630
2.690000    0.008702     0.474416
2.700000    0.009997     0.460542
2.710000    0.011447     0.447005
2.720000    0.013063     0.433798
2.730000    0.014859     0.420917
2.740000    0.016847     0.408357
2.750000    0.019042     0.396112
2.760000    0.021455     0.384178
2.770000    0.024102     0.372547
2.780000    0.026993     0.361216
2.790000    0.030144     0.350178
2.800000    0.033565     0.339428
2.810000    0.037269     0.328960
2.820000    0.041267     0.318769
2.830000    0.045570     0.308850
2.840000    0.050188     0.299197
2.850000    0.055130     0.289806
2.860000    0.060404     0.280671
2.870000    0.066015     0.271787
2.880000    0.071970     0.263150
2.890000    0.078273     0.254755
2.900000    0.084926     0.246598
2.910000    0.091929     0.238674
2.920000    0.099283     0.230978
2.930000    0.106985     0.223507
2.940000    0.115030     0.216256
2.950000    0.123412     0.209222
2.960000    0.132125     0.202401
2.970000    0.141157     0.195788
2.980000    0.150498     0.189380
2.990000    0.160135     0.183174
3.000000    0.170051     0.177166
3.010000    0.180231     0.171352
3.020000    0.190656     0.165729
3.030000    0.201305     0.160293
3.040000    0.212158     0.155042
3.050000    0.223191     0.149973
3.060000    0.234379     0.145081
3.070000    0.245698     0.140365
3.080000    0.257120     0.135821
3.090000    0.268618     0.131446
3.100000    0.280164     0.127238
3.110000    0.291729     0.123193
3.120000    0.303283     0.119309
3.130000    0.314798     0.115583
3.140000    0.326242     0.112012
3.150000    0.337587     0.108593
3.160000    0.348802     0.105325
3.170000    0.359859     0.102204
3.180000    0.370729     0.099228
3.190000    0.381384     0.096395
3.200000    0.391797     0.093701
3.210000    0.401941     0.091145
3.220000    0.411791     0.088724
3.230000    0.421323     0.086436
3.240000    0.430515     0.084277
3.250000    0.439344     0.082247
3.260000    0.447792     0.080343
3.270000    0.455840     0.078561
3.280000    0.463471     0.076901
3.290000    0.470670     0.075360
3.300000    0.477424     0.073935
3.310000    0.483721     0.072625
3.320000    0.489552     0.071427
3.330000    0.494907     0.070338
3.340000    0.499782     0.069358
3.350000    0.504171     0.068484
3.360000    0.508071     0.067713
3.370000    0.511482     0.067044
3.380000    0.514403     0.066475
3.390000    0.516836     0.066003
3.400000    0.518784     0.065627
3.410000    0.520253     0.065344
3.420000    0.521248     0.065153
3.430000    0.521778     0.065051
3.440000    0.521849     0.065038
3.450000    0.521473     0.065110
3.460000    0.520660     0.065266
3.470000    0.519421     0.065504
3.480000    0.517769     0.065823
3.490000    0.515718     0.066220
3.500000    0.513280     0.066693
3.510000    0.510470     0.067242
3.520000    0.507304     0.067864
3.530000    0.503796     0.068558
3.540000    0.499963     0.069322
3.550000    0.495819     0.070154
3.560000    0.491382     0.071053
3.570000    0.486666     0.072018
3.580000    0.481689     0.073046
3.590000    0.476465     0.074136
3.600000    0.471012     0.075287
3.610000    0.465345     0.076498
3.620000    0.459480     0.077766
3.630000    0.453431     0.079091
3.640000    0.447215     0.080472
3.650000    0.440845     0.081906
3.660000    0.434336     0.083394
3.670000    0.427703     0.084933
3.680000    0.420958     0.086522
3.690000    0.414115     0.088161
3.700000    0.407186     0.089848
3.710000    0.400185     0.091583
3.720000    0.393122     0.093364
3.730000    0.386009     0.095190
3.740000    0.378856     0.097060
3.750000    0.371675     0.098974
3.760000    0.364474     0.100930
3.770000    0.357264     0.102928
3.780000    0.350053     0.104967
3.790000    0.342850     0.107046
3.800000    0.335662     0.109165
3.810000    0.328497     0.111323
3.820000    0.321362     0.113519
3.830000    0.314264     0.115752
3.840000    0.307209     0.118023
3.850000    0.300202     0.120330
3.860000    0.293250     0.122673
3.870000    0.286357     0.125052
3.880000    0.279528     0.127465
3.890000    0.272767     0.129914
3.900000    0.266079     0.132396
3.910000    0.259466     0.134913
3.920000    0.252933     0.137463
3.930000    0.246482     0.140047
3.940000    0.240117     0.142663
3.950000    0.233839     0.145312
3.960000    0.227651     0.147994
3.970000    0.221555     0.150708
3.980000    0.215553     0.153455
3.990000    0.209647     0.156233
4.000000    0.203837     0.159043
4.010000    0.198126     0.161885
4.020000    0.192514     0.164759
4.030000    0.187002     0.167664
4.040000    0.181591     0.170600
4.050000    0.176281     0.173568
4.060000    0.171073     0.176567
4.070000    0.165967     0.179597
4.080000    0.160963     0.182658
4.090000    0.156061     0.185751
4.100000    0.151261     0.188875
4.110000    0.146564     0.192030
4.120000    0.141968     0.195216
4.130000    0.137473     0.198433
4.140000    0.133079     0.201681
4.150000    0.128786     0.204960
4.160000    0.124592     0.208271
4.170000    0.120498     0.211613
4.180000    0.116501     0.214985
4.190000    0.112602     0.218389
4.200000    0.108800     0.221825
4.210000    0.105093     0.225291
4.220000    0.101481     0.228789
4.230000    0.097962     0.232317
4.240000    0.094536     0.235877
4.250000    0.091202     0.239468
4.260000    0.087957     0.243090
4.270000    0.084802     0.246744
4.280000    0.081734     0.250428
4.290000    0.078753     0.254143
4.300000    0.075858     0.257890
4.310000    0.073046     0.261667
4.320000    0.070316     0.265475
4.330000    0.067668     0.269314
4.340000    0.065099     0.273184
4.350000    0.062609     0.277085
4.360000    0.060196     0.281015
4.370000    0.057858     0.284977
4.380000    0.055594     0.288968
4.390000    0.053402     0.292990
4.400000    0.051282     0.297042
4.410000    0.049231     0.301123
4.420000    0.047248     0.305234
4.430000    0.045332     0.309375
4.440000    0.043480     0.313545
4.450000    0.041692     0.317744
4.460000    0.039966     0.321971
4.470000    0.038301     0.326228
4.480000    0.036695     0.330513
4.490000    0.035146     0.334826
4.500000    0.033653     0.339166
4.510000    0.032214     0.343535
4.520000    0.030829     0.347931
4.530000    0.029495     0.352353
4.540000    0.028211     0.356803
4.550000    0.026976     0.361279
4.560000    0.025789     0.365781
4.570000    0.024647     0.370309
4.580000    0.023550     0.374863
4.590000    0.022496     0.379441
4.600000    0.021484     0.384044
4.610000    0.020512     0.388672
4.620000    0.019580     0.393324
4.630000    0.018686     0.398000
4.640000    0.017828     0.402699
4.650000    0.017006     0.407420
4.660000    0.016218     0.412165
4.670000    0.015463     0.416932
4.680000    0.014740     0.421720
4.690000    0.014048     0.426530
4.700000    0.013385     0.431361
4.710000    0.012751     0.436212
4.720000    0.012145     0.441084
4.730000    0.011565     0.445975
4.740000    0.011011     0.450886
4.750000    0.010481     0.455815
4.760000    0.009975     0.460762
4.770000    0.009492     0.465728
4.780000    0.009031     0.470710
4.790000    0.008590     0.475710
4.800000    0.008170     0.480726
4.810000    0.007769     0.485758
4.820000    0.007387     0.490805
4.830000    0.007022     0.495867
4.840000    0.006675     0.500944
4.850000    0.006343     0.506036
4.860000    0.006027     0.511143
4.870000    0.005727     0.516264
4.880000    0.005440     0.521400
4.890000    0.005167     0.526550
4.900000    0.004907     0.531717
4.910000    0.004659     0.536898
4.920000    0.004423     0.542096
4.930000    0.004198     0.547310
4.940000    0.003984     0.552540
4.950000    0.003781     0.557785
4.960000    0.003587     0.563045
4.970000    0.003403     0.568319
4.980000    0.003228     0.573602
4.990000    0.003061     0.578893
5.000000    0.002903     0.584187
