0.010000    0.962503     0.000076
0.020000    0.860053     0.000302
0.030000    0.712965     0.000677
0.040000    0.548327     0.001202
0.050000    0.391247     0.001877
0.060000    0.259010     0.002702
0.070000    0.159094     0.003677
0.080000    0.090675     0.004801
0.090000    0.047955     0.006075
0.100000    0.023536     0.007498
0.110000    0.010720     0.009071
0.120000    0.004532     0.010793
0.130000    0.001779     0.012664
0.140000    0.000648     0.014684
0.150000    0.000219     0.016852
0.160000    0.000069     0.019168
0.170000    0.000020     0.021633
0.180000    0.000005     0.024245
0.190000    0.000001     0.027004
0.200000    0.000000     0.029911
0.210000    0.000000     0.032965
0.220000    0.000000     0.036164
0.230000    0.000000     0.039510
0.240000    0.000000     0.043002
0.250000    0.000000     0.046638
0.260000    0.000000     0.050419
0.270000    0.000000     0.054344
0.280000    0.000000     0.058412
0.290000    0.000000     0.062624
0.300000    0.000000     0.066977
0.310000    0.000000     0.071473
0.320000    0.000000     0.076109
0.330000    0.000000     0.080885
0.340000    0.000000     0.085800
0.350000    0.000000     0.090855
0.360000    0.000000     0.096046
0.370000    0.000000     0.101375
0.380000    0.000000     0.106839
0.390000    0.000000     0.112438
0.400000    0.000000     0.118170
0.410000    0.000000     0.124035
0.420000    0.000000     0.130031
0.430000    0.000000     0.136157
0.440000    0.000000     0.142412
0.450000    0.000000     0.148794
0.460000    0.000000     0.155302
0.470000    0.000000     0.161934
0.480000    0.000000     0.168689
0.490000    0.000000     0.175565
0.500000    0.000000     0.182560
0.510000    0.000000     0.189673
0.520000    0.000000     0.196901
0.530000    0.000000     0.204243
0.540000    0.000000     0.211696
0.550000    0.000000     0.219259
0.560000    0.000000     0.226929
0.570000    0.000000     0.234704
0.580000    0.000000     0.242582
0.590000    0.000000     0.250560
0.600000    0.000000     0.258635
0.610000    0.000000     0.266805
0.620000    0.000000     0.275068
0.630000    0.000000     0.283419
0.640000    0.000000     0.291857
0.650000    0.000000     0.300379
0.660000    0.000000     0.308981
0.670000    0.000000     0.317660
0.680000    0.000000     0.326413
0.690000    0.000000     0.335237
0.700000    0.000000     0.344129
0.710000    0.000000     0.353084
0.720000    0.000000     0.362100
0.730000    0.000000     0.371173
0.740000    0.000000     0.380299
0.750000    0.000000     0.389475
0.760000    0.000000     0.398697
0.770000    0.000000     0.407961
0.780000    0.000000     0.417263
0.790000    0.000000     0.426600
0.800000    0.000000     0.435967
0.810000    0.000000     0.445362
0.820000    0.000000     0.454780
0.830000    0.000000     0.464217
0.840000    0.000000     0.473670
0.850000    0.000000     0.483134
0.860000    0.000000     0.492606
0.870000    0.000000     0.502083
0.880000    0.000000     0.511560
0.890000    0.000000     0.521034
0.900000    0.000000     0.530502
0.910000    0.000000     0.539960
0.920000    0.000000     0.549404
0.930000    0.000000     0.557055
0.940000    0.000000     0.541249
0.950000    0.000000     0.526423
0.960000    0.000000     0.511887
0.970000    0.000000     0.497639
0.980000    0.000000     0.483676
0.990000    0.000000     0.469993
1.000000    0.000000     0.456588
1.010000    0.000000     0.443456
1.020000    0.000000     0.430594
1.030000    0.000000     0.418000
1.040000    0.000000     0.405668
1.050000    0.000000     0.393596
1.060000    0.000000     0.381781
1.070000    0.000000     0.370218
1.080000    0.000000     0.358906
1.090000    0.000000     0.347841
1.100000    0.000000     0.337020
1.110000    0.000000     0.326440
1.120000    0.000000     0.316098
1.130000    0.000000     0.305991
1.140000    0.000000     0.296117
1.150000    0.000000     0.286472
1.160000    0.000000     0.277055
1.170000    0.000000     0.267863
1.180000    0.000000     0.258893
1.190000    0.000000     0.250143
1.200000    0.000000     0.241610
1.210000    0.000000     0.233293
1.220000    0.000000     0.225188
1.230000    0.000000     0.217295
1.240000    0.000000     0.209610
1.250000    0.000000     0.202131
1.260000    0.000000     0.194857
1.270000    0.000000     0.187786
1.280000    0.000000     0.180915
1.290000    0.000000     0.174242
1.300000    0.000000     0.167767
1.310000    0.000000     0.161486
1.320000    0.000000     0.155398
1.330000    0.000000     0.149502
1.340000    0.000000     0.143795
1.350000    0.000000     0.138276
1.360000    0.000000     0.132943
1.370000    0.000000     0.127795
1.380000    0.000000     0.122829
1.390000    0.000000     0.118045
1.400000    0.000000     0.113440
1.410000    0.000000     0.109014
1.420000    0.000000     0.104764
1.430000    0.000000     0.100689
1.440000    0.000000     0.096788
1.450000    0.000000     0.093059
1.460000    0.000000     0.089501
1.470000    0.000000     0.086111
1.480000    0.000000     0.082890
1.490000    0.000000     0.079835
1.500000    0.000000     0.076945
1.510000    0.000000     0.074218
1.520000    0.000000     0.071654
1.530000    0.000000     0.069250
1.540000    0.000000     0.067005
1.550000    0.000000     0.064919
1.560000    0.000000     0.062989
1.570000    0.000000     0.061215
1.580000    0.000000     0.059594
1.590000    0.000000     0.058126
1.600000    0.000000     0.056809
1.610000    0.000000     0.055641
1.620000    0.000000     0.054623
1.630000    0.000000     0.053751
1.640000    0.000000     0.053025
1.650000    0.000000     0.052443
1.660000    0.000000     0.052004
1.670000    0.000000     0.051707
1.680000    0.000000     0.051550
1.690000    0.000000     0.051532
1.700000    0.000000     0.051651
1.710000    0.000000     0.051906
1.720000    0.000000     0.052296
1.730000    0.000000     0.052819
1.740000    0.000000     0.053474
1.750000    0.000000     0.054259
1.760000    0.000000     0.055173
1.770000    0.000000     0.056215
1.780000    0.000000     0.057383
1.790000    0.000000     0.058675
1.800000    0.000000     0.060091
1.810000    0.000000     0.061629
1.820000    0.000000     0.063287
1.830000    0.000000     0.065065
1.840000    0.000000     0.066961
1.850000    0.000000     0.068973
1.860000    0.000000     0.071101
1.870000    0.000000     0.073343
1.880000    0.000000     0.075698
1.890000    0.000000     0.078166
1.900000    0.000000     0.080745
1.910000    0.000000     0.083436
1.920000    0.000000     0.086237
1.930000    0.000000     0.089150
1.940000    0.000000     0.092176
1.950000    0.000000     0.095315
1.960000    0.000000     0.098572
1.970000    0.000000     0.101951
1.980000    0.000000     0.105461
1.990000    0.000000     0.109118
2.000000    0.000000     0.112948
2.010000    0.000000     0.117005
2.020000    0.000000     0.121410
2.030000    0.000000     0.126532
2.040000    0.000000     0.131159
2.050000    0.000000     0.132925
2.060000    0.000000     0.135656
2.070000    0.000000     0.138829
2.080000    0.000000     0.142251
2.090000    0.000000     0.145846
2.100000    0.000000     0.149575
2.110000    0.000000     0.153415
2.120000    0.000000     0.157350
2.130000    0.000000     0.161371
2.140000    0.000000     0.165469
2.150000    0.000000     0.169638
2.160000    0.000000     0.173873
2.170000    0.000000     0.178170
2.180000    0.000000     0.182525
2.190000    0.000000     0.186934
2.200000    0.000000     0.191394
2.210000    0.000000     0.195903
2.220000    0.000000     0.200457
2.230000    0.000000     0.205055
2.240000    0.000000     0.209694
2.250000    0.000000     0.214372
2.260000    0.000000     0.219086
2.270000    0.000000     0.223836
2.280000    0.000000     0.228618
2.290000    0.000000     0.233432
2.300000    0.000000     0.238275
2.310000    0.000000     0.243146
2.320000    0.000000     0.248043
2.330000    0.000000     0.252966
2.340000    0.000000     0.257912
2.350000    0.000000     0.262880
2.360000    0.000000     0.267869
2.370000    0.000000     0.272879
2.380000    0.000000     0.277907
2.390000    0.000000     0.282954
2.400000    0.000000     0.288017
2.410000    0.000000     0.293097
2.420000    0.000000     0.298192
2.430000    0.000000     0.303301
2.440000    0.000000     0.308425
2.450000    0.000000     0.313562
2.460000    0.000000     0.318712
2.470000    0.000000     0.323875
2.480000    0.000000     0.329050
2.490000    0.000000     0.334237
2.500000    0.000000     0.339435
2.510000    0.000000     0.344645
2.520000    0.000000     0.349866
2.530000    0.000000     0.355098
2.540000    0.000000     0.360341
2.550000    0.000000     0.365595
2.560000    0.000000     0.370860
2.570000    0.000000     0.376136
2.580000    0.000000     0.381424
2.590000    0.000000     0.386723
2.600000    0.000000     0.392033
2.610000    0.000000     0.397355
2.620000    0.000000     0.402689
2.630000    0.000000     0.408035
2.640000    0.000000     0.413392
2.650000    0.000000     0.418762
2.660000    0.000000     0.424143
2.670000    0.000000     0.429535
2.680000    0.000000     0.434939
2.690000    0.000000     0.440354
2.700000    0.000000     0.445779
2.710000    0.000000     0.451213
2.720000    0.000000     0.456657
2.730000    0.000000     0.462077
2.740000    0.000000     0.456500
2.750000    0.000000     0.443171
2.760000    0.000000     0.430160
2.770000    0.000000     0.417467
2.780000    0.000000     0.405087
2.790000    0.000000     0.393018
2.800000    0.000000     0.381252
2.810000    0.000000     0.369786
2.820000    0.000000     0.358614
2.830000    0.000000     0.347731
2.840000    0.000000     0.337133
2.850000    0.000000     0.326814
2.860000    0.000000     0.316770
2.870000    0.000000     0.306995
2.880000    0.000000     0.297484
2.890000    0.000000     0.288233
2.900000    0.000000     0.279238
2.910000    0.000000     0.270493
2.920000    0.000000     0.261993
2.930000    0.000000     0.253736
2.940000    0.000000     0.245715
2.950000    0.000000     0.237927
2.960000    0.000000     0.230368
2.970000    0.000000     0.223034
2.980000    0.000000     0.215920
2.990000    0.000000     0.209023
3.000000    0.000000     0.202339
3.010000    0.000000     0.195864
3.020000    0.000000     0.189594
3.030000    0.000000     0.183526
3.040000    0.000000     0.177656
3.050000    0.000000     0.171981
3.060000    0.000000     0.166497
3.070000    0.000000     0.161201
3.080000    0.000000     0.156089
3.090000    0.000000     0.151160
3.100000    0.000000     0.146408
3.110000    0.000000     0.141831
3.120000    0.000000     0.137427
3.130000    0.000000     0.133191
3.140000    0.000000     0.129122
3.150000    0.000000     0.125216
3.160000    0.000000     0.121470
3.170000    0.000000     0.117881
3.180000    0.000000     0.114447
3.190000    0.000000     0.111164
3.200000    0.000000     0.108031
3.210000    0.000000     0.105044
3.220000    0.000000     0.102200
3.230000    0.000000     0.099498
3.240000    0.000000     0.096934
3.250000    0.000000     0.094506
3.260000    0.000000     0.092212
3.270000    0.000000     0.090048
3.280000    0.000000     0.088012
3.290000    0.000000     0.086102
3.300000    0.000000     0.084316
3.310000    0.000000     0.082651
3.320000    0.000000     0.081104
3.330000    0.000000     0.079674
3.340000    0.000000     0.078357
3.350000    0.000000     0.077152
3.360000    0.000000     0.076057
3.370000    0.000000     0.075068
3.380000    0.000000     0.074185
3.390000    0.000000     0.073404
3.400000    0.000000     0.072724
3.410000    0.000000     0.072142
3.420000    0.000000     0.071656
3.430000    0.000000     0.071265
3.440000    0.000000     0.070965
3.450000    0.000000     0.070756
3.460000    0.000000     0.070635
3.470000    0.000000     0.070600
3.480000    0.000000     0.070649
3.490000    0.000000     0.070781
3.500000    0.000000     0.070993
3.510000    0.000000     0.071284
3.520000    0.000000     0.071651
3.530000    0.000000     0.072093
3.540000    0.000000     0.072609
3.550000    0.000000     0.073197
3.560000    0.000000     0.073854
3.570000    0.000000     0.074580
3.580000    0.000000     0.075372
3.590000    0.000000     0.076230
3.600000    0.000000     0.077152
3.610000    0.000000     0.078136
3.620000    0.000000     0.079181
3.630000    0.000000     0.080285
3.640000    0.000000     0.081447
3.650000    0.000000     0.082667
3.660000    0.000000     0.083942
3.670000    0.000000     0.085271
3.680000    0.000000     0.086654
3.690000    0.000000     0.088089
3.700000    0.000000     0.089575
3.710000    0.000000     0.091111
3.720000    0.000000     0.092695
3.730000    0.000000     0.094329
3.740000    0.000000     0.096009
3.750000    0.000000     0.097735
3.760000    0.000000     0.099507
3.770000    0.000000     0.101324
3.780000    0.000000     0.103184
3.790000    0.000000     0.105088
3.800000    0.000000     0.107035
3.810000    0.000000     0.109023
3.820000    0.000000     0.111052
3.830000    0.000000     0.113123
3.840000    0.000000     0.115233
3.850000    0.000000     0.117384
3.860000    0.000000     0.119573
3.870000    0.000000     0.121802
3.880000    0.000000     0.124069
3.890000    0.000000     0.126374
3.900000    0.000000     0.128717
3.910000    0.000000     0.131098
3.920000    0.000000     0.133515
3.930000    0.000000     0.135970
3.940000    0.000000     0.138461
3.950000    0.000000     0.140990
3.960000    0.000000     0.143554
3.970000    0.000000     0.146155
3.980000    0.000000     0.148792
3.990000    0.000000     0.151464
4.000000    0.000000     0.154173
4.010000    0.000000     0.156918
4.020000    0.000000     0.159698
4.030000    0.000000     0.162514
4.040000    0.000000     0.165366
4.050000    0.000000     0.168253
4.060000    0.000000     0.171177
4.070000    0.000000     0.174135
4.080000    0.000000     0.177130
4.090000    0.000000     0.180160
4.100000    0.000000     0.183226
4.110000    0.000000     0.186328
4.120000    0.000000     0.189465
4.130000    0.000000     0.192639
4.140000    0.000000     0.195848
4.150000    0.000000     0.199093
4.160000    0.000000     0.202374
4.170000    0.000000     0.205691
4.180000    0.000000     0.209044
4.190000    0.000000     0.212433
4.200000    0.000000     0.215859
4.210000    0.000000     0.219320
4.220000    0.000000     0.222817
4.230000    0.000000     0.226351
4.240000    0.000000     0.229921
4.250000    0.000000     0.233527
4.260000    0.000000     0.237170
4.270000    0.000000     0.240848
4.280000    0.000000     0.244563
4.290000    0.000000     0.248314
4.300000    0.000000     0.252101
4.310000    0.000000     0.255924
4.320000    0.000000     0.259784
4.330000    0.000000     0.263679
4.340000    0.000000     0.267610
4.350000    0.000000     0.271577
4.360000    0.000000     0.275579
4.370000    0.000000     0.279617
4.380000    0.000000     0.283691
4.390000    0.000000     0.287800
4.400000    0.000000     0.291944
4.410000    0.000000     0.296123
4.420000    0.000000     0.300336
4.430000    0.000000     0.304585
4.440000    0.000000     0.308868
4.450000    0.000000     0.313185
4.460000    0.000000     0.317535
4.470000    0.000000     0.321920
4.480000    0.000000     0.326338
4.490000    0.000000     0.330789
4.500000    0.000000     0.335273
4.510000    0.000000     0.339790
4.520000    0.000000     0.344339
4.530000    0.000000     0.348919
4.540000    0.000000     0.353532
4.550000    0.000000     0.358175
4.560000    0.000000     0.362850
4.570000    0.000000     0.367555
4.580000    0.000000     0.372290
4.590000    0.000000     0.377054
4.600000    0.000000     0.381849
4.610000    0.000000     0.385636
4.620000    0.000000     0.378408
4.630000    0.000000     0.371026
4.640000    0.000000     0.363750
4.650000    0.000000     0.356583
4.660000    0.000000     0.349528
4.670000    0.000000     0.342587
4.680000    0.000000     0.335763
4.690000    0.000000     0.329058
4.700000    0.000000     0.322474
4.710000    0.000000     0.316011
4.720000    0.000000     0.309672
4.730000    0.000000     0.303457
4.740000    0.000000     0.297367
4.750000    0.000000     0.291402
4.760000    0.000000     0.285563
4.770000    0.000000     0.279850
4.780000    0.000000     0.274262
4.790000    0.000000     0.268800
4.800000    0.000000     0.263463
4.810000    0.000000     0.258250
4.820000    0.000000     0.253160
4.830000    0.000000     0.248193
4.840000    0.000000     0.243348
4.850000    0.000000     0.238623
4.860000    0.000000     0.234018
4.870000    0.000000     0.229530
4.880000    0.000000     0.225160
4.890000    0.000000     0.220905
4.900000    0.000000     0.216764
4.910000    0.000000     0.212736
4.920000    0.000000     0.208819
4.930000    0.000000     0.205011
4.940000    0.000000     0.201312
4.950000    0.000000     0.197720
4.960000    0.000000     0.194233
4.970000    0.000000     0.190849
4.980000    0.000000     0.187568
4.990000    0.000000     0.184387
5.000000    0.000000     0.181306
