0.010000    0.996227     0.000076
0.020000    0.985195     0.000298
0.030000    0.967079     0.000669
0.040000    0.942278     0.001189
0.050000    0.911327     0.001857
0.060000    0.874881     0.002673
0.070000    0.833691     0.003638
0.080000    0.788578     0.004750
0.090000    0.740407     0.006011
0.100000    0.690057     0.007420
0.110000    0.638398     0.008976
0.120000    0.586264     0.010680
0.130000    0.534435     0.012531
0.140000    0.483616     0.014529
0.150000    0.434425     0.016675
0.160000    0.387385     0.018967
0.170000    0.342918     0.021405
0.180000    0.301345     0.023990
0.190000    0.262887     0.026721
0.200000    0.227674     0.029597
0.210000    0.195752     0.032618
0.220000    0.167091     0.035784
0.230000    0.141600     0.039095
0.240000    0.119137     0.042550
0.250000    0.099521     0.046148
0.260000    0.082542     0.049889
0.270000    0.067974     0.053773
0.280000    0.055581     0.057798
0.290000    0.045127     0.061966
0.300000    0.036382     0.066273
0.310000    0.029128     0.070721
0.320000    0.023158     0.075309
0.330000    0.018284     0.080035
0.340000    0.014337     0.084899
0.350000    0.011165     0.089899
0.360000    0.008636     0.095037
0.370000    0.006635     0.100309
0.380000    0.005063     0.105716
0.390000    0.003838     0.111256
0.400000    0.002890     0.116928
0.410000    0.002162     0.122731
0.420000    0.001607     0.128664
0.430000    0.001187     0.134725
0.440000    0.000871     0.140914
0.450000    0.000635     0.147229
0.460000    0.000460     0.153669
0.470000    0.000332     0.160231
0.480000    0.000237     0.166915
0.490000    0.000169     0.173718
0.500000    0.000120     0.180640
0.510000    0.000084     0.187678
0.520000    0.000059     0.194830
0.530000    0.000041     0.202095
0.540000    0.000028     0.209470
0.550000    0.000019     0.216953
0.560000    0.000013     0.224542
0.570000    0.000009     0.232236
0.580000    0.000006     0.240030
0.590000    0.000004     0.247924
0.600000    0.000003     0.255914
0.610000    0.000002     0.263998
0.620000    0.000001     0.272174
0.630000    0.000001     0.280437
0.640000    0.000001     0.288787
0.650000    0.000000     0.297218
0.660000    0.000000     0.305730
0.670000    0.000000     0.314317
0.680000    0.000000     0.322978
0.690000    0.000000     0.331709
0.700000    0.000000     0.340507
0.710000    0.000000     0.349368
0.720000    0.000000     0.358288
0.730000    0.000000     0.367265
0.740000    0.000000     0.376295
0.750000    0.000000     0.385373
0.760000    0.000000     0.394497
0.770000    0.000000     0.403662
0.780000    0.000000     0.412866
0.790000    0.000000     0.422103
0.800000    0.000000     0.431371
0.810000    0.000000     0.440665
0.820000    0.000000     0.449982
0.830000    0.000000     0.459317
0.840000    0.000000     0.468668
0.850000    0.000000     0.478030
0.860000    0.000000     0.487400
0.870000    0.000000     0.496773
0.880000    0.000000     0.506147
0.890000    0.000000     0.515517
0.900000    0.000000     0.524881
0.910000    0.000000     0.534234
0.920000    0.000000     0.543574
0.930000    0.000000     0.552897
0.940000    0.000000     0.562200
0.950000    0.000000     0.571479
0.960000    0.000000     0.580733
0.970000    0.000000     0.589958
0.980000    0.000000     0.599152
0.990000    0.000000     0.608312
1.000000    0.000000     0.617438
1.010000    0.000000     0.626530
1.020000    0.000000     0.635594
1.030000    0.000000     0.644639
1.040000    0.000000     0.653662
1.050000    0.000000     0.662549
1.060000    0.000000     0.670736
1.070000    0.000000     0.676620
1.080000    0.000000     0.678270
1.090000    0.000000     0.675749
1.100000    0.000000     0.670062
1.110000    0.000000     0.662002
1.120000    0.000000     0.652636
1.130000    0.000000     0.642874
1.140000    0.000000     0.633164
1.150000    0.000000     0.623657
1.160000    0.000000     0.614388
1.170000    0.000000     0.605353
1.180000    0.000000     0.596545
1.190000    0.000000     0.587958
1.200000    0.000000     0.579587
1.210000    0.000000     0.571430
1.220000    0.000000     0.563483
1.230000    0.000000     0.555744
1.240000    0.000000     0.548212
1.250000    0.000000     0.540885
1.260000    0.000000     0.533760
1.270000    0.000000     0.526835
1.280000    0.000000     0.520109
1.290000    0.000000     0.513579
1.300000    0.000000     0.507244
1.310000    0.000000     0.501101
1.320000    0.000000     0.495150
1.330000    0.000000     0.489387
1.340000    0.000000     0.483812
1.350000    0.000000     0.478423
1.360000    0.000000     0.473218
1.370000    0.000000     0.468195
1.380000    0.000000     0.463352
1.390000    0.000000     0.458689
1.400000    0.000000     0.454202
1.410000    0.000000     0.449892
1.420000    0.000000     0.445756
1.430000    0.000000     0.441792
1.440000    0.000000     0.438000
1.450000    0.000000     0.434377
1.460000    0.000000     0.430922
1.470000    0.000000     0.427633
1.480000    0.000000     0.424510
1.490000    0.000000     0.421550
1.500000    0.000000     0.418752
1.510000    0.000000     0.416115
1.520000    0.000000     0.413637
1.530000    0.000000     0.411316
1.540000    0.000000     0.409152
1.550000    0.000000     0.407142
1.560000    0.000000     0.405285
1.570000    0.000000     0.403580
1.580000    0.000000     0.402025
1.590000    0.000000     0.400619
1.600000    0.000000     0.399360
1.610000    0.000000     0.398247
1.620000    0.000000     0.397279
1.630000    0.000000     0.396453
1.640000    0.000000     0.395768
1.650000    0.000000     0.395223
1.660000    0.000000     0.394816
1.670000    0.000000     0.394546
1.680000    0.000000     0.394412
1.690000    0.000000     0.394410
1.700000    0.000000     0.394541
1.710000    0.000000     0.394802
1.720000    0.000000     0.395192
1.730000    0.000000     0.395709
1.740000    0.000000     0.396351
1.750000    0.000000     0.397117
1.760000    0.000000     0.398006
1.770000    0.000000     0.399015
1.780000    0.000000     0.400143
1.790000    0.000000     0.401388
1.800000    0.000000     0.402748
1.810000    0.000000     0.404222
1.820000    0.000000     0.405808
1.830000    0.000000     0.407504
1.840000    0.000000     0.409308
1.850000    0.000000     0.411218
1.860000    0.000000     0.413234
1.870000    0.000000     0.415351
1.880000    0.000000     0.417570
1.890000    0.000000     0.419887
1.900000    0.000000     0.422302
1.910000    0.000000     0.424812
1.920000    0.000000     0.427415
1.930000    0.000000     0.430109
1.940000    0.000000     0.432892
1.950000    0.000000     0.435763
1.960000    0.000000     0.438719
1.970000    0.000000     0.441758
1.980000    0.000000     0.444879
1.990000    0.000000     0.448079
2.000000    0.000000     0.451356
2.010000    0.000000     0.454709
2.020000    0.000000     0.458135
2.030000    0.000000     0.461632
2.040000    0.000000     0.465198
2.050000    0.000000     0.468831
2.060000    0.000000     0.472530
2.070000    0.000000     0.476291
2.080000    0.000000     0.480114
2.090000    0.000000     0.483995
2.100000    0.000000     0.487934
2.110000    0.000000     0.491927
2.120000    0.000000     0.495974
2.130000    0.000000     0.500072
2.140000    0.000000     0.504219
2.150000    0.000000     0.508413
2.160000    0.000000     0.512652
2.170000    0.000000     0.516935
2.180000    0.000000     0.521260
2.190000    0.000000     0.525624
2.200000    0.000000     0.530026
2.210000    0.000000     0.534465
2.220000    0.000000     0.538937
2.230000    0.000000     0.543443
2.240000    0.000000     0.547979
2.250000    0.000000     0.552545
2.260000    0.000000     0.557139
2.270000    0.000000     0.561760
2.280000    0.000000     0.566405
2.290000    0.000000     0.571073
2.300000    0.000000     0.575764
2.310000    0.000000     0.580475
2.320000    0.000000     0.585206
2.330000    0.000000     0.589955
2.340000    0.000000     0.594720
2.350000    0.000000     0.599502
2.360000    0.000000     0.604298
2.370000    0.000000     0.609108
2.380000    0.000000     0.613931
2.390000    0.000000     0.618766
2.400000    0.000000     0.623611
2.410000    0.000000     0.628467
2.420000    0.000000     0.633332
2.430000    0.000000     0.638205
2.440000    0.000000     0.643087
2.450000    0.000000     0.647977
2.460000    0.000000     0.652873
2.470000    0.000000     0.657775
2.480000    0.000000     0.662684
2.490000    0.000000     0.667598
2.500000    0.000000     0.672516
2.510000    0.000000     0.677438
2.520000    0.000000     0.682377
2.530000    0.000000     0.687377
2.540000    0.000000     0.692474
2.550000    0.000000     0.697337
2.560000    0.000000     0.700295
2.570000    0.000000     0.699197
2.580000    0.000000     0.694427
2.590000    0.000000     0.684064
2.600000    0.000000     0.667366
2.610000    0.000000     0.649155
2.620000    0.000000     0.631383
2.630000    0.000000     0.614138
2.640000    0.000000     0.597300
2.650000    0.000000     0.580812
2.660000    0.000000     0.564661
2.670000    0.000000     0.548847
2.680000    0.000000     0.533373
2.690000    0.000000     0.518239
2.700000    0.000000     0.503445
2.710000    0.000000     0.488989
2.720000    0.000000     0.474868
2.730000    0.000000     0.461080
2.740000    0.000000     0.447621
2.750000    0.000000     0.434487
2.760000    0.000000     0.421674
2.770000    0.000000     0.409176
2.780000    0.000000     0.396990
2.790000    0.000000     0.385109
2.800000    0.000000     0.373531
2.810000    0.000000     0.362248
2.820000    0.000000     0.351257
2.830000    0.000000     0.340552
2.840000    0.000000     0.330127
2.850000    0.000000     0.319979
2.860000    0.000000     0.310102
2.870000    0.000000     0.300491
2.880000    0.000000     0.291141
2.890000    0.000001     0.282048
2.900000    0.000001     0.273207
2.910000    0.000002     0.264613
2.920000    0.000003     0.256261
2.930000    0.000004     0.248149
2.940000    0.000006     0.240270
2.950000    0.000009     0.232621
2.960000    0.000013     0.225198
2.970000    0.000018     0.217997
2.980000    0.000026     0.211013
2.990000    0.000037     0.204243
3.000000    0.000051     0.197683
3.010000    0.000070     0.191330
3.020000    0.000095     0.185180
3.030000    0.000128     0.179228
3.040000    0.000171     0.173472
3.050000    0.000226     0.167909
3.060000    0.000296     0.162534
3.070000    0.000383     0.157345
3.080000    0.000492     0.152339
3.090000    0.000626     0.147511
3.100000    0.000790     0.142860
3.110000    0.000989     0.138381
3.120000    0.001226     0.134073
3.130000    0.001509     0.129931
3.140000    0.001841     0.125954
3.150000    0.002227     0.122138
3.160000    0.002674     0.118480
3.170000    0.003186     0.114978
3.180000    0.003767     0.111628
3.190000    0.004421     0.108429
3.200000    0.005150     0.105377
3.210000    0.005955     0.102469
3.220000    0.006838     0.099704
3.230000    0.007798     0.097078
3.240000    0.008831     0.094589
3.250000    0.009935     0.092235
3.260000    0.011102     0.090012
3.270000    0.012327     0.087919
3.280000    0.013601     0.085953
3.290000    0.014912     0.084111
3.300000    0.016251     0.082392
3.310000    0.017604     0.080792
3.320000    0.018959     0.079310
3.330000    0.020300     0.077943
3.340000    0.021614     0.076689
3.350000    0.022886     0.075545
3.360000    0.024102     0.074510
3.370000    0.025248     0.073580
3.380000    0.026312     0.072755
3.390000    0.027281     0.072031
3.400000    0.028146     0.071407
3.410000    0.028896     0.070881
3.420000    0.029526     0.070450
3.430000    0.030029     0.070112
3.440000    0.030401     0.069866
3.450000    0.030641     0.069708
3.460000    0.030748     0.069639
3.470000    0.030724     0.069654
3.480000    0.030572     0.069753
3.490000    0.030297     0.069934
3.500000    0.029905     0.070195
3.510000    0.029403     0.070533
3.520000    0.028800     0.070948
3.530000    0.028104     0.071437
3.540000    0.027326     0.071998
3.550000    0.026475     0.072631
3.560000    0.025562     0.073333
3.570000    0.024596     0.074103
3.580000    0.023589     0.074939
3.590000    0.022550     0.075840
3.600000    0.021489     0.076804
3.610000    0.020415     0.077830
3.620000    0.019336     0.078916
3.630000    0.018260     0.080061
3.640000    0.017194     0.081264
3.650000    0.016145     0.082523
3.660000    0.015118     0.083838
3.670000    0.014118     0.085206
3.680000    0.013150     0.086627
3.690000    0.012217     0.088099
3.700000    0.011321     0.089622
3.710000    0.010465     0.091195
3.720000    0.009650     0.092816
3.730000    0.008877     0.094485
3.740000    0.008148     0.096200
3.750000    0.007461     0.097961
3.760000    0.006817     0.099767
3.770000    0.006215     0.101617
3.780000    0.005653     0.103511
3.790000    0.005132     0.105447
3.800000    0.004648     0.107425
3.810000    0.004202     0.109445
3.820000    0.003791     0.111505
3.830000    0.003413     0.113605
3.840000    0.003066     0.115745
3.850000    0.002750     0.117925
3.860000    0.002461     0.120142
3.870000    0.002199     0.122399
3.880000    0.001960     0.124693
3.890000    0.001745     0.127024
3.900000    0.001550     0.129393
3.910000    0.001374     0.131798
3.920000    0.001216     0.134240
3.930000    0.001074     0.136719
3.940000    0.000948     0.139233
3.950000    0.000834     0.141783
3.960000    0.000733     0.144369
3.970000    0.000643     0.146991
3.980000    0.000563     0.149648
3.990000    0.000492     0.152340
4.000000    0.000429     0.155067
4.010000    0.000374     0.157830
4.020000    0.000325     0.160627
4.030000    0.000282     0.163459
4.040000    0.000244     0.166327
4.050000    0.000211     0.169229
4.060000    0.000183     0.172166
4.070000    0.000157     0.175137
4.080000    0.000135     0.178144
4.090000    0.000116     0.181186
4.100000    0.000100     0.184262
4.110000    0.000085     0.187373
4.120000    0.000073     0.190519
4.130000    0.000062     0.193701
4.140000    0.000053     0.196917
4.150000    0.000045     0.200168
4.160000    0.000038     0.203454
4.170000    0.000032     0.206776
4.180000    0.000027     0.210132
4.190000    0.000023     0.213524
4.200000    0.000019     0.216950
4.210000    0.000016     0.220412
4.220000    0.000014     0.223910
4.230000    0.000012     0.227442
4.240000    0.000010     0.231010
4.250000    0.000008     0.234613
4.260000    0.000007     0.238252
4.270000    0.000006     0.241925
4.280000    0.000005     0.245634
4.290000    0.000004     0.249378
4.300000    0.000003     0.253157
4.310000    0.000003     0.256972
4.320000    0.000002     0.260821
4.330000    0.000002     0.264706
4.340000    0.000001     0.268625
4.350000    0.000001     0.272579
4.360000    0.000001     0.276568
4.370000    0.000001     0.280592
4.380000    0.000001     0.284650
4.390000    0.000001     0.288742
4.400000    0.000000     0.292869
4.410000    0.000000     0.297030
4.420000    0.000000     0.301224
4.430000    0.000000     0.305452
4.440000    0.000000     0.309714
4.450000    0.000000     0.314009
4.460000    0.000000     0.318337
4.470000    0.000000     0.322697
4.480000    0.000000     0.327090
4.490000    0.000000     0.331516
4.500000    0.000000     0.335973
4.510000    0.000000     0.340462
4.520000    0.000000     0.344982
4.530000    0.000000     0.349533
4.540000    0.000000     0.354115
4.550000    0.000000     0.358728
4.560000    0.000000     0.363370
4.570000    0.000000     0.368042
4.580000    0.000000     0.372743
4.590000    0.000000     0.377473
4.600000    0.000000     0.382232
4.610000    0.000000     0.387018
4.620000    0.000000     0.391833
4.630000    0.000000     0.396674
4.640000    0.000000     0.401542
4.650000    0.000000     0.406437
4.660000    0.000000     0.411358
4.670000    0.000000     0.416304
4.680000    0.000000     0.421275
4.690000    0.000000     0.426271
4.700000    0.000000     0.431291
4.710000    0.000000     0.436335
4.720000    0.000000     0.441403
4.730000    0.000000     0.446493
4.740000    0.000000     0.451606
4.750000    0.000000     0.456742
4.760000    0.000000     0.461899
4.770000    0.000000     0.467075
4.780000    0.000000     0.472269
4.790000    0.000000     0.477475
4.800000    0.000000     0.482689
4.810000    0.000000     0.487906
4.820000    0.000000     0.493130
4.830000    0.000000     0.498378
4.840000    0.000000     0.503692
4.850000    0.000000     0.509151
4.860000    0.000000     0.514885
4.870000    0.000000     0.521072
4.880000    0.000000     0.527921
4.890000    0.000000     0.535480
4.900000    0.000000     0.542714
4.910000    0.000000     0.545865
4.920000    0.000000     0.543496
4.930000    0.000000     0.539596
4.940000    0.000000     0.536190
4.950000    0.000000     0.533424
4.960000    0.000000     0.531040
4.970000    0.000000     0.528764
4.980000    0.000000     0.526399
4.990000    0.000000     0.523855
5.000000    0.000000     0.521140
