0.1	[[0.99789301]]	[[0.00042184]]
0.2	[[0.99160938]]	[[0.0016852]]
0.30000000000000004	[[0.9812658]]	[[0.00378238]]
0.4	[[0.96705174]]	[[0.00670066]]
0.5	[[0.94922418]]	[[0.01042206]]
0.6000000000000001	[[0.92809969]]	[[0.01492322]]
0.7000000000000001	[[0.90404497]]	[[0.02017523]]
0.8	[[0.877466]]	[[0.02614341]]
0.9	[[0.84879644]]	[[0.03278718]]
1.0	[[0.81848561]]	[[0.04005989]]
1.1	[[0.78698668]]	[[0.04790879]]
1.2000000000000002	[[0.75474522]]	[[0.05627501]]
1.3	[[0.72218885]]	[[0.06509372]]
1.4000000000000001	[[0.6897181]]	[[0.07429446]]
1.5	[[0.65769871]]	[[0.08380167]]
1.6	[[0.62645578]]	[[0.09353542]]
1.7000000000000002	[[0.5962696]]	[[0.10341247]]
1.8	[[0.56737333]]	[[0.11334755]]
1.9000000000000001	[[0.53995234]]	[[0.12325488]]
2.0	[[0.51414512]]	[[0.13304994]]
2.1	[[0.49004558]]	[[0.14265138]]
2.2	[[0.46770636]]	[[0.15198292]]
2.3000000000000003	[[0.44714301]]	[[0.16097536]]
2.4000000000000004	[[0.42833871]]	[[0.16956821]]
2.5	[[0.41124915]]	[[0.17771121]]
2.6	[[0.39580758]]	[[0.18536542]]
2.7	[[0.38192954]]	[[0.19250383]]
2.8000000000000003	[[0.36951734]]	[[0.19911152]]
2.9000000000000004	[[0.35846403]]	[[0.20518539]]
3.0	[[0.34865688]]	[[0.2107334]]
3.1	[[0.33998035]]	[[0.21577349]]
3.2	[[0.33231856]]	[[0.22033225]]
3.3000000000000003	[[0.32555727]]	[[0.22444338]]
3.4000000000000004	[[0.31958546]]	[[0.22814611]]
3.5	[[0.31429662]]	[[0.23148362]]
3.6	[[0.30958967]]	[[0.2345015]]
3.7	[[0.30536979]]	[[0.23724636]]
3.8000000000000003	[[0.30154895]]	[[0.23976458]]
3.9000000000000004	[[0.2980464]]	[[0.24210122]]
4.0	[[0.29478901]]	[[0.24429908]]
4.1000000000000005	[[0.29171152]]	[[0.24639798]]
4.2	[[0.28875672]]	[[0.24843415]]
4.3	[[0.2858755]]	[[0.25043978]]
4.4	[[0.28302684]]	[[0.25244271]]
4.5	[[0.28017765]]	[[0.25446628]]
4.6000000000000005	[[0.2773026]]	[[0.25652919]]
4.7	[[0.27438374]]	[[0.25864553]]
4.800000000000001	[[0.27141017]]	[[0.26082481]]
4.9	[[0.26837756]]	[[0.2630721]]
5.0	[[0.26528772]]	[[0.26538806]]
