0.010000    0.975528     0.001652
0.020000    0.892977     0.007546
0.030000    0.771890     0.017261
0.040000    0.630573     0.030742
0.050000    0.487511     0.047896
0.060000    0.357445     0.068585
0.070000    0.249272     0.092614
0.080000    0.165983     0.119725
0.090000    0.106062     0.149582
0.100000    0.065453     0.181762
0.110000    0.039316     0.215742
0.120000    0.023201     0.250903
0.130000    0.013593     0.286544
0.140000    0.007996     0.321921
0.150000    0.004774     0.356308
0.160000    0.002920     0.389077
0.170000    0.001843     0.419753
0.180000    0.001206     0.448030
0.190000    0.000820     0.473760
0.200000    0.000579     0.496971
0.210000    0.000423     0.517936
0.220000    0.000316     0.537213
0.230000    0.000240     0.555540
0.240000    0.000183     0.573608
0.250000    0.000139     0.591843
0.260000    0.000106     0.610284
0.270000    0.000080     0.628579
0.280000    0.000062     0.646092
0.290000    0.000049     0.662153
0.300000    0.000039     0.676292
0.310000    0.000033     0.688383
0.320000    0.000028     0.698932
0.330000    0.000024     0.709690
0.340000    0.000019     0.723847
0.350000    0.000014     0.745113
0.360000    0.000009     0.771528
0.370000    0.000009     0.772325
0.380000    0.000013     0.749192
0.390000    0.000017     0.732328
0.400000    0.000019     0.725075
0.410000    0.000018     0.727367
0.420000    0.000015     0.739016
0.430000    0.000015     0.741526
0.440000    0.000028     0.698924
0.450000    0.000058     0.650313
0.460000    0.000107     0.609799
0.470000    0.000181     0.574565
0.480000    0.000301     0.540526
0.490000    0.000507     0.505812
0.500000    0.000846     0.471645
0.510000    0.001363     0.439855
0.520000    0.002094     0.411243
0.530000    0.003070     0.385738
0.540000    0.004325     0.362894
0.550000    0.005898     0.342208
0.560000    0.007836     0.323270
0.570000    0.010181     0.305818
0.580000    0.012960     0.289727
0.590000    0.016176     0.274949
0.600000    0.019802     0.261466
0.610000    0.023786     0.249245
0.620000    0.028060     0.238227
0.630000    0.032552     0.228327
0.640000    0.037195     0.219439
0.650000    0.041929     0.211451
0.660000    0.046707     0.204257
0.670000    0.051481     0.197770
0.680000    0.056197     0.191926
0.690000    0.060788     0.186691
0.700000    0.065161     0.182059
0.710000    0.069202     0.178048
0.720000    0.072775     0.174693
0.730000    0.075729     0.172040
0.740000    0.077915     0.170142
0.750000    0.079198     0.169053
0.760000    0.079479     0.168817
0.770000    0.078709     0.169467
0.780000    0.076902     0.171015
0.790000    0.074138     0.173455
0.800000    0.070553     0.176760
0.810000    0.066315     0.180889
0.820000    0.061606     0.185800
0.830000    0.056598     0.191452
0.840000    0.051452     0.197807
0.850000    0.046315     0.204820
0.860000    0.041331     0.212410
0.870000    0.036635     0.220451
0.880000    0.032333     0.228777
0.890000    0.028493     0.237207
0.900000    0.025134     0.245568
0.910000    0.022241     0.253722
0.920000    0.019755     0.261623
0.930000    0.017592     0.269354
0.940000    0.015676     0.277040
0.950000    0.013966     0.284742
0.960000    0.012427     0.292527
0.970000    0.011004     0.300630
0.980000    0.009661     0.309311
0.990000    0.008427     0.318421
1.000000    0.007355     0.327489
1.010000    0.006404     0.336721
1.020000    0.005443     0.347567
1.030000    0.004422     0.361410
1.040000    0.003507     0.376858
1.050000    0.002950     0.388399
1.060000    0.002690     0.394536
1.070000    0.002341     0.403823
1.080000    0.001647     0.427247
1.090000    0.000658     0.488453
1.100000    0.000477     0.509894
1.110000    0.001366     0.439719
1.120000    0.001929     0.416705
1.130000    0.002163     0.409070
1.140000    0.002266     0.405968
1.150000    0.002485     0.399843
1.160000    0.002859     0.390477
1.170000    0.003242     0.382109
1.180000    0.003523     0.376565
1.190000    0.003744     0.372514
1.200000    0.004062     0.367066
1.210000    0.004623     0.358450
1.220000    0.005431     0.347704
1.230000    0.006382     0.336955
1.240000    0.007353     0.327510
1.250000    0.008268     0.319694
1.260000    0.009102     0.313284
1.270000    0.009878     0.307831
1.280000    0.010645     0.302845
1.290000    0.011462     0.297916
1.300000    0.012378     0.292789
1.310000    0.013422     0.287389
1.320000    0.014599     0.281788
1.330000    0.015890     0.276136
1.340000    0.017267     0.270598
1.350000    0.018692     0.265309
1.360000    0.020134     0.260358
1.370000    0.021562     0.255789
1.380000    0.022954     0.251618
1.390000    0.024291     0.247843
1.400000    0.025554     0.244464
1.410000    0.026722     0.241484
1.420000    0.027773     0.238912
1.430000    0.028683     0.236764
1.440000    0.029428     0.235054
1.450000    0.029990     0.233793
1.460000    0.030355     0.232986
1.470000    0.030517     0.232631
1.480000    0.030480     0.232713
1.490000    0.030259     0.233197
1.500000    0.029891     0.234014
1.510000    0.029429     0.235051
1.520000    0.028944     0.236160
1.530000    0.028499     0.237192
1.540000    0.028138     0.238042
1.550000    0.027862     0.238701
1.560000    0.027638     0.239239
1.570000    0.027429     0.239744
1.580000    0.027220     0.240253
1.590000    0.027020     0.240745
1.600000    0.026832     0.241210
1.610000    0.026619     0.241743
1.620000    0.026294     0.242561
1.630000    0.025761     0.243927
1.640000    0.024962     0.246028
1.650000    0.023915     0.248884
1.660000    0.022713     0.252322
1.670000    0.021480     0.256043
1.680000    0.020307     0.259785
1.690000    0.019203     0.263514
1.700000    0.018088     0.267500
1.710000    0.016866     0.272163
1.720000    0.015514     0.277736
1.730000    0.014146     0.283888
1.740000    0.013001     0.289517
1.750000    0.012302     0.293199
1.760000    0.012065     0.294495
1.770000    0.012039     0.294643
1.780000    0.011871     0.295575
1.790000    0.011319     0.298752
1.800000    0.010353     0.304699
1.810000    0.009199     0.312576
1.820000    0.008304     0.319405
1.830000    0.008092     0.321124
1.840000    0.008541     0.317526
1.850000    0.009165     0.312825
1.860000    0.009459     0.310720
1.870000    0.009140     0.313006
1.880000    0.008158     0.320583
1.890000    0.006643     0.334284
1.900000    0.004859     0.355132
1.910000    0.003232     0.382304
1.920000    0.002506     0.399268
1.930000    0.003044     0.386304
1.940000    0.003971     0.368590
1.950000    0.004704     0.357294
1.960000    0.005079     0.352175
1.970000    0.005069     0.352311
1.980000    0.004701     0.357333
1.990000    0.004059     0.367124
2.000000    0.003330     0.380312
2.010000    0.002901     0.389523
2.020000    0.003198     0.383013
2.030000    0.004112     0.366253
2.040000    0.005221     0.350343
2.050000    0.006246     0.338392
2.060000    0.007057     0.330249
2.070000    0.007615     0.325172
2.080000    0.007940     0.322387
2.090000    0.008087     0.321163
2.100000    0.008128     0.320827
2.110000    0.008133     0.320790
2.120000    0.008157     0.320593
2.130000    0.008236     0.319948
2.140000    0.008386     0.318746
2.150000    0.008607     0.317012
2.160000    0.008892     0.314837
2.170000    0.009235     0.312315
2.180000    0.009631     0.309519
2.190000    0.010077     0.306502
2.200000    0.010568     0.303327
2.210000    0.011094     0.300088
2.220000    0.011633     0.296929
2.230000    0.012149     0.294033
2.240000    0.012603     0.291590
2.250000    0.012952     0.289766
2.260000    0.013166     0.288675
2.270000    0.013228     0.288360
2.280000    0.013143     0.288794
2.290000    0.012932     0.289868
2.300000    0.012638     0.291403
2.310000    0.012311     0.293152
2.320000    0.012005     0.294826
2.330000    0.011770     0.296146
2.340000    0.011637     0.296904
2.350000    0.011617     0.297017
2.360000    0.011701     0.296538
2.370000    0.011864     0.295615
2.380000    0.012079     0.294422
2.390000    0.012320     0.293103
2.400000    0.012570     0.291765
2.410000    0.012813     0.290488
2.420000    0.013032     0.289356
2.430000    0.013206     0.288474
2.440000    0.013306     0.287967
2.450000    0.013307     0.287963
2.460000    0.013185     0.288577
2.470000    0.012926     0.289902
2.480000    0.012522     0.292019
2.490000    0.011971     0.295020
2.500000    0.011272     0.299029
2.510000    0.010431     0.304196
2.520000    0.009469     0.310649
2.530000    0.008436     0.318348
2.540000    0.007435     0.326767
2.550000    0.006632     0.334389
2.560000    0.006227     0.338592
2.570000    0.006339     0.337403
2.580000    0.006889     0.331859
2.590000    0.007654     0.324834
2.600000    0.008408     0.318571
2.610000    0.008979     0.314189
2.620000    0.009256     0.312168
2.630000    0.009175     0.312752
2.640000    0.008719     0.316149
2.650000    0.007916     0.322594
2.660000    0.006845     0.332285
2.670000    0.005660     0.344958
2.680000    0.004626     0.358405
2.690000    0.004129     0.365978
2.700000    0.004415     0.361516
2.710000    0.005261     0.349830
2.720000    0.006286     0.337957
2.730000    0.007252     0.328431
2.740000    0.008040     0.321558
2.750000    0.008588     0.317156
2.760000    0.008858     0.315093
2.770000    0.008819     0.315391
2.780000    0.008452     0.318221
2.790000    0.007766     0.323865
2.800000    0.006813     0.332599
2.810000    0.005722     0.344232
2.820000    0.004764     0.356440
2.830000    0.004389     0.361903
2.840000    0.004914     0.354382
2.850000    0.006094     0.340032
2.860000    0.007487     0.326306
2.870000    0.008791     0.315605
2.880000    0.009838     0.308100
2.890000    0.010554     0.303414
2.900000    0.010934     0.301061
2.910000    0.011022     0.300527
2.920000    0.010901     0.301261
2.930000    0.010672     0.302678
2.940000    0.010434     0.304179
2.950000    0.010273     0.305213
2.960000    0.010247     0.305384
2.970000    0.010378     0.304539
2.980000    0.010653     0.302796
2.990000    0.011032     0.300461
3.000000    0.011463     0.297907
3.010000    0.011890     0.295470
3.020000    0.012263     0.293410
3.030000    0.012544     0.291901
3.040000    0.012707     0.291038
3.050000    0.012745     0.290844
3.060000    0.012661     0.291280
3.070000    0.012477     0.292258
3.080000    0.012219     0.293649
3.090000    0.011922     0.295293
3.100000    0.011619     0.297007
3.110000    0.011346     0.298594
3.120000    0.011132     0.299864
3.130000    0.011000     0.300659
3.140000    0.010963     0.300879
3.150000    0.011026     0.300503
3.160000    0.011180     0.299576
3.170000    0.011416     0.298182
3.180000    0.011726     0.296394
3.190000    0.012109     0.294256
3.200000    0.012564     0.291792
3.210000    0.013094     0.289042
3.220000    0.013687     0.286086
3.230000    0.014326     0.283045
3.240000    0.014980     0.280070
3.250000    0.015612     0.277314
3.260000    0.016182     0.274922
3.270000    0.016649     0.273026
3.280000    0.016973     0.271741
3.290000    0.017121     0.271163
3.300000    0.017070     0.271364
3.310000    0.016810     0.272386
3.320000    0.016351     0.274230
3.330000    0.015724     0.276838
3.340000    0.014980     0.280070
3.350000    0.014190     0.283683
3.360000    0.013429     0.287357
3.370000    0.012758     0.290775
3.380000    0.012200     0.293757
3.390000    0.011737     0.296333
3.400000    0.011324     0.298720
3.410000    0.010913     0.301187
3.420000    0.010470     0.303952
3.430000    0.009984     0.307118
3.440000    0.009462     0.310696
3.450000    0.008918     0.314647
3.460000    0.008360     0.318954
3.470000    0.007792     0.323640
3.480000    0.007220     0.328727
3.490000    0.006660     0.334108
3.500000    0.006155     0.339366
3.510000    0.005773     0.343641
3.520000    0.005590     0.345779
3.530000    0.005657     0.344992
3.540000    0.005960     0.341516
3.550000    0.006430     0.336450
3.560000    0.006975     0.331027
3.570000    0.007502     0.326170
3.580000    0.007931     0.322468
3.590000    0.008192     0.320306
3.600000    0.008232     0.319978
3.610000    0.008014     0.321775
3.620000    0.007517     0.326040
3.630000    0.006747     0.333241
3.640000    0.005735     0.344075
3.650000    0.004542     0.359621
3.660000    0.003283     0.381273
3.670000    0.002229     0.407069
3.680000    0.002051     0.412614
3.690000    0.002952     0.388346
3.700000    0.004240     0.364211
3.710000    0.005557     0.346185
3.720000    0.006774     0.332980
3.730000    0.007831     0.323309
3.740000    0.008699     0.316304
3.750000    0.009369     0.311358
3.760000    0.009853     0.307999
3.770000    0.010181     0.305814
3.780000    0.010398     0.304408
3.790000    0.010560     0.303378
3.800000    0.010728     0.302329
3.810000    0.010958     0.300911
3.820000    0.011294     0.298897
3.830000    0.011754     0.296239
3.840000    0.012325     0.293074
3.850000    0.012972     0.289665
3.860000    0.013641     0.286310
3.870000    0.014277     0.283272
3.880000    0.014831     0.280736
3.890000    0.015267     0.278805
3.900000    0.015566     0.277511
3.910000    0.015723     0.276842
3.920000    0.015741     0.276768
3.930000    0.015625     0.277260
3.940000    0.015383     0.278300
3.950000    0.015025     0.279871
3.960000    0.014562     0.281955
3.970000    0.014013     0.284517
3.980000    0.013400     0.287498
3.990000    0.012751     0.290809
4.000000    0.012093     0.294341
4.010000    0.011451     0.297981
4.020000    0.010841     0.301630
4.030000    0.010276     0.305195
4.040000    0.009768     0.308574
4.050000    0.009333     0.311611
4.060000    0.008995     0.314072
4.070000    0.008783     0.315661
4.080000    0.008725     0.316105
4.090000    0.008830     0.315303
4.100000    0.009082     0.313430
4.110000    0.009432     0.310909
4.120000    0.009813     0.308268
4.130000    0.010153     0.305998
4.140000    0.010387     0.304481
4.150000    0.010463     0.303995
4.160000    0.010345     0.304753
4.170000    0.010014     0.306915
4.180000    0.009479     0.310581
4.190000    0.008773     0.315741
4.200000    0.007964     0.322187
4.210000    0.007151     0.329364
4.220000    0.006456     0.336186
4.230000    0.006006     0.341002
4.240000    0.005900     0.342190
4.250000    0.006161     0.339305
4.260000    0.006726     0.333455
4.270000    0.007483     0.326345
4.280000    0.008309     0.319359
4.290000    0.009093     0.313352
4.300000    0.009737     0.308788
4.310000    0.010169     0.305893
4.320000    0.010344     0.304759
4.330000    0.010244     0.305405
4.340000    0.009880     0.307817
4.350000    0.009282     0.311977
4.360000    0.008496     0.317877
4.370000    0.007576     0.325522
4.380000    0.006581     0.334903
4.390000    0.005576     0.345952
4.400000    0.004628     0.358381
4.410000    0.003811     0.371324
4.420000    0.003215     0.382666
4.430000    0.002924     0.388984
4.440000    0.002957     0.388238
4.450000    0.003226     0.382444
4.460000    0.003601     0.375101
4.470000    0.003985     0.368341
4.480000    0.004323     0.362917
4.490000    0.004593     0.358887
4.500000    0.004794     0.356029
4.510000    0.004939     0.354035
4.520000    0.005046     0.352612
4.530000    0.005127     0.351546
4.540000    0.005190     0.350734
4.550000    0.005233     0.350179
4.560000    0.005251     0.349957
4.570000    0.005234     0.350171
4.580000    0.005178     0.350894
4.590000    0.005082     0.352137
4.600000    0.004955     0.353822
4.610000    0.004811     0.355784
4.620000    0.004668     0.357799
4.630000    0.004542     0.359631
4.640000    0.004443     0.361091
4.650000    0.004377     0.362089
4.660000    0.004340     0.362652
4.670000    0.004324     0.362905
4.680000    0.004316     0.363034
4.690000    0.004302     0.363251
4.700000    0.004268     0.363776
4.710000    0.004201     0.364832
4.720000    0.004089     0.366628
4.730000    0.003926     0.369335
4.740000    0.003712     0.373070
4.750000    0.003454     0.377877
4.760000    0.003165     0.383717
4.770000    0.002860     0.390467
4.780000    0.002558     0.397913
4.790000    0.002274     0.405738
4.800000    0.002025     0.413495
4.810000    0.001820     0.420608
4.820000    0.001667     0.426465
4.830000    0.001566     0.430620
4.840000    0.001510     0.433024
4.850000    0.001485     0.434155
4.860000    0.001468     0.434906
4.870000    0.001440     0.436195
4.880000    0.001394     0.438371
4.890000    0.001351     0.440455
4.900000    0.001367     0.439655
4.910000    0.001507     0.433158
4.920000    0.001791     0.421655
4.930000    0.002187     0.408361
4.940000    0.002648     0.395601
4.950000    0.003143     0.384168
4.960000    0.003659     0.374038
4.970000    0.004194     0.364944
4.980000    0.004750     0.356638
4.990000    0.005327     0.348998
5.000000    0.005914     0.342027
