0.010000    0.998899     0.000073
0.020000    0.995658     0.000290
0.030000    0.990281     0.000651
0.040000    0.982802     0.001157
0.050000    0.973270     0.001806
0.060000    0.961747     0.002600
0.070000    0.948307     0.003538
0.080000    0.933037     0.004621
0.090000    0.916033     0.005847
0.100000    0.897399     0.007217
0.110000    0.877253     0.008731
0.120000    0.855713     0.010388
0.130000    0.832910     0.012189
0.140000    0.808976     0.014132
0.150000    0.784046     0.016219
0.160000    0.758259     0.018449
0.170000    0.731755     0.020821
0.180000    0.704673     0.023335
0.190000    0.677151     0.025991
0.200000    0.649323     0.028788
0.210000    0.621321     0.031727
0.220000    0.593272     0.034807
0.230000    0.565296     0.038027
0.240000    0.537510     0.041387
0.250000    0.510020     0.044887
0.260000    0.482927     0.048526
0.270000    0.456323     0.052304
0.280000    0.430293     0.056219
0.290000    0.404912     0.060272
0.300000    0.380246     0.064462
0.310000    0.356353     0.068789
0.320000    0.333284     0.073251
0.330000    0.311078     0.077847
0.340000    0.289768     0.082578
0.350000    0.269379     0.087443
0.360000    0.249927     0.092439
0.370000    0.231423     0.097567
0.380000    0.213869     0.102826
0.390000    0.197264     0.108214
0.400000    0.181596     0.113731
0.410000    0.166854     0.119376
0.420000    0.153019     0.125146
0.430000    0.140068     0.131042
0.440000    0.127975     0.137062
0.450000    0.116711     0.143204
0.460000    0.106246     0.149467
0.470000    0.096545     0.155849
0.480000    0.087575     0.162350
0.490000    0.079300     0.168968
0.500000    0.071683     0.175700
0.510000    0.064688     0.182545
0.520000    0.058279     0.189501
0.530000    0.052418     0.196567
0.540000    0.047071     0.203740
0.550000    0.042202     0.211018
0.560000    0.037779     0.218400
0.570000    0.033768     0.225883
0.580000    0.030138     0.233464
0.590000    0.026860     0.241141
0.600000    0.023905     0.248913
0.610000    0.021245     0.256775
0.620000    0.018857     0.264726
0.630000    0.016715     0.272763
0.640000    0.014798     0.280884
0.650000    0.013085     0.289084
0.660000    0.011557     0.297362
0.670000    0.010197     0.305714
0.680000    0.008986     0.314137
0.690000    0.007912     0.322628
0.700000    0.006959     0.331184
0.710000    0.006115     0.339801
0.720000    0.005369     0.348476
0.730000    0.004710     0.357205
0.740000    0.004129     0.365985
0.750000    0.003617     0.374813
0.760000    0.003166     0.383685
0.770000    0.002770     0.392597
0.780000    0.002422     0.401545
0.790000    0.002117     0.410526
0.800000    0.001849     0.419536
0.810000    0.001615     0.428571
0.820000    0.001410     0.437627
0.830000    0.001230     0.446702
0.840000    0.001073     0.455790
0.850000    0.000937     0.464889
0.860000    0.000817     0.473994
0.870000    0.000713     0.483102
0.880000    0.000622     0.492209
0.890000    0.000542     0.501311
0.900000    0.000473     0.510406
0.910000    0.000413     0.519490
0.920000    0.000360     0.528559
0.930000    0.000315     0.537610
0.940000    0.000275     0.546640
0.950000    0.000240     0.555646
0.960000    0.000210     0.564625
0.970000    0.000183     0.573573
0.980000    0.000160     0.582489
0.990000    0.000140     0.591370
1.000000    0.000123     0.600213
1.010000    0.000108     0.609016
1.020000    0.000095     0.617777
1.030000    0.000083     0.626493
1.040000    0.000073     0.635164
1.050000    0.000064     0.643787
1.060000    0.000056     0.652360
1.070000    0.000050     0.660883
1.080000    0.000044     0.669354
1.090000    0.000038     0.677772
1.100000    0.000034     0.686136
1.110000    0.000030     0.694445
1.120000    0.000026     0.702699
1.130000    0.000023     0.710897
1.140000    0.000021     0.719039
1.150000    0.000018     0.727125
1.160000    0.000016     0.735155
1.170000    0.000014     0.743128
1.180000    0.000013     0.751046
1.190000    0.000011     0.758908
1.200000    0.000010     0.766715
1.210000    0.000009     0.774468
1.220000    0.000008     0.782167
1.230000    0.000007     0.789814
1.240000    0.000006     0.797411
1.250000    0.000006     0.804958
1.260000    0.000005     0.812457
1.270000    0.000005     0.819910
1.280000    0.000004     0.827319
1.290000    0.000004     0.834687
1.300000    0.000003     0.842016
1.310000    0.000003     0.849306
1.320000    0.000003     0.856560
1.330000    0.000002     0.863779
1.340000    0.000002     0.870961
1.350000    0.000002     0.878104
1.360000    0.000002     0.885205
1.370000    0.000002     0.892255
1.380000    0.000001     0.899244
1.390000    0.000001     0.906158
1.400000    0.000001     0.912980
1.410000    0.000001     0.919691
1.420000    0.000001     0.926268
1.430000    0.000001     0.932692
1.440000    0.000001     0.938948
1.450000    0.000001     0.945027
1.460000    0.000001     0.950937
1.470000    0.000001     0.956699
1.480000    0.000001     0.962357
1.490000    0.000000     0.967977
1.500000    0.000000     0.973649
1.510000    0.000000     0.979488
1.520000    0.000000     0.985638
1.530000    0.000000     0.992272
1.540000    0.000000     0.999609
1.550000    0.000000     1.007930
1.560000    0.000000     1.017623
1.570000    0.000000     1.029256
1.580000    0.000000     1.043752
1.590000    0.000000     1.062802
1.600000    0.000000     1.090082
1.610000    0.000000     1.135714
1.620000    0.000000     1.181031
1.630000    0.000000     1.116048
1.640000    0.000000     1.077727
1.650000    0.000000     1.053089
1.660000    0.000000     1.035146
1.670000    0.000000     1.021166
1.680000    0.000000     1.009826
1.690000    0.000000     1.000390
1.700000    0.000000     0.992409
1.710000    0.000000     0.985585
1.720000    0.000000     0.979714
1.730000    0.000000     0.974648
1.740000    0.000000     0.970276
1.750000    0.000001     0.966514
1.760000    0.000001     0.963296
1.770000    0.000001     0.960569
1.780000    0.000001     0.958289
1.790000    0.000001     0.956420
1.800000    0.000001     0.954934
1.810000    0.000001     0.953804
1.820000    0.000001     0.953009
1.830000    0.000001     0.952531
1.840000    0.000001     0.952352
1.850000    0.000001     0.952460
1.860000    0.000001     0.952841
1.870000    0.000001     0.953483
1.880000    0.000001     0.954379
1.890000    0.000001     0.955517
1.900000    0.000001     0.956890
1.910000    0.000001     0.958492
1.920000    0.000001     0.960315
1.930000    0.000001     0.962353
1.940000    0.000001     0.964602
1.950000    0.000001     0.967055
1.960000    0.000000     0.969709
1.970000    0.000000     0.972559
1.980000    0.000000     0.975602
1.990000    0.000000     0.978834
2.000000    0.000000     0.982252
2.010000    0.000000     0.985854
2.020000    0.000000     0.989635
2.030000    0.000000     0.993595
2.040000    0.000000     0.997731
2.050000    0.000000     1.002040
2.060000    0.000000     1.006523
2.070000    0.000000     1.011177
2.080000    0.000000     1.016002
2.090000    0.000000     1.020998
2.100000    0.000000     1.026166
2.110000    0.000000     1.031506
2.120000    0.000000     1.037020
2.130000    0.000000     1.042707
2.140000    0.000000     1.048564
2.150000    0.000000     1.054584
2.160000    0.000000     1.060755
2.170000    0.000000     1.067057
2.180000    0.000000     1.073468
2.190000    0.000000     1.079964
2.200000    0.000000     1.086535
2.210000    0.000000     1.093200
2.220000    0.000000     1.100034
2.230000    0.000000     1.107189
2.240000    0.000000     1.114926
2.250000    0.000000     1.123636
2.260000    0.000000     1.133868
2.270000    0.000000     1.146359
2.280000    0.000000     1.161945
2.290000    0.000000     1.180597
2.300000    0.000000     1.195959
2.310000    0.000000     1.190627
2.320000    0.000000     1.168618
2.330000    0.000000     1.145928
2.340000    0.000000     1.126204
2.350000    0.000000     1.108788
2.360000    0.000000     1.092534
2.370000    0.000000     1.076452
2.380000    0.000000     1.059842
2.390000    0.000000     1.042356
2.400000    0.000000     1.023963
2.410000    0.000000     1.004833
2.420000    0.000000     0.985198
2.430000    0.000001     0.965262
2.440000    0.000001     0.945169
2.450000    0.000001     0.925013
2.460000    0.000001     0.904849
2.470000    0.000002     0.884713
2.480000    0.000002     0.864631
2.490000    0.000003     0.844625
2.500000    0.000004     0.824719
2.510000    0.000006     0.804937
2.520000    0.000008     0.785304
2.530000    0.000010     0.765845
2.540000    0.000014     0.746585
2.550000    0.000018     0.727547
2.560000    0.000024     0.708753
2.570000    0.000032     0.690224
2.580000    0.000042     0.671975
2.590000    0.000055     0.654024
2.600000    0.000072     0.636382
2.610000    0.000093     0.619061
2.620000    0.000120     0.602069
2.630000    0.000154     0.585413
2.640000    0.000196     0.569096
2.650000    0.000249     0.553123
2.660000    0.000315     0.537494
2.670000    0.000396     0.522211
2.680000    0.000496     0.507272
2.690000    0.000617     0.492675
2.700000    0.000765     0.478418
2.710000    0.000942     0.464497
2.720000    0.001155     0.450910
2.730000    0.001409     0.437651
2.740000    0.001711     0.424717
2.750000    0.002067     0.412102
2.760000    0.002486     0.399801
2.770000    0.002976     0.387809
2.780000    0.003546     0.376122
2.790000    0.004207     0.364733
2.800000    0.004969     0.353637
2.810000    0.005843     0.342830
2.820000    0.006843     0.332306
2.830000    0.007979     0.322059
2.840000    0.009267     0.312085
2.850000    0.010720     0.302378
2.860000    0.012351     0.292934
2.870000    0.014176     0.283747
2.880000    0.016209     0.274813
2.890000    0.018464     0.266127
2.900000    0.020957     0.257685
2.910000    0.023701     0.249482
2.920000    0.026711     0.241513
2.930000    0.029998     0.233774
2.940000    0.033576     0.226262
2.950000    0.037456     0.218972
2.960000    0.041648     0.211900
2.970000    0.046161     0.205042
2.980000    0.051001     0.198394
2.990000    0.056174     0.191953
3.000000    0.061685     0.185715
3.010000    0.067533     0.179676
3.020000    0.073719     0.173833
3.030000    0.080239     0.168183
3.040000    0.087089     0.162722
3.050000    0.094261     0.157446
3.060000    0.101743     0.152353
3.070000    0.109525     0.147440
3.080000    0.117590     0.142703
3.090000    0.125921     0.138140
3.100000    0.134498     0.133747
3.110000    0.143299     0.129521
3.120000    0.152299     0.125460
3.130000    0.161473     0.121561
3.140000    0.170791     0.117821
3.150000    0.180224     0.114237
3.160000    0.189741     0.110806
3.170000    0.199309     0.107526
3.180000    0.208895     0.104395
3.190000    0.218464     0.101409
3.200000    0.227982     0.098566
3.210000    0.237414     0.095863
3.220000    0.246724     0.093299
3.230000    0.255879     0.090870
3.240000    0.264845     0.088574
3.250000    0.273589     0.086409
3.260000    0.282077     0.084372
3.270000    0.290281     0.082460
3.280000    0.298170     0.080673
3.290000    0.305718     0.079006
3.300000    0.312897     0.077459
3.310000    0.319686     0.076028
3.320000    0.326061     0.074711
3.330000    0.332005     0.073507
3.340000    0.337500     0.072413
3.350000    0.342532     0.071426
3.360000    0.347088     0.070545
3.370000    0.351160     0.069768
3.380000    0.354739     0.069092
3.390000    0.357821     0.068515
3.400000    0.360404     0.068035
3.410000    0.362488     0.067651
3.420000    0.364074     0.067360
3.430000    0.365167     0.067160
3.440000    0.365774     0.067049
3.450000    0.365903     0.067026
3.460000    0.365563     0.067088
3.470000    0.364766     0.067233
3.480000    0.363526     0.067460
3.490000    0.361856     0.067767
3.500000    0.359773     0.068152
3.510000    0.357292     0.068613
3.520000    0.354433     0.069149
3.530000    0.351213     0.069758
3.540000    0.347650     0.070437
3.550000    0.343766     0.071186
3.560000    0.339579     0.072003
3.570000    0.335109     0.072887
3.580000    0.330377     0.073835
3.590000    0.325403     0.074846
3.600000    0.320207     0.075919
3.610000    0.314808     0.077053
3.620000    0.309227     0.078245
3.630000    0.303483     0.079495
3.640000    0.297593     0.080802
3.650000    0.291577     0.082163
3.660000    0.285453     0.083579
3.670000    0.279236     0.085046
3.680000    0.272945     0.086566
3.690000    0.266593     0.088135
3.700000    0.260198     0.089754
3.710000    0.253772     0.091421
3.720000    0.247330     0.093135
3.730000    0.240884     0.094896
3.740000    0.234447     0.096702
3.750000    0.228031     0.098552
3.760000    0.221644     0.100445
3.770000    0.215299     0.102382
3.780000    0.209004     0.104360
3.790000    0.202767     0.106380
3.800000    0.196597     0.108440
3.810000    0.190500     0.110540
3.820000    0.184484     0.112680
3.830000    0.178554     0.114858
3.840000    0.172716     0.117074
3.850000    0.166974     0.119328
3.860000    0.161334     0.121619
3.870000    0.155798     0.123946
3.880000    0.150371     0.126310
3.890000    0.145055     0.128710
3.900000    0.139852     0.131145
3.910000    0.134764     0.133615
3.920000    0.129794     0.136120
3.930000    0.124943     0.138660
3.940000    0.120211     0.141234
3.950000    0.115599     0.143842
3.960000    0.111107     0.146484
3.970000    0.106737     0.149159
3.980000    0.102486     0.151869
3.990000    0.098356     0.154611
4.000000    0.094345     0.157387
4.010000    0.090453     0.160195
4.020000    0.086678     0.163037
4.030000    0.083020     0.165912
4.040000    0.079477     0.168819
4.050000    0.076048     0.171760
4.060000    0.072731     0.174733
4.070000    0.069524     0.177739
4.080000    0.066426     0.180777
4.090000    0.063436     0.183849
4.100000    0.060550     0.186953
4.110000    0.057767     0.190089
4.120000    0.055085     0.193259
4.130000    0.052501     0.196461
4.140000    0.050015     0.199696
4.150000    0.047622     0.202964
4.160000    0.045322     0.206264
4.170000    0.043112     0.209597
4.180000    0.040989     0.212963
4.190000    0.038952     0.216362
4.200000    0.036997     0.219794
4.210000    0.035124     0.223258
4.220000    0.033329     0.226756
4.230000    0.031610     0.230286
4.240000    0.029965     0.233849
4.250000    0.028391     0.237445
4.260000    0.026887     0.241074
4.270000    0.025450     0.244736
4.280000    0.024078     0.248431
4.290000    0.022769     0.252158
4.300000    0.021520     0.255918
4.310000    0.020330     0.259711
4.320000    0.019196     0.263536
4.330000    0.018117     0.267394
4.340000    0.017090     0.271285
4.350000    0.016113     0.275207
4.360000    0.015185     0.279162
4.370000    0.014304     0.283150
4.380000    0.013467     0.287169
4.390000    0.012673     0.291220
4.400000    0.011920     0.295303
4.410000    0.011206     0.299417
4.420000    0.010531     0.303563
4.430000    0.009891     0.307740
4.440000    0.009286     0.311949
4.450000    0.008714     0.316187
4.460000    0.008174     0.320457
4.470000    0.007663     0.324757
4.480000    0.007181     0.329087
4.490000    0.006727     0.333446
4.500000    0.006298     0.337836
4.510000    0.005894     0.342254
4.520000    0.005514     0.346702
4.530000    0.005156     0.351178
4.540000    0.004819     0.355683
4.550000    0.004502     0.360216
4.560000    0.004204     0.364777
4.570000    0.003925     0.369364
4.580000    0.003662     0.373979
4.590000    0.003416     0.378621
4.600000    0.003185     0.383289
4.610000    0.002968     0.387983
4.620000    0.002765     0.392703
4.630000    0.002576     0.397447
4.640000    0.002398     0.402217
4.650000    0.002231     0.407011
4.660000    0.002076     0.411829
4.670000    0.001930     0.416670
4.680000    0.001795     0.421535
4.690000    0.001668     0.426422
4.700000    0.001549     0.431332
4.710000    0.001439     0.436263
4.720000    0.001336     0.441216
4.730000    0.001240     0.446190
4.740000    0.001150     0.451185
4.750000    0.001067     0.456199
4.760000    0.000989     0.461234
4.770000    0.000917     0.466287
4.780000    0.000850     0.471360
4.790000    0.000787     0.476451
4.800000    0.000729     0.481560
4.810000    0.000675     0.486686
4.820000    0.000625     0.491829
4.830000    0.000579     0.496989
4.840000    0.000535     0.502166
4.850000    0.000495     0.507358
4.860000    0.000458     0.512566
4.870000    0.000424     0.517789
4.880000    0.000392     0.523026
4.890000    0.000362     0.528278
4.900000    0.000334     0.533544
4.910000    0.000309     0.538823
4.920000    0.000285     0.544116
4.930000    0.000264     0.549421
4.940000    0.000243     0.554739
4.950000    0.000225     0.560068
4.960000    0.000207     0.565410
4.970000    0.000191     0.570762
4.980000    0.000177     0.576126
4.990000    0.000163     0.581501
5.000000    0.000150     0.586888
